Time,UE,Dir,Delay,Jitter,Throughput,PDR
4,0,DL,0,0,0,0
4,0,UL,0,0,0,0
4,1,DL,0,0,0,0
4,1,UL,0,0,0,0
4,2,DL,0,0,0,0
4,2,UL,0,0,0,0
4,3,DL,0,0,0,0
4,3,UL,0,0,0,0
4,4,DL,0,0,0,0
4,4,UL,0,0,0,0
4,5,DL,0,0,0,0
4,5,UL,0,0,0,0
4,6,DL,0,0,0,0
4,6,UL,0,0,0,0
4,7,DL,0,0,0,0
4,7,UL,0,0,0,0
4,8,DL,0,0,0,0
4,8,UL,0,0,0,0
4,9,DL,0,0,0,0
4,9,UL,0,0,0,0
4,10,DL,0,0,0,0
4,10,UL,0,0,0,0
4,11,DL,0,0,0,0
4,11,UL,0,0,0,0
4,12,DL,0,0,0,0
4,12,UL,0,0,0,0
4,13,DL,0,0,0,0
4,13,UL,0,0,0,0
4,14,DL,0,0,0,0
4,14,UL,0,0,0,0
4,15,DL,0,0,0,0
4,15,UL,0,0,0,0
4,16,DL,0,0,0,0
4,16,UL,0,0,0,0
4,17,DL,0,0,0,0
4,17,UL,0,0,0,0
4,18,DL,0,0,0,0
4,18,UL,0,0,0,0
4,19,DL,0,0,0,0
4,19,UL,0,0,0,0
6,0,DL,0,0,0,0
6,0,UL,0,0,0,0
6,1,DL,0,0,0,0
6,1,UL,0,0,0,0
6,2,DL,0,0,0,0
6,2,UL,0,0,0,0
6,3,DL,0,0,0,0
6,3,UL,0,0,0,0
6,4,DL,0,0,0,0
6,4,UL,0,0,0,0
6,5,DL,0.0147452,0.00829032,0.121567,12.4
6,5,UL,0,0,0,0
6,6,DL,0,0,0,0
6,6,UL,0,0,0,0
6,7,DL,0.0111,0,0.00392151,0.4
6,7,UL,0,0,0,0
6,8,DL,0,0,0,0
6,8,UL,0,0,0,0
6,9,DL,0,0,0,0
6,9,UL,0,0,0,0
6,10,DL,0.179989,0.0243333,0.0705872,7.2
6,10,UL,0,0,0,0
6,11,DL,0,0,0,0
6,11,UL,0,0,0,0
6,12,DL,0,0,0,0
6,12,UL,0,0,0,0
6,13,DL,0.00609999,0.00233333,0.0235291,2.4
6,13,UL,0,0,0,0
6,14,DL,0,0,0,0
6,14,UL,0,0,0,0
6,15,DL,0,0,0,0
6,15,UL,0,0,0,0
6,16,DL,0,0,0,0
6,16,UL,0,0,0,0
6,17,DL,0,0,0,0
6,17,UL,0,0,0,0
6,18,DL,0.18282,0.0126829,0.321564,32.8
6,18,UL,0.0700316,0.0239994,0.015686,8.51064
6,19,DL,0,0,0,0
6,19,UL,0,0,0,0
8,0,DL,0,0,0,0
8,0,UL,0,0,0,0
8,1,DL,0,0,0,0
8,1,UL,0,0,0,0
8,2,DL,0,0,0,0
8,2,UL,0,0,0,0
8,3,DL,0,0,0,0
8,3,UL,0,0,0,0
8,4,DL,0,0,0,0
8,4,UL,0,0,0,0
8,5,DL,0,0,0,0
8,5,UL,0,0,0,0
8,6,DL,0,0,0,0
8,6,UL,0,0,0,0
8,7,DL,0,0,0,0
8,7,UL,0,0,0,0
8,8,DL,0,0,0,0
8,8,UL,0,0,0,0
8,9,DL,0,0,0,0
8,9,UL,0,0,0,0
8,10,DL,0,0,0,0
8,10,UL,0,0,0,0
8,11,DL,0,0,0,0
8,11,UL,0,0,0,0
8,12,DL,0,0,0,0
8,12,UL,0,0,0,0
8,13,DL,0,0,0,0
8,13,UL,0,0,0,0
8,14,DL,0,0,0,0
8,14,UL,0,0,0,0
8,15,DL,0,0,0,0
8,15,UL,0,0,0,0
8,16,DL,0,0,0,0
8,16,UL,0,0,0,0
8,17,DL,0,0,0,0
8,17,UL,0,0,0,0
8,18,DL,0,0,0,0
8,18,UL,0,0,0,0
8,19,DL,0,0,0,0
8,19,UL,0,0,0,0
10,0,DL,0,0,0,0
10,0,UL,0,0,0,0
10,1,DL,0,0,0,0
10,1,UL,0,0,0,0
10,2,DL,0,0,0,0
10,2,UL,0,0,0,0
10,3,DL,5.08503,0.00533333,0.0117645,1.2
10,3,UL,0,0,0,0
10,4,DL,5.39526,0.0181538,0.101959,10.4
10,4,UL,0,0,0,0
10,5,DL,0,0,0,0
10,5,UL,0,0,0,0
10,6,DL,1.37143,0.00466667,0.0117645,1.2
10,6,UL,0,0,0,0
10,7,DL,0,0,0,0
10,7,UL,0,0,0,0
10,8,DL,0,0,0,0
10,8,UL,0,0,0,0
10,9,DL,0,0,0,0
10,9,UL,0,0,0,0
10,10,DL,0,0,0,0
10,10,UL,0,0,0,0
10,11,DL,0,0,0,0
10,11,UL,0,0,0,0
10,12,DL,0,0,0,0
10,12,UL,0,0,0,0
10,13,DL,0,0,0,0
10,13,UL,0,0,0,0
10,14,DL,0,0,0,0
10,14,UL,0,0,0,0
10,15,DL,0,0,0,0
10,15,UL,0,0,0,0
10,16,DL,5.73798,0.0114615,0.101959,10.4
10,16,UL,0,0,0,0
10,17,DL,0,0,0,0
10,17,UL,0,0,0,0
10,18,DL,0,0,0,0
10,18,UL,0,0,0,0
10,19,DL,0,0,0,0
10,19,UL,0,0,0,0
12,0,DL,0,0,0,0
12,0,UL,0,0,0,0
12,1,DL,6.89516,0.0224397,0.454895,46.4
12,1,UL,0,0,0,0
12,2,DL,0,0,0,0
12,2,UL,0,0,0,0
12,3,DL,0,0,0,0
12,3,UL,0,0,0,0
12,4,DL,7.74055,0.270103,0.0352936,3.6
12,4,UL,0,0,0,0
12,5,DL,0,0,0,0
12,5,UL,0,0,0,0
12,6,DL,1.8275,0.1174,0.0196075,2
12,6,UL,0,0,0,0
12,7,DL,6.1741,1.5575,0.015686,1.6
12,7,UL,0,0,0,0
12,8,DL,0,0,0,0
12,8,UL,0,0,0,0
12,9,DL,0,0,0,0
12,9,UL,0,0,0,0
12,10,DL,6.39614,0.134429,0.192154,19.6
12,10,UL,0,0,0,0
12,11,DL,6.34006,0.0234792,0.188232,19.2
12,11,UL,0,0,0,0
12,12,DL,0,0,0,0
12,12,UL,0,0,0,0
12,13,DL,0,0,0,0
12,13,UL,0,0,0,0
12,14,DL,6.65265,0.0457273,0.0431366,4.4
12,14,UL,0,0,0,0
12,15,DL,0,0,0,0
12,15,UL,0,0,0,0
12,16,DL,5.92576,0.0382295,0.239212,24.4
12,16,UL,0,0,0,0
12,17,DL,0,0,0,0
12,17,UL,0,0,0,0
12,18,DL,6.35479,0.0629758,0.486267,49.6
12,18,UL,0,0,0,0
12,19,DL,0,0,0,0
12,19,UL,0,0,0,0
14,0,DL,0,0,0,0
14,0,UL,0,0,0,0
14,1,DL,7.25202,0.0388462,0.0509796,5.2
14,1,UL,0,0,0,0
14,2,DL,0,0,0,0
14,2,UL,0,0,0,0
14,3,DL,0,0,0,0
14,3,UL,0,0,0,0
14,4,DL,7.69694,0.00657589,0.0627441,6.4
14,4,UL,0,0,0,0
14,5,DL,9.6801,3.17067,0.0117645,1.2
14,5,UL,0,0,0,0
14,6,DL,0,0,0,0
14,6,UL,0,0,0,0
14,7,DL,0,0,0,0
14,7,UL,0,0,0,0
14,8,DL,9.2051,0.0075,0.0627441,6.4
14,8,UL,0,0,0,0
14,9,DL,9.3121,0.00666667,0.0235291,2.4
14,9,UL,0,0,0,0
14,10,DL,0,0,0,0
14,10,UL,0,0,0,0
14,11,DL,8.32128,0.0350141,0.278427,28.4
14,11,UL,0,0,0,0
14,12,DL,8.73075,0.0528824,0.0666656,6.8
14,12,UL,0,0,0,0
14,13,DL,0,0,0,0
14,13,UL,0,0,0,0
14,14,DL,0,0,0,0
14,14,UL,0,0,0,0
14,15,DL,0,0,0,0
14,15,UL,0,0,0,0
14,16,DL,9.08943,0.120944,0.0705872,7.2
14,16,UL,0,0,0,0
14,17,DL,8.23618,0.0144615,0.101959,10.4
14,17,UL,0,0,0,0
14,18,DL,0,0,0,0
14,18,UL,0,0,0,0
14,19,DL,9.19785,0.006375,0.0313721,3.2
14,19,UL,0,0,0,0
16,0,DL,10.2921,0.006,0.015686,1.6
16,0,UL,0,0,0,0
16,1,DL,0,0,0,0
16,1,UL,0,0,0,0
16,2,DL,0,0,0,0
16,2,UL,0,0,0,0
16,3,DL,0,0,0,0
16,3,UL,0,0,0,0
16,4,DL,0,0,0,0
16,4,UL,0,0,0,0
16,5,DL,9.73651,0.0236667,0.105881,10.8
16,5,UL,0,0,0,0
16,6,DL,0,0,0,0
16,6,UL,0,0,0,0
16,7,DL,0,0,0,0
16,7,UL,0,0,0,0
16,8,DL,10.667,0.144667,0.0470581,4.8
16,8,UL,0,0,0,0
16,9,DL,0,0,0,0
16,9,UL,0,0,0,0
16,10,DL,0,0,0,0
16,10,UL,0,0,0,0
16,11,DL,0,0,0,0
16,11,UL,0,0,0,0
16,12,DL,10.4716,0.737,0.00784302,0.8
16,12,UL,0,0,0,0
16,13,DL,0,0,0,0
16,13,UL,0,0,0,0
16,14,DL,0,0,0,0
16,14,UL,0,0,0,0
16,15,DL,0,0,0,0
16,15,UL,0,0,0,0
16,16,DL,0,0,0,0
16,16,UL,0,0,0,0
16,17,DL,0,0,0,0
16,17,UL,0,0,0,0
16,18,DL,0,0,0,0
16,18,UL,0,0,0,0
16,19,DL,0,0,0,0
16,19,UL,0,0,0,0
18,0,DL,0,0,0,0
18,0,UL,0,0,0,0
18,1,DL,0,0,0,0
18,1,UL,0,0,0,0
18,2,DL,0,0,0,0
18,2,UL,0,0,0,0
18,3,DL,0,0,0,0
18,3,UL,0,0,0,0
18,4,DL,0,0,0,0
18,4,UL,0,0,0,0
18,5,DL,0,0,0,0
18,5,UL,0,0,0,0
18,6,DL,0,0,0,0
18,6,UL,0,0,0,0
18,7,DL,0,0,0,0
18,7,UL,0,0,0,0
18,8,DL,0,0,0,0
18,8,UL,0,0,0,0
18,9,DL,0,0,0,0
18,9,UL,0,0,0,0
18,10,DL,0,0,0,0
18,10,UL,0,0,0,0
18,11,DL,0,0,0,0
18,11,UL,0,0,0,0
18,12,DL,0,0,0,0
18,12,UL,0,0,0,0
18,13,DL,0,0,0,0
18,13,UL,0,0,0,0
18,14,DL,0,0,0,0
18,14,UL,0,0,0,0
18,15,DL,0,0,0,0
18,15,UL,0,0,0,0
18,16,DL,0,0,0,0
18,16,UL,0,0,0,0
18,17,DL,0,0,0,0
18,17,UL,0,0,0,0
18,18,DL,0,0,0,0
18,18,UL,0,0,0,0
18,19,DL,0,0,0,0
18,19,UL,0,0,0,0
20,0,DL,0,0,0,0
20,0,UL,0,0,0,0
20,1,DL,0,0,0,0
20,1,UL,0,0,0,0
20,2,DL,0,0,0,0
20,2,UL,0,0,0,0
20,3,DL,0.0110286,2.53475,0.00784302,0.8
20,3,UL,0,0,0,0
20,4,DL,0,0,0,0
20,4,UL,0,0,0,0
20,5,DL,0,0,0,0
20,5,UL,0,0,0,0
20,6,DL,0,0,0,0
20,6,UL,0,0,0,0
20,7,DL,0,0,0,0
20,7,UL,0,0,0,0
20,8,DL,0,0,0,0
20,8,UL,0,0,0,0
20,9,DL,0,0,0,0
20,9,UL,0,0,0,0
20,10,DL,0,0,0,0
20,10,UL,0,0,0,0
20,11,DL,0,0,0,0
20,11,UL,0,0,0,0
20,12,DL,0,0,0,0
20,12,UL,0,0,0,0
20,13,DL,0,0,0,0
20,13,UL,0,0,0,0
20,14,DL,0,0,0,0
20,14,UL,0,0,0,0
20,15,DL,0,0,0,0
20,15,UL,0,0,0,0
20,16,DL,0,0,0,0
20,16,UL,0,0,0,0
20,17,DL,0,0,0,0
20,17,UL,0,0,0,0
20,18,DL,0,0,0,0
20,18,UL,0,0,0,0
20,19,DL,0,0,0,0
20,19,UL,0,0,0,0
22,0,DL,0,0,0,0
22,0,UL,0,0,0,0
22,1,DL,0,0,0,0
22,1,UL,0,0,0,0
22,2,DL,7.38201,0.00771429,0.137253,14
22,2,UL,0,0,0,0
22,3,DL,0,0,0,0
22,3,UL,0,0,0,0
22,4,DL,0,0,0,0
22,4,UL,0,0,0,0
22,5,DL,0,0,0,0
22,5,UL,0,0,0,0
22,6,DL,0,0,0,0
22,6,UL,0,0,0,0
22,7,DL,0,0,0,0
22,7,UL,0,0,0,0
22,8,DL,0,0,0,0
22,8,UL,0,0,0,0
22,9,DL,0,0,0,0
22,9,UL,0,0,0,0
22,10,DL,0,0,0,0
22,10,UL,0,0,0,0
22,11,DL,0,0,0,0
22,11,UL,0,0,0,0
22,12,DL,0,0,0,0
22,12,UL,0,0,0,0
22,13,DL,0,0,0,0
22,13,UL,0,0,0,0
22,14,DL,0,0,0,0
22,14,UL,0,0,0,0
22,15,DL,0,0,0,0
22,15,UL,0,0,0,0
22,16,DL,0,0,0,0
22,16,UL,0,0,0,0
22,17,DL,0,0,0,0
22,17,UL,0,0,0,0
22,18,DL,0,0,0,0
22,18,UL,0,0,0,0
22,19,DL,0,0,0,0
22,19,UL,0,0,0,0
24,0,DL,0,0,0,0
24,0,UL,0,0,0,0
24,1,DL,0,0,0,0
24,1,UL,0,0,0,0
24,2,DL,0,0,0,0
24,2,UL,0,0,0,0
24,3,DL,0,0,0,0
24,3,UL,0,0,0,0
24,4,DL,0,0,0,0
24,4,UL,0,0,0,0
24,5,DL,0,0,0,0
24,5,UL,0,0,0,0
24,6,DL,0,0,0,0
24,6,UL,0,0,0,0
24,7,DL,0,0,0,0
24,7,UL,0,0,0,0
24,8,DL,0,0,0,0
24,8,UL,0,0,0,0
24,9,DL,0,0,0,0
24,9,UL,0,0,0,0
24,10,DL,0,0,0,0
24,10,UL,0,0,0,0
24,11,DL,0,0,0,0
24,11,UL,0,0,0,0
24,12,DL,0,0,0,0
24,12,UL,0,0,0,0
24,13,DL,0,0,0,0
24,13,UL,0,0,0,0
24,14,DL,0,0,0,0
24,14,UL,0,0,0,0
24,15,DL,0,0,0,0
24,15,UL,0,0,0,0
24,16,DL,0,0,0,0
24,16,UL,0,0,0,0
24,17,DL,0,0,0,0
24,17,UL,0,0,0,0
24,18,DL,0,0,0,0
24,18,UL,0,0,0,0
24,19,DL,0,0,0,0
24,19,UL,0,0,0,0
26,0,DL,0,0,0,0
26,0,UL,0,0,0,0
26,1,DL,0,0,0,0
26,1,UL,0,0,0,0
26,2,DL,0,0,0,0
26,2,UL,0,0,0,0
26,3,DL,5.5291,1.38827,0.015686,1.6
26,3,UL,0,0,0,0
26,4,DL,0,0,0,0
26,4,UL,0,0,0,0
26,5,DL,0,0,0,0
26,5,UL,0,0,0,0
26,6,DL,0,0,0,0
26,6,UL,0,0,0,0
26,7,DL,0,0,0,0
26,7,UL,0,0,0,0
26,8,DL,0,0,0,0
26,8,UL,0,0,0,0
26,9,DL,0,0,0,0
26,9,UL,0,0,0,0
26,10,DL,0,0,0,0
26,10,UL,0,0,0,0
26,11,DL,0,0,0,0
26,11,UL,0,0,0,0
26,12,DL,0,0,0,0
26,12,UL,0,0,0,0
26,13,DL,0,0,0,0
26,13,UL,0,0,0,0
26,14,DL,0,0,0,0
26,14,UL,0,0,0,0
26,15,DL,0,0,0,0
26,15,UL,0,0,0,0
26,16,DL,0,0,0,0
26,16,UL,0,0,0,0
26,17,DL,0,0,0,0
26,17,UL,0,0,0,0
26,18,DL,0,0,0,0
26,18,UL,0,0,0,0
26,19,DL,0,0,0,0
26,19,UL,0,0,0,0
28,0,DL,0,0,0,0
28,0,UL,0,0,0,0
28,1,DL,0,0,0,0
28,1,UL,0,0,0,0
28,2,DL,0,0,0,0
28,2,UL,0,0,0,0
28,3,DL,0,0,0,0
28,3,UL,0,0,0,0
28,4,DL,0,0,0,0
28,4,UL,0,0,0,0
28,5,DL,0,0,0,0
28,5,UL,0,0,0,0
28,6,DL,0,0,0,0
28,6,UL,0,0,0,0
28,7,DL,0,0,0,0
28,7,UL,0,0,0,0
28,8,DL,0,0,0,0
28,8,UL,0,0,0,0
28,9,DL,0,0,0,0
28,9,UL,0,0,0,0
28,10,DL,0,0,0,0
28,10,UL,0,0,0,0
28,11,DL,0,0,0,0
28,11,UL,0,0,0,0
28,12,DL,0,0,0,0
28,12,UL,0,0,0,0
28,13,DL,0,0,0,0
28,13,UL,0,0,0,0
28,14,DL,0,0,0,0
28,14,UL,0,0,0,0
28,15,DL,0,0,0,0
28,15,UL,0,0,0,0
28,16,DL,0,0,0,0
28,16,UL,0,0,0,0
28,17,DL,0,0,0,0
28,17,UL,0,0,0,0
28,18,DL,0,0,0,0
28,18,UL,0,0,0,0
28,19,DL,0,0,0,0
28,19,UL,0,0,0,0
30,0,DL,1.68424,0.97954,0.0352936,3.6
30,0,UL,0,0,0,0
30,1,DL,0,0,0,0
30,1,UL,0,0,0,0
30,2,DL,0,0,0,0
30,2,UL,0,0,0,0
30,3,DL,0,0,0,0
30,3,UL,0,0,0,0
30,4,DL,0,0,0,0
30,4,UL,0,0,0,0
30,5,DL,0,0,0,0
30,5,UL,0,0,0,0
30,6,DL,0,0,0,0
30,6,UL,0,0,0,0
30,7,DL,0,0,0,0
30,7,UL,0,0,0,0
30,8,DL,0,0,0,0
30,8,UL,0,0,0,0
30,9,DL,0,0,0,0
30,9,UL,0,0,0,0
30,10,DL,0,0,0,0
30,10,UL,0,0,0,0
30,11,DL,0,0,0,0
30,11,UL,0,0,0,0
30,12,DL,0,0,0,0
30,12,UL,0,0,0,0
30,13,DL,0,0,0,0
30,13,UL,0,0,0,0
30,14,DL,0.954243,5.89786,0.00392151,0.4
30,14,UL,0,0,0,0
30,15,DL,0,0,0,0
30,15,UL,0,0,0,0
30,16,DL,0,0,0,0
30,16,UL,0,0,0,0
30,17,DL,0,0,0,0
30,17,UL,0,0,0,0
30,18,DL,0,0,0,0
30,18,UL,0,0,0,0
30,19,DL,0,0,0,0
30,19,UL,0,0,0,0
32,0,DL,0,0,0,0
32,0,UL,0,0,0,0
32,1,DL,0,0,0,0
32,1,UL,0,0,0,0
32,2,DL,0,0,0,0
32,2,UL,0,0,0,0
32,3,DL,0,0,0,0
32,3,UL,0,0,0,0
32,4,DL,0,0,0,0
32,4,UL,0,0,0,0
32,5,DL,0,0,0,0
32,5,UL,0,0,0,0
32,6,DL,0,0,0,0
32,6,UL,0,0,0,0
32,7,DL,0,0,0,0
32,7,UL,0,0,0,0
32,8,DL,0,0,0,0
32,8,UL,0,0,0,0
32,9,DL,0,0,0,0
32,9,UL,0,0,0,0
32,10,DL,0,0,0,0
32,10,UL,0,0,0,0
32,11,DL,0,0,0,0
32,11,UL,0,0,0,0
32,12,DL,0,0,0,0
32,12,UL,0,0,0,0
32,13,DL,0,0,0,0
32,13,UL,0,0,0,0
32,14,DL,2.7366,0.472964,0.015686,1.6
32,14,UL,0,0,0,0
32,15,DL,0,0,0,0
32,15,UL,0,0,0,0
32,16,DL,0,0,0,0
32,16,UL,0,0,0,0
32,17,DL,0,0,0,0
32,17,UL,0,0,0,0
32,18,DL,0,0,0,0
32,18,UL,0,0,0,0
32,19,DL,10.009,0.218482,0.015686,1.6
32,19,UL,0,0,0,0
34,0,DL,0,0,0,0
34,0,UL,0,0,0,0
34,1,DL,0,0,0,0
34,1,UL,0,0,0,0
34,2,DL,0,0,0,0
34,2,UL,0,0,0,0
34,3,DL,0,0,0,0
34,3,UL,0,0,0,0
34,4,DL,0,0,0,0
34,4,UL,0,0,0,0
34,5,DL,0,0,0,0
34,5,UL,0,0,0,0
34,6,DL,0,0,0,0
34,6,UL,0,0,0,0
34,7,DL,0,0,0,0
34,7,UL,0,0,0,0
34,8,DL,0,0,0,0
34,8,UL,0,0,0,0
34,9,DL,0,0,0,0
34,9,UL,0,0,0,0
34,10,DL,0,0,0,0
34,10,UL,0,0,0,0
34,11,DL,0,0,0,0
34,11,UL,0,0,0,0
34,12,DL,0,0,0,0
34,12,UL,0,0,0,0
34,13,DL,0,0,0,0
34,13,UL,0,0,0,0
34,14,DL,3.4791,0.17525,0.015686,1.6
34,14,UL,0,0,0,0
34,15,DL,0,0,0,0
34,15,UL,0,0,0,0
34,16,DL,0,0,0,0
34,16,UL,0,0,0,0
34,17,DL,0,0,0,0
34,17,UL,0,0,0,0
34,18,DL,0,0,0,0
34,18,UL,0,0,0,0
34,19,DL,0,0,0,0
34,19,UL,0,0,0,0
36,0,DL,0,0,0,0
36,0,UL,0,0,0,0
36,1,DL,0,0,0,0
36,1,UL,0,0,0,0
36,2,DL,0,0,0,0
36,2,UL,0,0,0,0
36,3,DL,0,0,0,0
36,3,UL,0,0,0,0
36,4,DL,0,0,0,0
36,4,UL,0,0,0,0
36,5,DL,0,0,0,0
36,5,UL,0,0,0,0
36,6,DL,0.00902856,1.89407,0.00392151,0.4
36,6,UL,0,0,0,0
36,7,DL,0,0,0,0
36,7,UL,0,0,0,0
36,8,DL,0,0,0,0
36,8,UL,0,0,0,0
36,9,DL,2.26992,0.379409,0.0862732,8.8
36,9,UL,0,0,0,0
36,10,DL,0,0,0,0
36,10,UL,0,0,0,0
36,11,DL,0,0,0,0
36,11,UL,0,0,0,0
36,12,DL,0,0,0,0
36,12,UL,0,0,0,0
36,13,DL,0,0,0,0
36,13,UL,0,0,0,0
36,14,DL,0,0,0,0
36,14,UL,0,0,0,0
36,15,DL,0,0,0,0
36,15,UL,0,0,0,0
36,16,DL,0,0,0,0
36,16,UL,0,0,0,0
36,17,DL,0,0,0,0
36,17,UL,0,0,0,0
36,18,DL,0,0,0,0
36,18,UL,0,0,0,0
36,19,DL,0,0,0,0
36,19,UL,0,0,0,0
38,0,DL,0,0,0,0
38,0,UL,0,0,0,0
38,1,DL,0,0,0,0
38,1,UL,0,0,0,0
38,2,DL,0,0,0,0
38,2,UL,0,0,0,0
38,3,DL,0,0,0,0
38,3,UL,0,0,0,0
38,4,DL,0,0,0,0
38,4,UL,0,0,0,0
38,5,DL,0,0,0,0
38,5,UL,0,0,0,0
38,6,DL,0,0,0,0
38,6,UL,0,0,0,0
38,7,DL,0,0,0,0
38,7,UL,0,0,0,0
38,8,DL,0,0,0,0
38,8,UL,0,0,0,0
38,9,DL,4.4831,0.204444,0.0352936,3.6
38,9,UL,0,0,0,0
38,10,DL,0,0,0,0
38,10,UL,0,0,0,0
38,11,DL,0,0,0,0
38,11,UL,0,0,0,0
38,12,DL,0,0,0,0
38,12,UL,0,0,0,0
38,13,DL,0,0,0,0
38,13,UL,0,0,0,0
38,14,DL,0,0,0,0
38,14,UL,0,0,0,0
38,15,DL,0,0,0,0
38,15,UL,0,0,0,0
38,16,DL,0,0,0,0
38,16,UL,0,0,0,0
38,17,DL,0,0,0,0
38,17,UL,0,0,0,0
38,18,DL,0,0,0,0
38,18,UL,0,0,0,0
38,19,DL,0,0,0,0
38,19,UL,0,0,0,0
