Time,UE,Dir,Delay,Jitter,Throughput,PDR
4,0,DL,0,0,0,0
4,0,UL,0,0,0,0
4,1,DL,0,0,0,0
4,1,UL,0,0,0,0
4,2,DL,0,0,0,0
4,2,UL,0,0,0,0
4,3,DL,1.06135,0.0194798,0.757042,15.8333
4,3,UL,0.247264,0.000243343,0.0922852,75.6
4,4,DL,0,0,0,0
4,4,UL,0,0,0,0
4,5,DL,0,0,0,0
4,5,UL,0,0,0,0
4,6,DL,0,0,0,0
4,6,UL,0,0,0,0
4,7,DL,0,0,0,0
4,7,UL,0,0,0,0
4,8,DL,0.658525,0.0117314,1.3542,28.3333
4,8,UL,0,0,0,0
4,9,DL,0,0,0,0
4,9,UL,0,0,0,0
4,10,DL,0,0,0,0
4,10,UL,0,0,0,0
4,11,DL,0,0,0,0
4,11,UL,0,0,0,0
4,12,DL,0,0,0,0
4,12,UL,0,0,0,0
4,13,DL,0.543819,0.0209118,0.994568,20.6612
4,13,UL,0,0,0,0
4,14,DL,0,0,0,0
4,14,UL,0,0,0,0
4,15,DL,0,0,0,0
4,15,UL,0,0,0,0
4,16,DL,0,0,0,0
4,16,UL,0,0,0,0
4,17,DL,0,0,0,0
4,17,UL,0,0,0,0
4,18,DL,0,0,0,0
4,18,UL,0,0,0,0
4,19,DL,0,0,0,0
4,19,UL,0.00620556,0.000184729,0.121582,99.6
4,20,DL,0,0,0,0
4,20,UL,0,0,0,0
4,21,DL,0,0,0,0
4,21,UL,0,0,0,0
4,22,DL,0,0,0,0
4,22,UL,0,0,0,0
4,23,DL,0,0,0,0
4,23,UL,0,0,0,0
4,24,DL,0,0,0,0
4,24,UL,0,0,0,0
4,25,DL,0,0,0,0
4,25,UL,0,0,0,0
4,26,DL,0.535526,0.0206771,1.03511,21.4876
4,26,UL,0.247753,0.000753965,0.0297852,24.4
4,27,DL,0,0,0,0
4,27,UL,0,0,0,0
4,28,DL,0.419133,0.0111469,1.2747,26.6667
4,28,UL,0,0,0,0
4,29,DL,0,0,0,0
4,29,UL,0,0,0,0
4,30,DL,0,0,0,0
4,30,UL,0,0,0,0
4,31,DL,0,0,0,0
4,31,UL,0,0,0,0
4,32,DL,0,0,0,0
4,32,UL,0,0,0,0
4,33,DL,0,0,0,0
4,33,UL,0,0,0,0
4,34,DL,0,0,0,0
4,34,UL,0,0,0,0
4,35,DL,0,0,0,0
4,35,UL,0,0,0,0
4,36,DL,0,0,0,0
4,36,UL,0,0,0,0
4,37,DL,0,0,0,0
4,37,UL,0,0,0,0
4,38,DL,0,0,0,0
4,38,UL,0,0,0,0
4,39,DL,0,0,0,0
4,39,UL,0,0,0,0
4,40,DL,0,0,0,0
4,40,UL,0,0,0,0
4,41,DL,0,0,0,0
4,41,UL,0,0,0,0
4,42,DL,0.612093,0.0115594,2.47063,51.6667
4,42,UL,0.247265,0.000243344,0.0922852,75.6
4,43,DL,0,0,0,0
4,43,UL,0,0,0,0
4,44,DL,0.551665,0.0214929,0.99667,20.6612
4,44,UL,0.247265,0.000243344,0.0922852,75.6
4,45,DL,0,0,0,0
4,45,UL,0,0,0,0
4,46,DL,0,0,0,0
4,46,UL,0,0,0,0
4,47,DL,0,0,0,0
4,47,UL,0,0,0,0
4,48,DL,0,0,0,0
4,48,UL,0,0,0,0
4,49,DL,0,0,0,0
4,49,UL,0.00620583,0.000184729,0.121582,99.6
4,50,DL,0,0,0,0
4,50,UL,0,0,0,0
4,51,DL,0.750707,0.0213276,1.79261,37.5
4,51,UL,0,0,0,0
4,52,DL,0,0,0,0
4,52,UL,0,0,0,0
4,53,DL,0,0,0,0
4,53,UL,0,0,0,0
4,54,DL,0,0,0,0
4,54,UL,0,0,0,0
4,55,DL,0,0,0,0
4,55,UL,0,0,0,0
4,56,DL,0,0,0,0
4,56,UL,0,0,0,0
4,57,DL,0,0,0,0
4,57,UL,0,0,0,0
4,58,DL,0,0,0,0
4,58,UL,0,0,0,0
4,59,DL,0,0,0,0
4,59,UL,0,0,0,0
4,60,DL,0,0,0,0
4,60,UL,0,0,0,0
4,61,DL,0,0,0,0
4,61,UL,0,0,0,0
4,62,DL,0,0,0,0
4,62,UL,0,0,0,0
4,63,DL,0,0,0,0
4,63,UL,0,0,0,0
4,64,DL,0,0,0,0
4,64,UL,0,0,0,0
4,65,DL,0.266169,0.00567451,0.915382,19.1667
4,65,UL,0,0,0,0
4,66,DL,0,0,0,0
4,66,UL,0,0,0,0
4,67,DL,0,0,0,0
4,67,UL,0,0,0,0
4,68,DL,0.548523,0.0209607,0.995396,20.6612
4,68,UL,0,0,0,0
4,69,DL,0,0,0,0
4,69,UL,0,0,0,0
4,70,DL,0,0,0,0
4,70,UL,0,0,0,0
4,71,DL,0,0,0,0
4,71,UL,0,0,0,0
4,72,DL,0,0,0,0
4,72,UL,0,0,0,0
4,73,DL,0,0,0,0
4,73,UL,0,0,0,0
4,74,DL,0,0,0,0
4,74,UL,0,0,0,0
4,75,DL,0,0,0,0
4,75,UL,0,0,0,0
4,76,DL,0.0273949,0.00174742,0.199642,4.13223
4,76,UL,0,0,0,0
4,77,DL,0,0,0,0
4,77,UL,0,0,0,0
4,78,DL,0,0,0,0
4,78,UL,0,0,0,0
4,79,DL,0,0,0,0
4,79,UL,0,0,0,0
4,80,DL,0,0,0,0
4,80,UL,0,0,0,0
4,81,DL,0,0,0,0
4,81,UL,0,0,0,0
4,82,DL,0,0,0,0
4,82,UL,0,0,0,0
4,83,DL,0,0,0,0
4,83,UL,0,0,0,0
4,84,DL,0,0,0,0
4,84,UL,0,0,0,0
4,85,DL,0,0,0,0
4,85,UL,0,0,0,0
4,86,DL,0,0,0,0
4,86,UL,0,0,0,0
4,87,DL,0,0,0,0
4,87,UL,0,0,0,0
4,88,DL,0,0,0,0
4,88,UL,0,0,0,0
4,89,DL,0,0,0,0
4,89,UL,0,0,0,0
4,90,DL,0,0,0,0
4,90,UL,0,0,0,0
4,91,DL,0.60516,0.0115759,2.43199,50.4132
4,91,UL,0.247266,0.000243336,0.0922852,75.6
4,92,DL,0,0,0,0
4,92,UL,0,0,0,0
4,93,DL,0,0,0,0
4,93,UL,0,0,0,0
4,94,DL,0.791868,0.0125679,0.636826,13.2231
4,94,UL,0.00620569,0.000184729,0.121582,99.6
4,95,DL,0,0,0,0
4,95,UL,0,0,0,0
4,96,DL,0.0512066,0.0110567,0.15934,3.33333
4,96,UL,0,0,0,0
4,97,DL,0,0,0,0
4,97,UL,0,0,0,0
4,98,DL,0,0,0,0
4,98,UL,0,0,0,0
4,99,DL,0,0,0,0
4,99,UL,0,0,0,0
4,100,DL,0,0,0,0
4,100,UL,0,0,0,0
4,101,DL,0.270161,0.0204479,1.07478,22.314
4,101,UL,0,0,0,0
4,102,DL,0,0,0,0
4,102,UL,0,0,0,0
4,103,DL,0,0,0,0
4,103,UL,0,0,0,0
4,104,DL,0,0,0,0
4,104,UL,0,0,0,0
4,105,DL,0,0,0,0
4,105,UL,0,0,0,0
4,106,DL,0,0,0,0
4,106,UL,0,0,0,0
4,107,DL,0.770647,0.0215901,1.79216,36.8852
4,107,UL,0.247266,0.000243336,0.0922852,75.6
4,108,DL,0,0,0,0
4,108,UL,0,0,0,0
4,109,DL,0,0,0,0
4,109,UL,0,0,0,0
4,110,DL,0,0,0,0
4,110,UL,0,0,0,0
4,111,DL,0,0,0,0
4,111,UL,0,0,0,0
4,112,DL,0,0,0,0
4,112,UL,0,0,0,0
4,113,DL,0.535357,0.0210021,1.99149,41.3223
4,113,UL,0,0,0,0
4,114,DL,0,0,0,0
4,114,UL,0,0,0,0
6,0,DL,1.6093,0.012296,0.598156,12.5
6,0,UL,0,0,0,0
6,1,DL,0,0,0,0
6,1,UL,0,0,0,0
6,2,DL,0,0,0,0
6,2,UL,0,0,0,0
6,3,DL,1.89837,0.0380632,1.43629,30.2521
6,3,UL,0.247032,5.44e-09,0.244141,100
6,4,DL,0.886315,0.0493314,0.996922,20.6612
6,4,UL,0.247186,0.00015917,0.141113,57.8
6,5,DL,0,0,0,0
6,5,UL,0,0,0,0
6,6,DL,0,0,0,0
6,6,UL,0,0,0,0
6,7,DL,0,0,0,0
6,7,UL,0,0,0,0
6,8,DL,0,0,0,0
6,8,UL,0,0,0,0
6,9,DL,0,0,0,0
6,9,UL,0,0,0,0
6,10,DL,0,0,0,0
6,10,UL,0,0,0,0
6,11,DL,0,0,0,0
6,11,UL,0,0,0,0
6,12,DL,0,0,0,0
6,12,UL,0,0,0,0
6,13,DL,1.97525,0.0589803,1.27492,26.8908
6,13,UL,0,0,0,0
6,14,DL,0,0,0,0
6,14,UL,0,0,0,0
6,15,DL,0,0,0,0
6,15,UL,0,0,0,0
6,16,DL,0,0,0,0
6,16,UL,0,0,0,0
6,17,DL,0,0,0,0
6,17,UL,0,0,0,0
6,18,DL,0,0,0,0
6,18,UL,0,0,0,0
6,19,DL,0.751983,0.00802479,0.119667,2.5
6,19,UL,0.0540289,0.0255,0.00195312,0.8
6,20,DL,0,0,0,0
6,20,UL,0,0,0,0
6,21,DL,0,0,0,0
6,21,UL,0,0,0,0
6,22,DL,0,0,0,0
6,22,UL,0,0,0,0
6,23,DL,0,0,0,0
6,23,UL,0,0,0,0
6,24,DL,0,0,0,0
6,24,UL,0,0,0,0
6,25,DL,0,0,0,0
6,25,UL,0.247212,0.000183995,0.12207,50
6,26,DL,0,0,0,0
6,26,UL,0,0,0,0
6,27,DL,0,0,0,0
6,27,UL,0,0,0,0
6,28,DL,0,0,0,0
6,28,UL,0,0,0,0
6,29,DL,0,0,0,0
6,29,UL,0,0,0,0
6,30,DL,0,0,0,0
6,30,UL,0,0,0,0
6,31,DL,0,0,0,0
6,31,UL,0,0,0,0
6,32,DL,0,0,0,0
6,32,UL,0,0,0,0
6,33,DL,0,0,0,0
6,33,UL,0,0,0,0
6,34,DL,0,0,0,0
6,34,UL,0,0,0,0
6,35,DL,0,0,0,0
6,35,UL,0,0,0,0
6,36,DL,0,0,0,0
6,36,UL,0,0,0,0
6,37,DL,0,0,0,0
6,37,UL,0,0,0,0
6,38,DL,0.595474,0.0546043,0.477879,10.084
6,38,UL,0.247137,0.000110294,0.203613,83.4
6,39,DL,0,0,0,0
6,39,UL,0,0,0,0
6,40,DL,0,0,0,0
6,40,UL,0,0,0,0
6,41,DL,0,0,0,0
6,41,UL,0,0,0,0
6,42,DL,1.55367,0.04089,1.35283,28.5714
6,42,UL,0.247032,9.8383e-08,0.183594,75.2
6,43,DL,0,0,0,0
6,43,UL,0,0,0,0
6,44,DL,0,0,0,0
6,44,UL,0.247032,0,0.0302734,12.4
6,45,DL,0,0,0,0
6,45,UL,0,0,0,0
6,46,DL,0,0,0,0
6,46,UL,0,0,0,0
6,47,DL,0,0,0,0
6,47,UL,0,0,0,0
6,48,DL,0,0,0,0
6,48,UL,0,0,0,0
6,49,DL,0,0,0,0
6,49,UL,0.00602899,5.03704e-09,0.0131836,5.4
6,50,DL,0,0,0,0
6,50,UL,0,0,0,0
6,51,DL,1.88829,0.0516874,1.15467,24.1667
6,51,UL,0,0,0,0
6,52,DL,0,0,0,0
6,52,UL,0,0,0,0
6,53,DL,0,0,0,0
6,53,UL,0,0,0,0
6,54,DL,0,0,0,0
6,54,UL,0,0,0,0
6,55,DL,0,0,0,0
6,55,UL,0,0,0,0
6,56,DL,0,0,0,0
6,56,UL,0,0,0,0
6,57,DL,0,0,0,0
6,57,UL,0,0,0,0
6,58,DL,0,0,0,0
6,58,UL,0,0,0,0
6,59,DL,0,0,0,0
6,59,UL,0,0,0,0
6,60,DL,0,0,0,0
6,60,UL,0,0,0,0
6,61,DL,0,0,0,0
6,61,UL,0,0,0,0
6,62,DL,0,0,0,0
6,62,UL,0,0,0,0
6,63,DL,0,0,0,0
6,63,UL,0,0,0,0
6,64,DL,0,0,0,0
6,64,UL,0,0,0,0
6,65,DL,0.333855,0.0265163,0.278698,5.7377
6,65,UL,0,0,0,0
6,66,DL,0,0,0,0
6,66,UL,0,0,0,0
6,67,DL,0,0,0,0
6,67,UL,0,0,0,0
6,68,DL,2.54261,0.308552,0.238953,4.95868
6,68,UL,0,0,0,0
6,69,DL,0.877789,0.0584382,0.836658,17.6471
6,69,UL,0,0,0,0
6,70,DL,0,0,0,0
6,70,UL,0,0,0,0
6,71,DL,0,0,0,0
6,71,UL,0,0,0,0
6,72,DL,0,0,0,0
6,72,UL,0,0,0,0
6,73,DL,0,0,0,0
6,73,UL,0,0,0,0
6,74,DL,0,0,0,0
6,74,UL,0,0,0,0
6,75,DL,0,0,0,0
6,75,UL,0,0,0,0
6,76,DL,1.72239,0.579537,0.119774,2.47934
6,76,UL,0,0,0,0
6,77,DL,1.64409,0.0350867,0.916317,19.1667
6,77,UL,0,0,0,0
6,78,DL,0,0,0,0
6,78,UL,0,0,0,0
6,79,DL,0,0,0,0
6,79,UL,0,0,0,0
6,80,DL,0,0,0,0
6,80,UL,0,0,0,0
6,81,DL,0,0,0,0
6,81,UL,0,0,0,0
6,82,DL,0,0,0,0
6,82,UL,0,0,0,0
6,83,DL,0,0,0,0
6,83,UL,0,0,0,0
6,84,DL,0,0,0,0
6,84,UL,0,0,0,0
6,85,DL,0,0,0,0
6,85,UL,0,0,0,0
6,86,DL,0,0,0,0
6,86,UL,0,0,0,0
6,87,DL,0,0,0,0
6,87,UL,0.247208,0.000183971,0.12207,50
6,88,DL,0,0,0,0
6,88,UL,0,0,0,0
6,89,DL,0,0,0,0
6,89,UL,0,0,0,0
6,90,DL,0,0,0,0
6,90,UL,0,0,0,0
6,91,DL,1.5458,0.0403766,1.3947,29.1667
6,91,UL,0.247033,7.8608e-08,0.244141,100
6,92,DL,0,0,0,0
6,92,UL,0,0,0,0
6,93,DL,0,0,0,0
6,93,UL,0,0,0,0
6,94,DL,0,0,0,0
6,94,UL,0.00843374,0.00038477,0.243652,99.8
6,95,DL,0,0,0,0
6,95,UL,0,0,0,0
6,96,DL,0,0,0,0
6,96,UL,0,0,0,0
6,97,DL,0,0,0,0
6,97,UL,0,0,0,0
6,98,DL,0,0,0,0
6,98,UL,0,0,0,0
6,99,DL,0,0,0,0
6,99,UL,0,0,0,0
6,100,DL,0,0,0,0
6,100,UL,0,0,0,0
6,101,DL,0,0,0,0
6,101,UL,0,0,0,0
6,102,DL,0,0,0,0
6,102,UL,0,0,0,0
6,103,DL,0,0,0,0
6,103,UL,0,0,0,0
6,104,DL,0,0,0,0
6,104,UL,0,0,0,0
6,105,DL,0,0,0,0
6,105,UL,0,0,0,0
6,106,DL,0,0,0,0
6,106,UL,0,0,0,0
6,107,DL,1.8826,0.0305456,1.67387,35
6,107,UL,0.247032,6.8e-09,0.244141,100
6,108,DL,0,0,0,0
6,108,UL,0,0,0,0
6,109,DL,0,0,0,0
6,109,UL,0,0,0,0
6,110,DL,0,0,0,0
6,110,UL,0,0,0,0
6,111,DL,0,0,0,0
6,111,UL,0,0,0,0
6,112,DL,0,0,0,0
6,112,UL,0,0,0,0
6,113,DL,0,0,0,0
6,113,UL,0,0,0,0
6,114,DL,0,0,0,0
6,114,UL,0,0,0,0
8,0,DL,2.42661,0.0590187,0.67775,14.1667
8,0,UL,0,0,0,0
8,1,DL,0,0,0,0
8,1,UL,0,0,0,0
8,2,DL,0,0,0,0
8,2,UL,0,0,0,0
8,3,DL,3.38829,0.0508335,1.19631,25.2101
8,3,UL,0.247032,0,0.0302734,12.4
8,4,DL,2.27839,0.0544969,1.07516,22.5
8,4,UL,0,0,0,0
8,5,DL,0,0,0,0
8,5,UL,0,0,0,0
8,6,DL,0,0,0,0
8,6,UL,0,0,0,0
8,7,DL,0,0,0,0
8,7,UL,0,0,0,0
8,8,DL,0,0,0,0
8,8,UL,0,0,0,0
8,9,DL,0,0,0,0
8,9,UL,0,0,0,0
8,10,DL,0,0,0,0
8,10,UL,0,0,0,0
8,11,DL,0,0,0,0
8,11,UL,0,0,0,0
8,12,DL,0,0,0,0
8,12,UL,0,0,0,0
8,13,DL,3.3916,0.0507054,1.19537,25
8,13,UL,0,0,0,0
8,14,DL,0,0,0,0
8,14,UL,0,0,0,0
8,15,DL,0,0,0,0
8,15,UL,0,0,0,0
8,16,DL,0,0,0,0
8,16,UL,0,0,0,0
8,17,DL,0,0,0,0
8,17,UL,0,0,0,0
8,18,DL,0,0,0,0
8,18,UL,0,0,0,0
8,19,DL,1.38227,0.0765394,0.995564,21.0084
8,19,UL,0,0,0,0
8,20,DL,0,0,0,0
8,20,UL,0,0,0,0
8,21,DL,0,0,0,0
8,21,UL,0,0,0,0
8,22,DL,0,0,0,0
8,22,UL,0,0,0,0
8,23,DL,1.14519,0.0143366,0.239372,5
8,23,UL,0,0,0,0
8,24,DL,0,0,0,0
8,24,UL,0,0,0,0
8,25,DL,0,0,0,0
8,25,UL,0,0,0,0
8,26,DL,0,0,0,0
8,26,UL,0,0,0,0
8,27,DL,0,0,0,0
8,27,UL,0,0,0,0
8,28,DL,0,0,0,0
8,28,UL,0,0,0,0
8,29,DL,0,0,0,0
8,29,UL,0,0,0,0
8,30,DL,0,0,0,0
8,30,UL,0,0,0,0
8,31,DL,0,0,0,0
8,31,UL,0,0,0,0
8,32,DL,0,0,0,0
8,32,UL,0,0,0,0
8,33,DL,0,0,0,0
8,33,UL,0,0,0,0
8,34,DL,0,0,0,0
8,34,UL,0,0,0,0
8,35,DL,0,0,0,0
8,35,UL,0,0,0,0
8,36,DL,0,0,0,0
8,36,UL,0,0,0,0
8,37,DL,0,0,0,0
8,37,UL,0,0,0,0
8,38,DL,2.38311,0.313396,0.199383,4.20168
8,38,UL,0.247032,1.63855e-09,0.0405273,16.6
8,39,DL,0,0,0,0
8,39,UL,0,0,0,0
8,40,DL,0,0,0,0
8,40,UL,0,0,0,0
8,41,DL,0,0,0,0
8,41,UL,0,0,0,0
8,42,DL,3.15731,0.052438,1.15586,23.9669
8,42,UL,0,0,0,0
8,43,DL,0,0,0,0
8,43,UL,0,0,0,0
8,44,DL,0,0,0,0
8,44,UL,0,0,0,0
8,45,DL,0,0,0,0
8,45,UL,0,0,0,0
8,46,DL,0,0,0,0
8,46,UL,0,0,0,0
8,47,DL,0,0,0,0
8,47,UL,0,0,0,0
8,48,DL,0,0,0,0
8,48,UL,0,0,0,0
8,49,DL,0,0,0,0
8,49,UL,0,0,0,0
8,50,DL,0,0,0,0
8,50,UL,0,0,0,0
8,51,DL,3.55209,0.0631666,0.997166,20.6612
8,51,UL,0,0,0,0
8,52,DL,0,0,0,0
8,52,UL,0,0,0,0
8,53,DL,0,0,0,0
8,53,UL,0,0,0,0
8,54,DL,0,0,0,0
8,54,UL,0,0,0,0
8,55,DL,0,0,0,0
8,55,UL,0,0,0,0
8,56,DL,0,0,0,0
8,56,UL,0,0,0,0
8,57,DL,0,0,0,0
8,57,UL,0,0,0,0
8,58,DL,0,0,0,0
8,58,UL,0,0,0,0
8,59,DL,0,0,0,0
8,59,UL,0,0,0,0
8,60,DL,0,0,0,0
8,60,UL,0,0,0,0
8,61,DL,2.79873,0.017045,0.119308,2.5
8,61,UL,0,0,0,0
8,62,DL,0,0,0,0
8,62,UL,0,0,0,0
8,63,DL,0,0,0,0
8,63,UL,0,0,0,0
8,64,DL,0,0,0,0
8,64,UL,0.247208,0.000183971,0.12207,50
8,65,DL,0,0,0,0
8,65,UL,0,0,0,0
8,66,DL,0,0,0,0
8,66,UL,0,0,0,0
8,67,DL,0,0,0,0
8,67,UL,0,0,0,0
8,68,DL,3.3906,0.0508478,1.1953,24.7934
8,68,UL,0,0,0,0
8,69,DL,2.0416,0.0631899,0.637486,13.2231
8,69,UL,0,0,0,0
8,70,DL,0,0,0,0
8,70,UL,0,0,0,0
8,71,DL,0,0,0,0
8,71,UL,0,0,0,0
8,72,DL,0,0,0,0
8,72,UL,0,0,0,0
8,73,DL,0,0,0,0
8,73,UL,0,0,0,0
8,74,DL,0,0,0,0
8,74,UL,0,0,0,0
8,75,DL,0,0,0,0
8,75,UL,0,0,0,0
8,76,DL,0,0,0,0
8,76,UL,0,0,0,0
8,77,DL,3.62816,0.0978457,0.796356,16.6667
8,77,UL,0,0,0,0
8,78,DL,0,0,0,0
8,78,UL,0,0,0,0
8,79,DL,0,0,0,0
8,79,UL,0,0,0,0
8,80,DL,0,0,0,0
8,80,UL,0,0,0,0
8,81,DL,0,0,0,0
8,81,UL,0,0,0,0
8,82,DL,0,0,0,0
8,82,UL,0,0,0,0
8,83,DL,0,0,0,0
8,83,UL,0,0,0,0
8,84,DL,0,0,0,0
8,84,UL,0,0,0,0
8,85,DL,0,0,0,0
8,85,UL,0,0,0,0
8,86,DL,0,0,0,0
8,86,UL,0,0,0,0
8,87,DL,0,0,0,0
8,87,UL,0,0,0,0
8,88,DL,0,0,0,0
8,88,UL,0,0,0,0
8,89,DL,0,0,0,0
8,89,UL,0,0,0,0
8,90,DL,0,0,0,0
8,90,UL,0,0,0,0
8,91,DL,3.17536,0.0529773,1.15494,24.1667
8,91,UL,0.247032,2.448e-09,0.244141,100
8,92,DL,0,0,0,0
8,92,UL,0,0,0,0
8,93,DL,0,0,0,0
8,93,UL,0,0,0,0
8,94,DL,0,0,0,0
8,94,UL,0.00602884,0,0.000976562,0.4
8,95,DL,0,0,0,0
8,95,UL,0,0,0,0
8,96,DL,0,0,0,0
8,96,UL,0,0,0,0
8,97,DL,0.661552,0.0428311,0.836975,17.3554
8,97,UL,0,0,0,0
8,98,DL,0,0,0,0
8,98,UL,0,0,0,0
8,99,DL,0,0,0,0
8,99,UL,0,0,0,0
8,100,DL,0,0,0,0
8,100,UL,0,0,0,0
8,101,DL,0,0,0,0
8,101,UL,0,0,0,0
8,102,DL,0,0,0,0
8,102,UL,0,0,0,0
8,103,DL,0,0,0,0
8,103,UL,0,0,0,0
8,104,DL,1.45767,0.0114167,1.07647,22.6891
8,104,UL,0,0,0,0
8,105,DL,0,0,0,0
8,105,UL,0,0,0,0
8,106,DL,0,0,0,0
8,106,UL,0,0,0,0
8,107,DL,3.39927,0.08885,0.637882,13.2231
8,107,UL,0.247032,2.448e-09,0.244141,100
8,108,DL,0,0,0,0
8,108,UL,0,0,0,0
8,109,DL,0,0,0,0
8,109,UL,0,0,0,0
8,110,DL,0,0,0,0
8,110,UL,0,0,0,0
8,111,DL,0,0,0,0
8,111,UL,0,0,0,0
8,112,DL,0,0,0,0
8,112,UL,0,0,0,0
8,113,DL,0,0,0,0
8,113,UL,0,0,0,0
8,114,DL,0,0,0,0
8,114,UL,0,0,0,0
10,0,DL,0,0,0,0
10,0,UL,0,0,0,0
10,1,DL,0,0,0,0
10,1,UL,0,0,0,0
10,2,DL,0,0,0,0
10,2,UL,0,0,0,0
10,3,DL,4.64674,0.052607,0.717045,15
10,3,UL,0,0,0,0
10,4,DL,3.77425,0.0525342,1.15636,24.1667
10,4,UL,0,0,0,0
10,5,DL,0,0,0,0
10,5,UL,0,0,0,0
10,6,DL,0,0,0,0
10,6,UL,0,0,0,0
10,7,DL,0,0,0,0
10,7,UL,0,0,0,0
10,8,DL,2.91082,0.151942,0.596931,12.605
10,8,UL,0,0,0,0
10,9,DL,0,0,0,0
10,9,UL,0,0,0,0
10,10,DL,0,0,0,0
10,10,UL,0,0,0,0
10,11,DL,0,0,0,0
10,11,UL,0,0,0,0
10,12,DL,0,0,0,0
10,12,UL,0,0,0,0
10,13,DL,4.64853,0.0526816,0.717434,15
10,13,UL,0,0,0,0
10,14,DL,0,0,0,0
10,14,UL,0,0,0,0
10,15,DL,0,0,0,0
10,15,UL,0,0,0,0
10,16,DL,0,0,0,0
10,16,UL,0,0,0,0
10,17,DL,0,0,0,0
10,17,UL,0,0,0,0
10,18,DL,0,0,0,0
10,18,UL,0,0,0,0
10,19,DL,2.65902,0.0703444,0.797504,16.6667
10,19,UL,0,0,0,0
10,20,DL,0,0,0,0
10,20,UL,0.00620485,0.000183997,0.12207,50
10,21,DL,0,0,0,0
10,21,UL,0,0,0,0
10,22,DL,0,0,0,0
10,22,UL,0,0,0,0
10,23,DL,1.74286,0.0220333,2.07218,43.3333
10,23,UL,0,0,0,0
10,24,DL,0,0,0,0
10,24,UL,0,0,0,0
10,25,DL,0,0,0,0
10,25,UL,0,0,0,0
10,26,DL,0,0,0,0
10,26,UL,0,0,0,0
10,27,DL,0,0,0,0
10,27,UL,0,0,0,0
10,28,DL,0,0,0,0
10,28,UL,0,0,0,0
10,29,DL,0,0,0,0
10,29,UL,0,0,0,0
10,30,DL,0,0,0,0
10,30,UL,0,0,0,0
10,31,DL,0,0,0,0
10,31,UL,0,0,0,0
10,32,DL,0,0,0,0
10,32,UL,0,0,0,0
10,33,DL,0,0,0,0
10,33,UL,0,0,0,0
10,34,DL,0,0,0,0
10,34,UL,0,0,0,0
10,35,DL,0,0,0,0
10,35,UL,0,0,0,0
10,36,DL,0,0,0,0
10,36,UL,0,0,0,0
10,37,DL,0,0,0,0
10,37,UL,0,0,0,0
10,38,DL,0,0,0,0
10,38,UL,0,0,0,0
10,39,DL,0,0,0,0
10,39,UL,0,0,0,0
10,40,DL,0,0,0,0
10,40,UL,0,0,0,0
10,41,DL,0,0,0,0
10,41,UL,0,0,0,0
10,42,DL,4.67545,0.0522133,1.15597,24.1667
10,42,UL,0,0,0,0
10,43,DL,0,0,0,0
10,43,UL,0,0,0,0
10,44,DL,0,0,0,0
10,44,UL,0,0,0,0
10,45,DL,0,0,0,0
10,45,UL,0,0,0,0
10,46,DL,0,0,0,0
10,46,UL,0,0,0,0
10,47,DL,0,0,0,0
10,47,UL,0,0,0,0
10,48,DL,0,0,0,0
10,48,UL,0,0,0,0
10,49,DL,0,0,0,0
10,49,UL,0,0,0,0
10,50,DL,0,0,0,0
10,50,UL,0,0,0,0
10,51,DL,5.12844,0.0629721,0.995667,20.6612
10,51,UL,0,0,0,0
10,52,DL,0,0,0,0
10,52,UL,0,0,0,0
10,53,DL,0,0,0,0
10,53,UL,0,0,0,0
10,54,DL,0,0,0,0
10,54,UL,0,0,0,0
10,55,DL,0.0332496,0.0139767,0.159439,3.33333
10,55,UL,0,0,0,0
10,56,DL,0,0,0,0
10,56,UL,0,0,0,0
10,57,DL,0,0,0,0
10,57,UL,0,0,0,0
10,58,DL,0,0,0,0
10,58,UL,0,0,0,0
10,59,DL,0,0,0,0
10,59,UL,0,0,0,0
10,60,DL,0,0,0,0
10,60,UL,0,0,0,0
10,61,DL,3.6751,0.0506453,1.15653,24.3697
10,61,UL,0,0,0,0
10,62,DL,0,0,0,0
10,62,UL,0,0,0,0
10,63,DL,0,0,0,0
10,63,UL,0,0,0,0
10,64,DL,0,0,0,0
10,64,UL,0,0,0,0
10,65,DL,0,0,0,0
10,65,UL,0,0,0,0
10,66,DL,0,0,0,0
10,66,UL,0,0,0,0
10,67,DL,0,0,0,0
10,67,UL,0,0,0,0
10,68,DL,4.65238,0.0524981,0.71735,14.7541
10,68,UL,0,0,0,0
10,69,DL,4.05861,0.107069,0.797127,16.6667
10,69,UL,0,0,0,0
10,70,DL,0,0,0,0
10,70,UL,0,0,0,0
10,71,DL,0,0,0,0
10,71,UL,0,0,0,0
10,72,DL,0,0,0,0
10,72,UL,0,0,0,0
10,73,DL,0,0,0,0
10,73,UL,0,0,0,0
10,74,DL,0,0,0,0
10,74,UL,0,0,0,0
10,75,DL,0,0,0,0
10,75,UL,0,0,0,0
10,76,DL,4.03982,0.109429,1.99226,40.9836
10,76,UL,0,0,0,0
10,77,DL,4.15233,0.0417854,0.199085,4.20168
10,77,UL,0,0,0,0
10,78,DL,0,0,0,0
10,78,UL,0,0,0,0
10,79,DL,0,0,0,0
10,79,UL,0,0,0,0
10,80,DL,0,0,0,0
10,80,UL,0,0,0,0
10,81,DL,0,0,0,0
10,81,UL,0,0,0,0
10,82,DL,0,0,0,0
10,82,UL,0,0,0,0
10,83,DL,0,0,0,0
10,83,UL,0,0,0,0
10,84,DL,0,0,0,0
10,84,UL,0,0,0,0
10,85,DL,0,0,0,0
10,85,UL,0,0,0,0
10,86,DL,0,0,0,0
10,86,UL,0,0,0,0
10,87,DL,0,0,0,0
10,87,UL,0,0,0,0
10,88,DL,0,0,0,0
10,88,UL,0,0,0,0
10,89,DL,0,0,0,0
10,89,UL,0,0,0,0
10,90,DL,0,0,0,0
10,90,UL,0,0,0,0
10,91,DL,4.70645,0.0524879,1.15506,23.9669
10,91,UL,0.247032,0,0.244141,100
10,92,DL,0,0,0,0
10,92,UL,0,0,0,0
10,93,DL,0,0,0,0
10,93,UL,0,0,0,0
10,94,DL,0,0,0,0
10,94,UL,0,0,0,0
10,95,DL,0,0,0,0
10,95,UL,0,0,0,0
10,96,DL,0,0,0,0
10,96,UL,0,0,0,0
10,97,DL,2.27905,0.393997,0.1194,2.5
10,97,UL,0,0,0,0
10,98,DL,0,0,0,0
10,98,UL,0,0,0,0
10,99,DL,0,0,0,0
10,99,UL,0,0,0,0
10,100,DL,0,0,0,0
10,100,UL,0,0,0,0
10,101,DL,0,0,0,0
10,101,UL,0,0,0,0
10,102,DL,0,0,0,0
10,102,UL,0,0,0,0
10,103,DL,0,0,0,0
10,103,UL,0,0,0,0
10,104,DL,2.8068,0.151422,0.358646,7.43802
10,104,UL,0,0,0,0
10,105,DL,0,0,0,0
10,105,UL,0,0,0,0
10,106,DL,0,0,0,0
10,106,UL,0,0,0,0
10,107,DL,4.70021,0.042326,1.35594,28.5714
10,107,UL,0.247032,0,0.244141,100
10,108,DL,0,0,0,0
10,108,UL,0,0,0,0
10,109,DL,0,0,0,0
10,109,UL,0,0,0,0
10,110,DL,2.55392,0.013816,0.11937,2.5
10,110,UL,0,0,0,0
10,111,DL,0,0,0,0
10,111,UL,0,0,0,0
10,112,DL,3.73074,0.0283175,0.119747,2.5
10,112,UL,0,0,0,0
10,113,DL,0,0,0,0
10,113,UL,0,0,0,0
10,114,DL,0,0,0,0
10,114,UL,0,0,0,0
12,0,DL,0,0,0,0
12,0,UL,0,0,0,0
12,1,DL,0,0,0,0
12,1,UL,0,0,0,0
12,2,DL,0,0,0,0
12,2,UL,0,0,0,0
12,3,DL,6.79331,0.179256,0.477596,10
12,3,UL,0,0,0,0
12,4,DL,5.00853,0.0525645,0.717831,15.1261
12,4,UL,0,0,0,0
12,5,DL,0,0,0,0
12,5,UL,0,0,0,0
12,6,DL,0,0,0,0
12,6,UL,0,0,0,0
12,7,DL,0,0,0,0
12,7,UL,0,0,0,0
12,8,DL,0,0,0,0
12,8,UL,0,0,0,0
12,9,DL,0,0,0,0
12,9,UL,0,0,0,0
12,10,DL,0,0,0,0
12,10,UL,0,0,0,0
12,11,DL,0,0,0,0
12,11,UL,0,0,0,0
12,12,DL,0,0,0,0
12,12,UL,0,0,0,0
12,13,DL,6.7213,0.110284,0.756577,15.9664
12,13,UL,0,0,0,0
12,14,DL,0,0,0,0
12,14,UL,0,0,0,0
12,15,DL,0,0,0,0
12,15,UL,0,0,0,0
12,16,DL,0,0,0,0
12,16,UL,0,0,0,0
12,17,DL,0,0,0,0
12,17,UL,0,0,0,0
12,18,DL,0,0,0,0
12,18,UL,0,0,0,0
12,19,DL,2.96983,0.0121647,1.39447,29.1667
12,19,UL,0,0,0,0
12,20,DL,0,0,0,0
12,20,UL,0,0,0,0
12,21,DL,0,0,0,0
12,21,UL,0,0,0,0
12,22,DL,0,0,0,0
12,22,UL,0,0,0,0
12,23,DL,3.04165,0.0445025,1.11555,23.3333
12,23,UL,0,0,0,0
12,24,DL,0,0,0,0
12,24,UL,0,0,0,0
12,25,DL,0,0,0,0
12,25,UL,0,0,0,0
12,26,DL,0,0,0,0
12,26,UL,0,0,0,0
12,27,DL,0,0,0,0
12,27,UL,0,0,0,0
12,28,DL,0,0,0,0
12,28,UL,0,0,0,0
12,29,DL,0,0,0,0
12,29,UL,0,0,0,0
12,30,DL,0,0,0,0
12,30,UL,0,0,0,0
12,31,DL,0,0,0,0
12,31,UL,0,0,0,0
12,32,DL,0,0,0,0
12,32,UL,0,0,0,0
12,33,DL,0,0,0,0
12,33,UL,0,0,0,0
12,34,DL,0,0,0,0
12,34,UL,0,0,0,0
12,35,DL,0,0,0,0
12,35,UL,0,0,0,0
12,36,DL,0,0,0,0
12,36,UL,0,0,0,0
12,37,DL,0,0,0,0
12,37,UL,0,0,0,0
12,38,DL,5.39346,0.392869,0.438847,9.16667
12,38,UL,0,0,0,0
12,39,DL,0,0,0,0
12,39,UL,0,0,0,0
12,40,DL,0,0,0,0
12,40,UL,0,0,0,0
12,41,DL,0,0,0,0
12,41,UL,0,0,0,0
12,42,DL,6.19649,0.0527306,1.15689,24.5763
12,42,UL,0,0,0,0
12,43,DL,0,0,0,0
12,43,UL,0,0,0,0
12,44,DL,0,0,0,0
12,44,UL,0,0,0,0
12,45,DL,0,0,0,0
12,45,UL,0,0,0,0
12,46,DL,0,0,0,0
12,46,UL,0,0,0,0
12,47,DL,0,0,0,0
12,47,UL,0,0,0,0
12,48,DL,0,0,0,0
12,48,UL,0,0,0,0
12,49,DL,0,0,0,0
12,49,UL,0,0,0,0
12,50,DL,0,0,0,0
12,50,UL,0,0,0,0
12,51,DL,6.90001,0.0833997,0.757824,15.8333
12,51,UL,0,0,0,0
12,52,DL,0,0,0,0
12,52,UL,0,0,0,0
12,53,DL,0,0,0,0
12,53,UL,0,0,0,0
12,54,DL,0,0,0,0
12,54,UL,0,0,0,0
12,55,DL,0,0,0,0
12,55,UL,0,0,0,0
12,56,DL,0,0,0,0
12,56,UL,0,0,0,0
12,57,DL,0,0,0,0
12,57,UL,0,0,0,0
12,58,DL,0,0,0,0
12,58,UL,0,0,0,0
12,59,DL,0,0,0,0
12,59,UL,0,0,0,0
12,60,DL,0,0,0,0
12,60,UL,0,0,0,0
12,61,DL,5.13339,0.133712,0.438545,9.09091
12,61,UL,0,0,0,0
12,62,DL,0,0,0,0
12,62,UL,0,0,0,0
12,63,DL,0,0,0,0
12,63,UL,0,0,0,0
12,64,DL,0,0,0,0
12,64,UL,0,0,0,0
12,65,DL,0,0,0,0
12,65,UL,0,0,0,0
12,66,DL,4.24746,0.0290746,0.876213,18.3333
12,66,UL,0,0,0,0
12,67,DL,0,0,0,0
12,67,UL,0,0,0,0
12,68,DL,6.47805,0.222721,0.278721,5.83333
12,68,UL,0,0,0,0
12,69,DL,5.50741,0.0628473,1.03624,21.6667
12,69,UL,0,0,0,0
12,70,DL,0,0,0,0
12,70,UL,0,0,0,0
12,71,DL,0,0,0,0
12,71,UL,0,0,0,0
12,72,DL,0,0,0,0
12,72,UL,0,0,0,0
12,73,DL,0,0,0,0
12,73,UL,0,0,0,0
12,74,DL,0,0,0,0
12,74,UL,0,0,0,0
12,75,DL,0,0,0,0
12,75,UL,0,0,0,0
12,76,DL,4.63686,0.0225344,0.238243,5
12,76,UL,0,0,0,0
12,77,DL,6.47404,0.126548,0.837376,17.6471
12,77,UL,0,0,0,0
12,78,DL,0,0,0,0
12,78,UL,0,0,0,0
12,79,DL,0,0,0,0
12,79,UL,0,0,0,0
12,80,DL,0,0,0,0
12,80,UL,0,0,0,0
12,81,DL,0,0,0,0
12,81,UL,0,0,0,0
12,82,DL,0,0,0,0
12,82,UL,0,0,0,0
12,83,DL,0,0,0,0
12,83,UL,0,0,0,0
12,84,DL,0,0,0,0
12,84,UL,0,0,0,0
12,85,DL,0,0,0,0
12,85,UL,0,0,0,0
12,86,DL,0,0,0,0
12,86,UL,0,0,0,0
12,87,DL,0,0,0,0
12,87,UL,0,0,0,0
12,88,DL,0,0,0,0
12,88,UL,0,0,0,0
12,89,DL,1.10586,0.0241104,0.358994,7.62712
12,89,UL,0,0,0,0
12,90,DL,0,0,0,0
12,90,UL,0,0,0,0
12,91,DL,6.22831,0.0526026,1.1566,24.1667
12,91,UL,0.247032,0,0.244141,100
12,92,DL,0,0,0,0
12,92,UL,0,0,0,0
12,93,DL,0,0,0,0
12,93,UL,0,0,0,0
12,94,DL,0,0,0,0
12,94,UL,0,0,0,0
12,95,DL,0,0,0,0
12,95,UL,0,0,0,0
12,96,DL,0,0,0,0
12,96,UL,0,0,0,0
12,97,DL,3.83014,0.0879148,0.917511,19.0083
12,97,UL,0,0,0,0
12,98,DL,0,0,0,0
12,98,UL,0,0,0,0
12,99,DL,0,0,0,0
12,99,UL,0,0,0,0
12,100,DL,0,0,0,0
12,100,UL,0,0,0,0
12,101,DL,0,0,0,0
12,101,UL,0,0,0,0
12,102,DL,0,0,0,0
12,102,UL,0,0,0,0
12,103,DL,0,0,0,0
12,103,UL,0,0,0,0
12,104,DL,0,0,0,0
12,104,UL,0,0,0,0
12,105,DL,0,0,0,0
12,105,UL,0,0,0,0
12,106,DL,0,0,0,0
12,106,UL,0,0,0,0
12,107,DL,6.12986,0.0420787,1.35382,28.0992
12,107,UL,0.247032,0,0.244141,100
12,108,DL,0,0,0,0
12,108,UL,0,0,0,0
12,109,DL,0,0,0,0
12,109,UL,0,0,0,0
12,110,DL,0,0,0,0
12,110,UL,0,0,0,0
12,111,DL,0,0,0,0
12,111,UL,0,0,0,0
12,112,DL,0,0,0,0
12,112,UL,0,0,0,0
12,113,DL,0,0,0,0
12,113,UL,0,0,0,0
12,114,DL,5.09833,0.016019,0.198902,4.16667
12,114,UL,0,0,0,0
14,0,DL,0,0,0,0
14,0,UL,0,0,0,0
14,1,DL,0,0,0,0
14,1,UL,0,0,0,0
14,2,DL,0,0,0,0
14,2,UL,0,0,0,0
14,3,DL,7.95201,0.0524633,1.11592,23.3333
14,3,UL,0,0,0,0
14,4,DL,6.56361,0.0910123,0.677101,14.1667
14,4,UL,0,0,0,0
14,5,DL,0,0,0,0
14,5,UL,0,0,0,0
14,6,DL,0,0,0,0
14,6,UL,0,0,0,0
14,7,DL,0,0,0,0
14,7,UL,0,0,0,0
14,8,DL,0,0,0,0
14,8,UL,0,0,0,0
14,9,DL,0,0,0,0
14,9,UL,0,0,0,0
14,10,DL,0,0,0,0
14,10,UL,0,0,0,0
14,11,DL,0,0,0,0
14,11,UL,0,0,0,0
14,12,DL,0,0,0,0
14,12,UL,0,0,0,0
14,13,DL,7.9784,0.0524471,1.15514,24.3697
14,13,UL,0,0,0,0
14,14,DL,0,0,0,0
14,14,UL,0,0,0,0
14,15,DL,0,0,0,0
14,15,UL,0,0,0,0
14,16,DL,0,0,0,0
14,16,UL,0,0,0,0
14,17,DL,0,0,0,0
14,17,UL,0,0,0,0
14,18,DL,0,0,0,0
14,18,UL,0,0,0,0
14,19,DL,0,0,0,0
14,19,UL,0,0,0,0
14,20,DL,0,0,0,0
14,20,UL,0,0,0,0
14,21,DL,0,0,0,0
14,21,UL,0,0,0,0
14,22,DL,0,0,0,0
14,22,UL,0,0,0,0
14,23,DL,3.80356,0.0217949,1.2737,26.4463
14,23,UL,0,0,0,0
14,24,DL,0,0,0,0
14,24,UL,0,0,0,0
14,25,DL,0,0,0,0
14,25,UL,0,0,0,0
14,26,DL,0,0,0,0
14,26,UL,0,0,0,0
14,27,DL,7.38857,0.0371694,0.637161,13.4454
14,27,UL,0,0,0,0
14,28,DL,0,0,0,0
14,28,UL,0,0,0,0
14,29,DL,0,0,0,0
14,29,UL,0,0,0,0
14,30,DL,0,0,0,0
14,30,UL,0,0,0,0
14,31,DL,0,0,0,0
14,31,UL,0,0,0,0
14,32,DL,0,0,0,0
14,32,UL,0,0,0,0
14,33,DL,0,0,0,0
14,33,UL,0,0,0,0
14,34,DL,0,0,0,0
14,34,UL,0,0,0,0
14,35,DL,0,0,0,0
14,35,UL,0,0,0,0
14,36,DL,0,0,0,0
14,36,UL,0,0,0,0
14,37,DL,0,0,0,0
14,37,UL,0,0,0,0
14,38,DL,0,0,0,0
14,38,UL,0,0,0,0
14,39,DL,0,0,0,0
14,39,UL,0,0,0,0
14,40,DL,0,0,0,0
14,40,UL,0,0,0,0
14,41,DL,0,0,0,0
14,41,UL,0,0,0,0
14,42,DL,7.72047,0.0523655,1.15525,24.3697
14,42,UL,0,0,0,0
14,43,DL,0,0,0,0
14,43,UL,0,0,0,0
14,44,DL,0,0,0,0
14,44,UL,0,0,0,0
14,45,DL,0,0,0,0
14,45,UL,0,0,0,0
14,46,DL,0,0,0,0
14,46,UL,0,0,0,0
14,47,DL,0,0,0,0
14,47,UL,0,0,0,0
14,48,DL,0,0,0,0
14,48,UL,0,0,0,0
14,49,DL,0,0,0,0
14,49,UL,0,0,0,0
14,50,DL,0,0,0,0
14,50,UL,0,0,0,0
14,51,DL,8.28322,0.0625705,0.99609,21.0084
14,51,UL,0,0,0,0
14,52,DL,0,0,0,0
14,52,UL,0,0,0,0
14,53,DL,0,0,0,0
14,53,UL,0,0,0,0
14,54,DL,0,0,0,0
14,54,UL,0,0,0,0
14,55,DL,0,0,0,0
14,55,UL,0,0,0,0
14,56,DL,0,0,0,0
14,56,UL,0,0,0,0
14,57,DL,0,0,0,0
14,57,UL,0,0,0,0
14,58,DL,0,0,0,0
14,58,UL,0,0,0,0
14,59,DL,0,0,0,0
14,59,UL,0,0,0,0
14,60,DL,0,0,0,0
14,60,UL,0,0,0,0
14,61,DL,6.43924,0.182369,0.31826,6.61157
14,61,UL,0,0,0,0
14,62,DL,0,0,0,0
14,62,UL,0,0,0,0
14,63,DL,0,0,0,0
14,63,UL,0,0,0,0
14,64,DL,0,0,0,0
14,64,UL,0,0,0,0
14,65,DL,0,0,0,0
14,65,UL,0,0,0,0
14,66,DL,4.60935,0.0310537,0.0398483,0.833333
14,66,UL,0,0,0,0
14,67,DL,0,0,0,0
14,67,UL,0,0,0,0
14,68,DL,8.49022,0.232484,0.358967,7.5
14,68,UL,0,0,0,0
14,69,DL,6.7948,0.0630565,0.598034,12.605
14,69,UL,0,0,0,0
14,70,DL,0,0,0,0
14,70,UL,0,0,0,0
14,71,DL,0,0,0,0
14,71,UL,0,0,0,0
14,72,DL,0,0,0,0
14,72,UL,0,0,0,0
14,73,DL,0,0,0,0
14,73,UL,0,0,0,0
14,74,DL,0,0,0,0
14,74,UL,0,0,0,0
14,75,DL,0,0,0,0
14,75,UL,0,0,0,0
14,76,DL,0,0,0,0
14,76,UL,0,0,0,0
14,77,DL,7.62978,0.142639,0.398235,8.33333
14,77,UL,0,0,0,0
14,78,DL,0,0,0,0
14,78,UL,0,0,0,0
14,79,DL,0,0,0,0
14,79,UL,0,0,0,0
14,80,DL,0,0,0,0
14,80,UL,0,0,0,0
14,81,DL,0,0,0,0
14,81,UL,0,0,0,0
14,82,DL,0,0,0,0
14,82,UL,0,0,0,0
14,83,DL,0,0,0,0
14,83,UL,0,0,0,0
14,84,DL,0,0,0,0
14,84,UL,0,0,0,0
14,85,DL,0,0,0,0
14,85,UL,0,0,0,0
14,86,DL,0,0,0,0
14,86,UL,0,0,0,0
14,87,DL,0,0,0,0
14,87,UL,0,0,0,0
14,88,DL,0,0,0,0
14,88,UL,0,0,0,0
14,89,DL,1.56041,0.0316116,0.83638,17.5
14,89,UL,0,0,0,0
14,90,DL,0,0,0,0
14,90,UL,0,0,0,0
14,91,DL,7.75532,0.0523762,1.15548,24.1667
14,91,UL,0.247032,0,0.244141,100
14,92,DL,0,0,0,0
14,92,UL,0,0,0,0
14,93,DL,0,0,0,0
14,93,UL,0,0,0,0
14,94,DL,0,0,0,0
14,94,UL,0,0,0,0
14,95,DL,0,0,0,0
14,95,UL,0,0,0,0
14,96,DL,0,0,0,0
14,96,UL,0,0,0,0
14,97,DL,5.0146,0.0508012,1.15504,24.1667
14,97,UL,0,0,0,0
14,98,DL,0,0,0,0
14,98,UL,0,0,0,0
14,99,DL,0,0,0,0
14,99,UL,0,0,0,0
14,100,DL,0,0,0,0
14,100,UL,0,0,0,0
14,101,DL,0,0,0,0
14,101,UL,0,0,0,0
14,102,DL,0,0,0,0
14,102,UL,0,0,0,0
14,103,DL,0,0,0,0
14,103,UL,0,0,0,0
14,104,DL,0,0,0,0
14,104,UL,0,0,0,0
14,105,DL,0,0,0,0
14,105,UL,0,0,0,0
14,106,DL,0,0,0,0
14,106,UL,0,0,0,0
14,107,DL,7.29375,0.0421645,0.836308,17.5
14,107,UL,0.247032,0,0.244141,100
14,108,DL,0,0,0,0
14,108,UL,0,0,0,0
14,109,DL,0,0,0,0
14,109,UL,0,0,0,0
14,110,DL,0,0,0,0
14,110,UL,0,0,0,0
14,111,DL,0,0,0,0
14,111,UL,0,0,0,0
14,112,DL,0,0,0,0
14,112,UL,0,0,0,0
14,113,DL,0,0,0,0
14,113,UL,0,0,0,0
14,114,DL,0,0,0,0
14,114,UL,0,0,0,0
16,0,DL,5.43168,0.195569,0.637028,13.3333
16,0,UL,0,0,0,0
16,1,DL,0,0,0,0
16,1,UL,0,0,0,0
16,2,DL,0,0,0,0
16,2,UL,0,0,0,0
16,3,DL,9.50551,0.168425,0.358849,7.43802
16,3,UL,0,0,0,0
16,4,DL,8.59484,0.218992,0.398289,8.26446
16,4,UL,0,0,0,0
16,5,DL,0,0,0,0
16,5,UL,0,0,0,0
16,6,DL,0,0,0,0
16,6,UL,0,0,0,0
16,7,DL,0,0,0,0
16,7,UL,0,0,0,0
16,8,DL,0,0,0,0
16,8,UL,0,0,0,0
16,9,DL,0,0,0,0
16,9,UL,0,0,0,0
16,10,DL,0,0,0,0
16,10,UL,0,0,0,0
16,11,DL,0,0,0,0
16,11,UL,0,0,0,0
16,12,DL,0,0,0,0
16,12,UL,0,0,0,0
16,13,DL,8.81936,0.0525647,0.119701,2.5
16,13,UL,0,0,0,0
16,14,DL,0,0,0,0
16,14,UL,0,0,0,0
16,15,DL,0,0,0,0
16,15,UL,0,0,0,0
16,16,DL,0,0,0,0
16,16,UL,0,0,0,0
16,17,DL,0,0,0,0
16,17,UL,0,0,0,0
16,18,DL,0,0,0,0
16,18,UL,0,0,0,0
16,19,DL,4.73133,0.159021,1.31441,27.5
16,19,UL,0,0,0,0
16,20,DL,0,0,0,0
16,20,UL,0,0,0,0
16,21,DL,0,0,0,0
16,21,UL,0,0,0,0
16,22,DL,0,0,0,0
16,22,UL,0,0,0,0
16,23,DL,5.32769,0.0453483,1.43386,30.2521
16,23,UL,0,0,0,0
16,24,DL,0,0,0,0
16,24,UL,0,0,0,0
16,25,DL,0,0,0,0
16,25,UL,0,0,0,0
16,26,DL,0,0,0,0
16,26,UL,0,0,0,0
16,27,DL,0,0,0,0
16,27,UL,0,0,0,0
16,28,DL,0,0,0,0
16,28,UL,0,0,0,0
16,29,DL,0,0,0,0
16,29,UL,0,0,0,0
16,30,DL,0,0,0,0
16,30,UL,0,0,0,0
16,31,DL,0,0,0,0
16,31,UL,0,0,0,0
16,32,DL,0,0,0,0
16,32,UL,0,0,0,0
16,33,DL,0,0,0,0
16,33,UL,0,0,0,0
16,34,DL,0,0,0,0
16,34,UL,0,0,0,0
16,35,DL,0,0,0,0
16,35,UL,0,0,0,0
16,36,DL,0,0,0,0
16,36,UL,0,0,0,0
16,37,DL,4.66835,0.011538,1.47387,30.8333
16,37,UL,0,0,0,0
16,38,DL,0,0,0,0
16,38,UL,0,0,0,0
16,39,DL,0,0,0,0
16,39,UL,0,0,0,0
16,40,DL,0,0,0,0
16,40,UL,0,0,0,0
16,41,DL,0,0,0,0
16,41,UL,0,0,0,0
16,42,DL,9.2369,0.0614899,0.995449,20.6612
16,42,UL,0,0,0,0
16,43,DL,0,0,0,0
16,43,UL,0,0,0,0
16,44,DL,0,0,0,0
16,44,UL,0,0,0,0
16,45,DL,0,0,0,0
16,45,UL,0,0,0,0
16,46,DL,5.84457,0.0119169,0.796043,16.6667
16,46,UL,0,0,0,0
16,47,DL,0,0,0,0
16,47,UL,0,0,0,0
16,48,DL,0,0,0,0
16,48,UL,0,0,0,0
16,49,DL,0,0,0,0
16,49,UL,0,0,0,0
16,50,DL,0,0,0,0
16,50,UL,0,0,0,0
16,51,DL,9.88492,0.0629622,1.03485,21.4876
16,51,UL,0,0,0,0
16,52,DL,0,0,0,0
16,52,UL,0,0,0,0
16,53,DL,0,0,0,0
16,53,UL,0,0,0,0
16,54,DL,0,0,0,0
16,54,UL,0,0,0,0
16,55,DL,0,0,0,0
16,55,UL,0,0,0,0
16,56,DL,0,0,0,0
16,56,UL,0,0,0,0
16,57,DL,0,0,0,0
16,57,UL,0,0,0,0
16,58,DL,0,0,0,0
16,58,UL,0,0,0,0
16,59,DL,0,0,0,0
16,59,UL,0,0,0,0
16,60,DL,0,0,0,0
16,60,UL,0,0,0,0
16,61,DL,7.59172,0.042054,0.83569,17.5
16,61,UL,0,0,0,0
16,62,DL,0,0,0,0
16,62,UL,0,0,0,0
16,63,DL,0,0,0,0
16,63,UL,0,0,0,0
16,64,DL,0,0,0,0
16,64,UL,0,0,0,0
16,65,DL,0,0,0,0
16,65,UL,0,0,0,0
16,66,DL,0,0,0,0
16,66,UL,0,0,0,0
16,67,DL,0,0,0,0
16,67,UL,0,0,0,0
16,68,DL,8.81456,0.0527108,0.158756,3.36134
16,68,UL,0,0,0,0
16,69,DL,8.49873,0.143397,0.437969,9.16667
16,69,UL,0,0,0,0
16,70,DL,0,0,0,0
16,70,UL,0,0,0,0
16,71,DL,0,0,0,0
16,71,UL,0,0,0,0
16,72,DL,0,0,0,0
16,72,UL,0,0,0,0
16,73,DL,0,0,0,0
16,73,UL,0,0,0,0
16,74,DL,0,0,0,0
16,74,UL,0,0,0,0
16,75,DL,0,0,0,0
16,75,UL,0,0,0,0
16,76,DL,0,0,0,0
16,76,UL,0,0,0,0
16,77,DL,9.01152,0.163354,0.358665,7.43802
16,77,UL,0,0,0,0
16,78,DL,0,0,0,0
16,78,UL,0,0,0,0
16,79,DL,0,0,0,0
16,79,UL,0,0,0,0
16,80,DL,0,0,0,0
16,80,UL,0,0,0,0
16,81,DL,0,0,0,0
16,81,UL,0,0,0,0
16,82,DL,0,0,0,0
16,82,UL,0,0,0,0
16,83,DL,0,0,0,0
16,83,UL,0,0,0,0
16,84,DL,0,0,0,0
16,84,UL,0,0,0,0
16,85,DL,0,0,0,0
16,85,UL,0,0,0,0
16,86,DL,0,0,0,0
16,86,UL,0,0,0,0
16,87,DL,0,0,0,0
16,87,UL,0,0,0,0
16,88,DL,0,0,0,0
16,88,UL,0,0,0,0
16,89,DL,0,0,0,0
16,89,UL,0,0,0,0
16,90,DL,0,0,0,0
16,90,UL,0.00620485,0.000183993,0.12207,50
16,91,DL,9.26704,0.0613411,0.994453,20.8333
16,91,UL,0.247032,0,0.244141,100
16,92,DL,0,0,0,0
16,92,UL,0,0,0,0
16,93,DL,0,0,0,0
16,93,UL,0,0,0,0
16,94,DL,0,0,0,0
16,94,UL,0,0,0,0
16,95,DL,0,0,0,0
16,95,UL,0,0,0,0
16,96,DL,0,0,0,0
16,96,UL,0,0,0,0
16,97,DL,5.83472,0.0426357,0.159351,3.38983
16,97,UL,0,0,0,0
16,98,DL,0.318414,0.0377963,0.678139,14.1667
16,98,UL,0.00612116,9.64329e-05,0.23291,95.4
16,99,DL,0,0,0,0
16,99,UL,0,0,0,0
16,100,DL,0,0,0,0
16,100,UL,0,0,0,0
16,101,DL,0,0,0,0
16,101,UL,0,0,0,0
16,102,DL,0,0,0,0
16,102,UL,0,0,0,0
16,103,DL,0,0,0,0
16,103,UL,0,0,0,0
16,104,DL,0,0,0,0
16,104,UL,0,0,0,0
16,105,DL,0,0,0,0
16,105,UL,0,0,0,0
16,106,DL,0,0,0,0
16,106,UL,0,0,0,0
16,107,DL,9.02755,0.0613646,1.31625,27.5
16,107,UL,0.247032,0,0.244141,100
16,108,DL,0,0,0,0
16,108,UL,0,0,0,0
16,109,DL,0,0,0,0
16,109,UL,0,0,0,0
16,110,DL,6.50937,0.807862,0.199261,4.20168
16,110,UL,0,0,0,0
16,111,DL,0,0,0,0
16,111,UL,0,0,0,0
16,112,DL,0,0,0,0
16,112,UL,0,0,0,0
16,113,DL,0,0,0,0
16,113,UL,0,0,0,0
16,114,DL,0,0,0,0
16,114,UL,0,0,0,0
18,0,DL,0,0,0,0
18,0,UL,0,0,0,0
18,1,DL,0,0,0,0
18,1,UL,0,0,0,0
18,2,DL,0,0,0,0
18,2,UL,0,0,0,0
18,3,DL,0,0,0,0
18,3,UL,0,0,0,0
18,4,DL,10.3577,0.157319,0.398212,8.33333
18,4,UL,0,0,0,0
18,5,DL,0,0,0,0
18,5,UL,0,0,0,0
18,6,DL,0,0,0,0
18,6,UL,0,0,0,0
18,7,DL,0,0,0,0
18,7,UL,0,0,0,0
18,8,DL,0,0,0,0
18,8,UL,0,0,0,0
18,9,DL,0,0,0,0
18,9,UL,0,0,0,0
18,10,DL,0,0,0,0
18,10,UL,0,0,0,0
18,11,DL,0,0,0,0
18,11,UL,0,0,0,0
18,12,DL,0,0,0,0
18,12,UL,0,0,0,0
18,13,DL,0,0,0,0
18,13,UL,0,0,0,0
18,14,DL,0,0,0,0
18,14,UL,0,0,0,0
18,15,DL,0,0,0,0
18,15,UL,0,0,0,0
18,16,DL,0,0,0,0
18,16,UL,0,0,0,0
18,17,DL,0,0,0,0
18,17,UL,0,0,0,0
18,18,DL,0,0,0,0
18,18,UL,0,0,0,0
18,19,DL,0,0,0,0
18,19,UL,0,0,0,0
18,20,DL,0,0,0,0
18,20,UL,0,0,0,0
18,21,DL,0,0,0,0
18,21,UL,0,0,0,0
18,22,DL,0,0,0,0
18,22,UL,0,0,0,0
18,23,DL,6.29813,0.022252,2.07035,43.3333
18,23,UL,0,0,0,0
18,24,DL,0,0,0,0
18,24,UL,0,0,0,0
18,25,DL,0,0,0,0
18,25,UL,0,0,0,0
18,26,DL,0,0,0,0
18,26,UL,0,0,0,0
18,27,DL,0,0,0,0
18,27,UL,0,0,0,0
18,28,DL,0,0,0,0
18,28,UL,0,0,0,0
18,29,DL,0,0,0,0
18,29,UL,0,0,0,0
18,30,DL,0,0,0,0
18,30,UL,0,0,0,0
18,31,DL,0,0,0,0
18,31,UL,0,0,0,0
18,32,DL,0,0,0,0
18,32,UL,0,0,0,0
18,33,DL,0,0,0,0
18,33,UL,0,0,0,0
18,34,DL,0,0,0,0
18,34,UL,0,0,0,0
18,35,DL,0,0,0,0
18,35,UL,0,0,0,0
18,36,DL,0,0,0,0
18,36,UL,0,0,0,0
18,37,DL,0,0,0,0
18,37,UL,0,0,0,0
18,38,DL,0,0,0,0
18,38,UL,0,0,0,0
18,39,DL,0,0,0,0
18,39,UL,0,0,0,0
18,40,DL,0,0,0,0
18,40,UL,0,0,0,0
18,41,DL,0,0,0,0
18,41,UL,0,0,0,0
18,42,DL,10.4964,0.0746474,0.438354,9.2437
18,42,UL,0,0,0,0
18,43,DL,0,0,0,0
18,43,UL,0,0,0,0
18,44,DL,0,0,0,0
18,44,UL,0,0,0,0
18,45,DL,0,0,0,0
18,45,UL,0,0,0,0
18,46,DL,6.3973,0.00963212,3.03035,63.8655
18,46,UL,0,0,0,0
18,47,DL,0,0,0,0
18,47,UL,0,0,0,0
18,48,DL,0,0,0,0
18,48,UL,0,0,0,0
18,49,DL,0,0,0,0
18,49,UL,0,0,0,0
18,50,DL,0,0,0,0
18,50,UL,0,0,0,0
18,51,DL,0,0,0,0
18,51,UL,0,0,0,0
18,52,DL,0,0,0,0
18,52,UL,0,0,0,0
18,53,DL,0,0,0,0
18,53,UL,0,0,0,0
18,54,DL,0,0,0,0
18,54,UL,0,0,0,0
18,55,DL,0,0,0,0
18,55,UL,0,0,0,0
18,56,DL,0,0,0,0
18,56,UL,0,0,0,0
18,57,DL,0,0,0,0
18,57,UL,0,0,0,0
18,58,DL,0,0,0,0
18,58,UL,0,0,0,0
18,59,DL,0,0,0,0
18,59,UL,0,0,0,0
18,60,DL,0,0,0,0
18,60,UL,0,0,0,0
18,61,DL,9.81397,0.255165,0.478355,10
18,61,UL,0,0,0,0
18,62,DL,0,0,0,0
18,62,UL,0,0,0,0
18,63,DL,0,0,0,0
18,63,UL,0,0,0,0
18,64,DL,0,0,0,0
18,64,UL,0,0,0,0
18,65,DL,0,0,0,0
18,65,UL,0,0,0,0
18,66,DL,0,0,0,0
18,66,UL,0,0,0,0
18,67,DL,0,0,0,0
18,67,UL,0,0,0,0
18,68,DL,0,0,0,0
18,68,UL,0,0,0,0
18,69,DL,9.9766,0.172936,0.318253,6.66667
18,69,UL,0,0,0,0
18,70,DL,0,0,0,0
18,70,UL,0,0,0,0
18,71,DL,0,0,0,0
18,71,UL,0,0,0,0
18,72,DL,0,0,0,0
18,72,UL,0,0,0,0
18,73,DL,0,0,0,0
18,73,UL,0,0,0,0
18,74,DL,0,0,0,0
18,74,UL,0,0,0,0
18,75,DL,0,0,0,0
18,75,UL,0,0,0,0
18,76,DL,0,0,0,0
18,76,UL,0,0,0,0
18,77,DL,10.1357,0.0423651,0.678322,14.1667
18,77,UL,0,0,0,0
18,78,DL,0,0,0,0
18,78,UL,0,0,0,0
18,79,DL,0,0,0,0
18,79,UL,0,0,0,0
18,80,DL,0,0,0,0
18,80,UL,0,0,0,0
18,81,DL,0,0,0,0
18,81,UL,0,0,0,0
18,82,DL,0,0,0,0
18,82,UL,0,0,0,0
18,83,DL,0,0,0,0
18,83,UL,0,0,0,0
18,84,DL,0,0,0,0
18,84,UL,0,0,0,0
18,85,DL,0,0,0,0
18,85,UL,0,0,0,0
18,86,DL,0,0,0,0
18,86,UL,0,0,0,0
18,87,DL,0,0,0,0
18,87,UL,0,0,0,0
18,88,DL,0,0,0,0
18,88,UL,0,0,0,0
18,89,DL,0,0,0,0
18,89,UL,0,0,0,0
18,90,DL,0,0,0,0
18,90,UL,0,0,0,0
18,91,DL,10.5866,0.0908747,0.358635,7.5
18,91,UL,0.247032,0,0.244141,100
18,92,DL,0,0,0,0
18,92,UL,0,0,0,0
18,93,DL,0,0,0,0
18,93,UL,0,0,0,0
18,94,DL,0,0,0,0
18,94,UL,0,0,0,0
18,95,DL,0,0,0,0
18,95,UL,0,0,0,0
18,96,DL,0,0,0,0
18,96,UL,0,0,0,0
18,97,DL,8.03309,0.097987,1.11596,23.3333
18,97,UL,0,0,0,0
18,98,DL,2.32753,0.105517,0.83659,17.5
18,98,UL,0.0151157,0.000748491,0.242676,99.4
18,99,DL,0,0,0,0
18,99,UL,0,0,0,0
18,100,DL,0,0,0,0
18,100,UL,0,0,0,0
18,101,DL,0,0,0,0
18,101,UL,0,0,0,0
18,102,DL,0,0,0,0
18,102,UL,0,0,0,0
18,103,DL,0,0,0,0
18,103,UL,0,0,0,0
18,104,DL,0,0,0,0
18,104,UL,0,0,0,0
18,105,DL,0,0,0,0
18,105,UL,0,0,0,0
18,106,DL,0,0,0,0
18,106,UL,0,0,0,0
18,107,DL,10.0859,0.0423024,0.67696,14.1667
18,107,UL,0.247032,0,0.244141,100
18,108,DL,0,0,0,0
18,108,UL,0,0,0,0
18,109,DL,0,0,0,0
18,109,UL,0,0,0,0
18,110,DL,0,0,0,0
18,110,UL,0,0,0,0
18,111,DL,0,0,0,0
18,111,UL,0,0,0,0
18,112,DL,0,0,0,0
18,112,UL,0,0,0,0
18,113,DL,0,0,0,0
18,113,UL,0,0,0,0
18,114,DL,0,0,0,0
18,114,UL,0,0,0,0
20,0,DL,0,0,0,0
20,0,UL,0,0,0,0
20,1,DL,0,0,0,0
20,1,UL,0,0,0,0
20,2,DL,0,0,0,0
20,2,UL,0,0,0,0
20,3,DL,0,0,0,0
20,3,UL,0,0,0,0
20,4,DL,0,0,0,0
20,4,UL,0,0,0,0
20,5,DL,0,0,0,0
20,5,UL,0,0,0,0
20,6,DL,0,0,0,0
20,6,UL,0,0,0,0
20,7,DL,0,0,0,0
20,7,UL,0,0,0,0
20,8,DL,0,0,0,0
20,8,UL,0,0,0,0
20,9,DL,0,0,0,0
20,9,UL,0,0,0,0
20,10,DL,0,0,0,0
20,10,UL,0,0,0,0
20,11,DL,0,0,0,0
20,11,UL,0,0,0,0
20,12,DL,0,0,0,0
20,12,UL,0,0,0,0
20,13,DL,0,0,0,0
20,13,UL,0,0,0,0
20,14,DL,0,0,0,0
20,14,UL,0,0,0,0
20,15,DL,0,0,0,0
20,15,UL,0,0,0,0
20,16,DL,0,0,0,0
20,16,UL,0,0,0,0
20,17,DL,0,0,0,0
20,17,UL,0,0,0,0
20,18,DL,0,0,0,0
20,18,UL,0,0,0,0
20,19,DL,0,0,0,0
20,19,UL,0,0,0,0
20,20,DL,0,0,0,0
20,20,UL,0,0,0,0
20,21,DL,0,0,0,0
20,21,UL,0,0,0,0
20,22,DL,0,0,0,0
20,22,UL,0,0,0,0
20,23,DL,7.2282,0.0219009,1.27423,26.6667
20,23,UL,0,0,0,0
20,24,DL,0,0,0,0
20,24,UL,0,0,0,0
20,25,DL,0,0,0,0
20,25,UL,0,0,0,0
20,26,DL,0,0,0,0
20,26,UL,0,0,0,0
20,27,DL,0,0,0,0
20,27,UL,0,0,0,0
20,28,DL,0,0,0,0
20,28,UL,0,0,0,0
20,29,DL,0,0,0,0
20,29,UL,0,0,0,0
20,30,DL,0,0,0,0
20,30,UL,0,0,0,0
20,31,DL,0,0,0,0
20,31,UL,0,0,0,0
20,32,DL,0,0,0,0
20,32,UL,0,0,0,0
20,33,DL,0,0,0,0
20,33,UL,0,0,0,0
20,34,DL,0,0,0,0
20,34,UL,0,0,0,0
20,35,DL,0,0,0,0
20,35,UL,0,0,0,0
20,36,DL,0,0,0,0
20,36,UL,0,0,0,0
20,37,DL,0,0,0,0
20,37,UL,0,0,0,0
20,38,DL,0,0,0,0
20,38,UL,0,0,0,0
20,39,DL,0,0,0,0
20,39,UL,0,0,0,0
20,40,DL,0,0,0,0
20,40,UL,0,0,0,0
20,41,DL,0,0,0,0
20,41,UL,0,0,0,0
20,42,DL,0,0,0,0
20,42,UL,0,0,0,0
20,43,DL,0,0,0,0
20,43,UL,0,0,0,0
20,44,DL,0,0,0,0
20,44,UL,0,0,0,0
20,45,DL,0,0,0,0
20,45,UL,0,0,0,0
20,46,DL,6.69193,0.0039164,0.0396996,0.833333
20,46,UL,0,0,0,0
20,47,DL,0,0,0,0
20,47,UL,0,0,0,0
20,48,DL,0,0,0,0
20,48,UL,0,0,0,0
20,49,DL,0,0,0,0
20,49,UL,0,0,0,0
20,50,DL,0,0,0,0
20,50,UL,0,0,0,0
20,51,DL,0,0,0,0
20,51,UL,0,0,0,0
20,52,DL,0,0,0,0
20,52,UL,0,0,0,0
20,53,DL,0,0,0,0
20,53,UL,0,0,0,0
20,54,DL,0,0,0,0
20,54,UL,0,0,0,0
20,55,DL,0,0,0,0
20,55,UL,0,0,0,0
20,56,DL,0,0,0,0
20,56,UL,0,0,0,0
20,57,DL,0,0,0,0
20,57,UL,0,0,0,0
20,58,DL,0,0,0,0
20,58,UL,0,0,0,0
20,59,DL,0,0,0,0
20,59,UL,0,0,0,0
20,60,DL,0,0,0,0
20,60,UL,0,0,0,0
20,61,DL,10.4018,0.0449019,0.63681,13.4454
20,61,UL,0,0,0,0
20,62,DL,0,0,0,0
20,62,UL,0,0,0,0
20,63,DL,0,0,0,0
20,63,UL,0,0,0,0
20,64,DL,0,0,0,0
20,64,UL,0,0,0,0
20,65,DL,0,0,0,0
20,65,UL,0,0,0,0
20,66,DL,0,0,0,0
20,66,UL,0,0,0,0
20,67,DL,0,0,0,0
20,67,UL,0,0,0,0
20,68,DL,0,0,0,0
20,68,UL,0,0,0,0
20,69,DL,0,0,0,0
20,69,UL,0,0,0,0
20,70,DL,1.6412,0.00208571,1.03639,22.0339
20,70,UL,0,0,0,0
20,71,DL,0,0,0,0
20,71,UL,0,0,0,0
20,72,DL,0,0,0,0
20,72,UL,0,0,0,0
20,73,DL,0,0,0,0
20,73,UL,0,0,0,0
20,74,DL,0,0,0,0
20,74,UL,0,0,0,0
20,75,DL,0,0,0,0
20,75,UL,0,0,0,0
20,76,DL,0,0,0,0
20,76,UL,0,0,0,0
20,77,DL,0,0,0,0
20,77,UL,0,0,0,0
20,78,DL,0,0,0,0
20,78,UL,0,0,0,0
20,79,DL,0,0,0,0
20,79,UL,0,0,0,0
20,80,DL,0,0,0,0
20,80,UL,0,0,0,0
20,81,DL,0,0,0,0
20,81,UL,0,0,0,0
20,82,DL,0,0,0,0
20,82,UL,0,0,0,0
20,83,DL,0,0,0,0
20,83,UL,0,0,0,0
20,84,DL,0,0,0,0
20,84,UL,0,0,0,0
20,85,DL,0,0,0,0
20,85,UL,0,0,0,0
20,86,DL,0,0,0,0
20,86,UL,0,0,0,0
20,87,DL,0,0,0,0
20,87,UL,0,0,0,0
20,88,DL,0,0,0,0
20,88,UL,0,0,0,0
20,89,DL,6.83242,0.733174,0.278835,5.83333
20,89,UL,0,0,0,0
20,90,DL,0,0,0,0
20,90,UL,0,0,0,0
20,91,DL,0,0,0,0
20,91,UL,0.247032,2.176e-09,0.244141,100
20,92,DL,0,0,0,0
20,92,UL,0.247208,0.000183971,0.12207,50
20,93,DL,0,0,0,0
20,93,UL,0,0,0,0
20,94,DL,0,0,0,0
20,94,UL,0,0,0,0
20,95,DL,0,0,0,0
20,95,UL,0,0,0,0
20,96,DL,0,0,0,0
20,96,UL,0,0,0,0
20,97,DL,9.33272,0.0419257,1.3548,28.3333
20,97,UL,0,0,0,0
20,98,DL,0,0,0,0
20,98,UL,0.00602884,0,0.244141,100
20,99,DL,0,0,0,0
20,99,UL,0,0,0,0
20,100,DL,0,0,0,0
20,100,UL,0,0,0,0
20,101,DL,0,0,0,0
20,101,UL,0,0,0,0
20,102,DL,0,0,0,0
20,102,UL,0,0,0,0
20,103,DL,0,0,0,0
20,103,UL,0,0,0,0
20,104,DL,0,0,0,0
20,104,UL,0,0,0,0
20,105,DL,0,0,0,0
20,105,UL,0,0,0,0
20,106,DL,0,0,0,0
20,106,UL,0,0,0,0
20,107,DL,0,0,0,0
20,107,UL,0.253798,0.000764513,0.242676,99.4
20,108,DL,0,0,0,0
20,108,UL,0,0,0,0
20,109,DL,0,0,0,0
20,109,UL,0,0,0,0
20,110,DL,0,0,0,0
20,110,UL,0,0,0,0
20,111,DL,0,0,0,0
20,111,UL,0,0,0,0
20,112,DL,0,0,0,0
20,112,UL,0,0,0,0
20,113,DL,0,0,0,0
20,113,UL,0,0,0,0
20,114,DL,0,0,0,0
20,114,UL,0,0,0,0
22,0,DL,0,0,0,0
22,0,UL,0,0,0,0
22,1,DL,0,0,0,0
22,1,UL,0,0,0,0
22,2,DL,0,0,0,0
22,2,UL,0,0,0,0
22,3,DL,0,0,0,0
22,3,UL,0,0,0,0
22,4,DL,0,0,0,0
22,4,UL,0,0,0,0
22,5,DL,0,0,0,0
22,5,UL,0,0,0,0
22,6,DL,0,0,0,0
22,6,UL,0,0,0,0
22,7,DL,0,0,0,0
22,7,UL,0,0,0,0
22,8,DL,6.99688,0.222368,0.796497,16.6667
22,8,UL,0,0,0,0
22,9,DL,0,0,0,0
22,9,UL,0,0,0,0
22,10,DL,0,0,0,0
22,10,UL,0,0,0,0
22,11,DL,0,0,0,0
22,11,UL,0,0,0,0
22,12,DL,0,0,0,0
22,12,UL,0,0,0,0
22,13,DL,0,0,0,0
22,13,UL,0,0,0,0
22,14,DL,0,0,0,0
22,14,UL,0,0,0,0
22,15,DL,0,0,0,0
22,15,UL,0,0,0,0
22,16,DL,0,0,0,0
22,16,UL,0,0,0,0
22,17,DL,0,0,0,0
22,17,UL,0,0,0,0
22,18,DL,0,0,0,0
22,18,UL,0,0,0,0
22,19,DL,0,0,0,0
22,19,UL,0,0,0,0
22,20,DL,0,0,0,0
22,20,UL,0,0,0,0
22,21,DL,0,0,0,0
22,21,UL,0,0,0,0
22,22,DL,0,0,0,0
22,22,UL,0,0,0,0
22,23,DL,8.71299,0.0411498,1.63322,33.8843
22,23,UL,0,0,0,0
22,24,DL,0,0,0,0
22,24,UL,0,0,0,0
22,25,DL,0,0,0,0
22,25,UL,0,0,0,0
22,26,DL,0,0,0,0
22,26,UL,0,0,0,0
22,27,DL,0,0,0,0
22,27,UL,0,0,0,0
22,28,DL,0,0,0,0
22,28,UL,0,0,0,0
22,29,DL,0,0,0,0
22,29,UL,0,0,0,0
22,30,DL,0,0,0,0
22,30,UL,0,0,0,0
22,31,DL,0,0,0,0
22,31,UL,0,0,0,0
22,32,DL,0,0,0,0
22,32,UL,0,0,0,0
22,33,DL,0,0,0,0
22,33,UL,0,0,0,0
22,34,DL,0,0,0,0
22,34,UL,0,0,0,0
22,35,DL,0,0,0,0
22,35,UL,0,0,0,0
22,36,DL,0,0,0,0
22,36,UL,0,0,0,0
22,37,DL,0,0,0,0
22,37,UL,0,0,0,0
22,38,DL,0,0,0,0
22,38,UL,0,0,0,0
22,39,DL,0,0,0,0
22,39,UL,0,0,0,0
22,40,DL,0,0,0,0
22,40,UL,0,0,0,0
22,41,DL,0,0,0,0
22,41,UL,0,0,0,0
22,42,DL,0,0,0,0
22,42,UL,0,0,0,0
22,43,DL,0,0,0,0
22,43,UL,0,0,0,0
22,44,DL,0,0,0,0
22,44,UL,0,0,0,0
22,45,DL,0,0,0,0
22,45,UL,0,0,0,0
22,46,DL,0,0,0,0
22,46,UL,0,0,0,0
22,47,DL,0,0,0,0
22,47,UL,0,0,0,0
22,48,DL,0,0,0,0
22,48,UL,0,0,0,0
22,49,DL,0,0,0,0
22,49,UL,0,0,0,0
22,50,DL,0,0,0,0
22,50,UL,0,0,0,0
22,51,DL,0,0,0,0
22,51,UL,0,0,0,0
22,52,DL,0,0,0,0
22,52,UL,0,0,0,0
22,53,DL,0,0,0,0
22,53,UL,0,0,0,0
22,54,DL,0,0,0,0
22,54,UL,0,0,0,0
22,55,DL,0,0,0,0
22,55,UL,0,0,0,0
22,56,DL,0,0,0,0
22,56,UL,0,0,0,0
22,57,DL,0,0,0,0
22,57,UL,0,0,0,0
22,58,DL,0,0,0,0
22,58,UL,0,0,0,0
22,59,DL,0,0,0,0
22,59,UL,0,0,0,0
22,60,DL,0,0,0,0
22,60,UL,0,0,0,0
22,61,DL,0,0,0,0
22,61,UL,0,0,0,0
22,62,DL,0,0,0,0
22,62,UL,0,0,0,0
22,63,DL,0,0,0,0
22,63,UL,0,0,0,0
22,64,DL,0,0,0,0
22,64,UL,0,0,0,0
22,65,DL,0,0,0,0
22,65,UL,0,0,0,0
22,66,DL,0,0,0,0
22,66,UL,0,0,0,0
22,67,DL,0,0,0,0
22,67,UL,0,0,0,0
22,68,DL,0,0,0,0
22,68,UL,0,0,0,0
22,69,DL,0,0,0,0
22,69,UL,0,0,0,0
22,70,DL,1.67216,0.00171035,0.239223,5
22,70,UL,0,0,0,0
22,71,DL,0,0,0,0
22,71,UL,0,0,0,0
22,72,DL,0,0,0,0
22,72,UL,0,0,0,0
22,73,DL,0,0,0,0
22,73,UL,0,0,0,0
22,74,DL,0,0,0,0
22,74,UL,0,0,0,0
22,75,DL,0,0,0,0
22,75,UL,0,0,0,0
22,76,DL,0,0,0,0
22,76,UL,0,0,0,0
22,77,DL,0,0,0,0
22,77,UL,0,0,0,0
22,78,DL,0,0,0,0
22,78,UL,0,0,0,0
22,79,DL,0,0,0,0
22,79,UL,0,0,0,0
22,80,DL,0,0,0,0
22,80,UL,0,0,0,0
22,81,DL,0,0,0,0
22,81,UL,0,0,0,0
22,82,DL,0,0,0,0
22,82,UL,0,0,0,0
22,83,DL,0,0,0,0
22,83,UL,0,0,0,0
22,84,DL,0,0,0,0
22,84,UL,0.00620497,0.000183998,0.12207,50
22,85,DL,0,0,0,0
22,85,UL,0,0,0,0
22,86,DL,0,0,0,0
22,86,UL,0,0,0,0
22,87,DL,0,0,0,0
22,87,UL,0,0,0,0
22,88,DL,0,0,0,0
22,88,UL,0,0,0,0
22,89,DL,8.51675,0.403233,0.159435,3.33333
22,89,UL,0,0,0,0
22,90,DL,0,0,0,0
22,90,UL,0,0,0,0
22,91,DL,0,0,0,0
22,91,UL,0.247032,0,0.244141,100
22,92,DL,0,0,0,0
22,92,UL,0,0,0,0
22,93,DL,0,0,0,0
22,93,UL,0,0,0,0
22,94,DL,0,0,0,0
22,94,UL,0,0,0,0
22,95,DL,0,0,0,0
22,95,UL,0,0,0,0
22,96,DL,0,0,0,0
22,96,UL,0,0,0,0
22,97,DL,10.1934,0.169572,0.0398979,0.840336
22,97,UL,0,0,0,0
22,98,DL,5.97495,1.56398,0.0796509,1.66667
22,98,UL,0.00734769,0.000746383,0.134766,55.2
22,99,DL,0,0,0,0
22,99,UL,0,0,0,0
22,100,DL,0,0,0,0
22,100,UL,0,0,0,0
22,101,DL,0,0,0,0
22,101,UL,0,0,0,0
22,102,DL,0,0,0,0
22,102,UL,0,0,0,0
22,103,DL,0,0,0,0
22,103,UL,0,0,0,0
22,104,DL,0,0,0,0
22,104,UL,0,0,0,0
22,105,DL,0,0,0,0
22,105,UL,0,0,0,0
22,106,DL,0,0,0,0
22,106,UL,0,0,0,0
22,107,DL,0,0,0,0
22,107,UL,0.247032,0,0.244141,100
22,108,DL,0,0,0,0
22,108,UL,0,0,0,0
22,109,DL,0,0,0,0
22,109,UL,0,0,0,0
22,110,DL,0,0,0,0
22,110,UL,0,0,0,0
22,111,DL,0,0,0,0
22,111,UL,0,0,0,0
22,112,DL,0,0,0,0
22,112,UL,0,0,0,0
22,113,DL,0,0,0,0
22,113,UL,0,0,0,0
22,114,DL,0,0,0,0
22,114,UL,0,0,0,0
24,0,DL,0,0,0,0
24,0,UL,0,0,0,0
24,1,DL,0,0,0,0
24,1,UL,0,0,0,0
24,2,DL,0,0,0,0
24,2,UL,0,0,0,0
24,3,DL,0,0,0,0
24,3,UL,0,0,0,0
24,4,DL,0,0,0,0
24,4,UL,0,0,0,0
24,5,DL,0,0,0,0
24,5,UL,0,0,0,0
24,6,DL,0,0,0,0
24,6,UL,0,0,0,0
24,7,DL,0,0,0,0
24,7,UL,0,0,0,0
24,8,DL,0,0,0,0
24,8,UL,0,0,0,0
24,9,DL,0,0,0,0
24,9,UL,0,0,0,0
24,10,DL,0,0,0,0
24,10,UL,0,0,0,0
24,11,DL,0,0,0,0
24,11,UL,0,0,0,0
24,12,DL,0,0,0,0
24,12,UL,0,0,0,0
24,13,DL,0,0,0,0
24,13,UL,0,0,0,0
24,14,DL,0,0,0,0
24,14,UL,0,0,0,0
24,15,DL,0,0,0,0
24,15,UL,0,0,0,0
24,16,DL,0,0,0,0
24,16,UL,0,0,0,0
24,17,DL,0,0,0,0
24,17,UL,0,0,0,0
24,18,DL,0,0,0,0
24,18,UL,0,0,0,0
24,19,DL,0,0,0,0
24,19,UL,0,0,0,0
24,20,DL,0,0,0,0
24,20,UL,0,0,0,0
24,21,DL,0,0,0,0
24,21,UL,0,0,0,0
24,22,DL,0,0,0,0
24,22,UL,0,0,0,0
24,23,DL,9.72252,0.0219574,2.03189,42.5
24,23,UL,0,0,0,0
24,24,DL,0,0,0,0
24,24,UL,0,0,0,0
24,25,DL,0,0,0,0
24,25,UL,0,0,0,0
24,26,DL,0,0,0,0
24,26,UL,0,0,0,0
24,27,DL,0,0,0,0
24,27,UL,0,0,0,0
24,28,DL,0,0,0,0
24,28,UL,0,0,0,0
24,29,DL,0,0,0,0
24,29,UL,0,0,0,0
24,30,DL,0,0,0,0
24,30,UL,0,0,0,0
24,31,DL,4.10505,0,0.0399437,0.840336
24,31,UL,0,0,0,0
24,32,DL,0,0,0,0
24,32,UL,0,0,0,0
24,33,DL,0,0,0,0
24,33,UL,0,0,0,0
24,34,DL,0,0,0,0
24,34,UL,0,0,0,0
24,35,DL,0,0,0,0
24,35,UL,0,0,0,0
24,36,DL,0,0,0,0
24,36,UL,0,0,0,0
24,37,DL,0,0,0,0
24,37,UL,0,0,0,0
24,38,DL,0,0,0,0
24,38,UL,0,0,0,0
24,39,DL,0,0,0,0
24,39,UL,0,0,0,0
24,40,DL,0,0,0,0
24,40,UL,0,0,0,0
24,41,DL,0,0,0,0
24,41,UL,0,0,0,0
24,42,DL,0,0,0,0
24,42,UL,0,0,0,0
24,43,DL,6.0147,0.058207,0.238659,4.91803
24,43,UL,0,0,0,0
24,44,DL,0,0,0,0
24,44,UL,0,0,0,0
24,45,DL,0,0,0,0
24,45,UL,0,0,0,0
24,46,DL,0,0,0,0
24,46,UL,0,0,0,0
24,47,DL,0,0,0,0
24,47,UL,0,0,0,0
24,48,DL,0,0,0,0
24,48,UL,0,0,0,0
24,49,DL,0,0,0,0
24,49,UL,0,0,0,0
24,50,DL,0,0,0,0
24,50,UL,0,0,0,0
24,51,DL,0,0,0,0
24,51,UL,0,0,0,0
24,52,DL,0,0,0,0
24,52,UL,0,0,0,0
24,53,DL,0,0,0,0
24,53,UL,0,0,0,0
24,54,DL,0,0,0,0
24,54,UL,0,0,0,0
24,55,DL,0,0,0,0
24,55,UL,0,0,0,0
24,56,DL,0,0,0,0
24,56,UL,0,0,0,0
24,57,DL,0,0,0,0
24,57,UL,0,0,0,0
24,58,DL,0,0,0,0
24,58,UL,0,0,0,0
24,59,DL,0,0,0,0
24,59,UL,0,0,0,0
24,60,DL,0,0,0,0
24,60,UL,0,0,0,0
24,61,DL,0,0,0,0
24,61,UL,0,0,0,0
24,62,DL,0,0,0,0
24,62,UL,0,0,0,0
24,63,DL,0,0,0,0
24,63,UL,0,0,0,0
24,64,DL,0,0,0,0
24,64,UL,0,0,0,0
24,65,DL,0,0,0,0
24,65,UL,0,0,0,0
24,66,DL,0,0,0,0
24,66,UL,0,0,0,0
24,67,DL,0,0,0,0
24,67,UL,0,0,0,0
24,68,DL,0,0,0,0
24,68,UL,0,0,0,0
24,69,DL,0,0,0,0
24,69,UL,0,0,0,0
24,70,DL,0,0,0,0
24,70,UL,0,0,0,0
24,71,DL,0,0,0,0
24,71,UL,0,0,0,0
24,72,DL,0,0,0,0
24,72,UL,0,0,0,0
24,73,DL,0,0,0,0
24,73,UL,0,0,0,0
24,74,DL,0,0,0,0
24,74,UL,0,0,0,0
24,75,DL,0,0,0,0
24,75,UL,0,0,0,0
24,76,DL,0,0,0,0
24,76,UL,0,0,0,0
24,77,DL,0,0,0,0
24,77,UL,0,0,0,0
24,78,DL,0,0,0,0
24,78,UL,0,0,0,0
24,79,DL,0,0,0,0
24,79,UL,0,0,0,0
24,80,DL,0,0,0,0
24,80,UL,0,0,0,0
24,81,DL,0,0,0,0
24,81,UL,0,0,0,0
24,82,DL,0,0,0,0
24,82,UL,0,0,0,0
24,83,DL,0,0,0,0
24,83,UL,0,0,0,0
24,84,DL,2.3281,0.00423159,0.07967,1.66667
24,84,UL,0,0,0,0
24,85,DL,0,0,0,0
24,85,UL,0,0,0,0
24,86,DL,0,0,0,0
24,86,UL,0,0,0,0
24,87,DL,0,0,0,0
24,87,UL,0,0,0,0
24,88,DL,0,0,0,0
24,88,UL,0,0,0,0
24,89,DL,10.1152,0.324568,0.199497,4.16667
24,89,UL,0,0,0,0
24,90,DL,0,0,0,0
24,90,UL,0,0,0,0
24,91,DL,0,0,0,0
24,91,UL,0.247032,0,0.244141,100
24,92,DL,0,0,0,0
24,92,UL,0,0,0,0
24,93,DL,0,0,0,0
24,93,UL,0,0,0,0
24,94,DL,0,0,0,0
24,94,UL,0,0,0,0
24,95,DL,0,0,0,0
24,95,UL,0,0,0,0
24,96,DL,0,0,0,0
24,96,UL,0,0,0,0
24,97,DL,0,0,0,0
24,97,UL,0,0,0,0
24,98,DL,7.24836,0.230284,0.278259,5.83333
24,98,UL,0,0,0,0
24,99,DL,0,0,0,0
24,99,UL,0,0,0,0
24,100,DL,0,0,0,0
24,100,UL,0,0,0,0
24,101,DL,0,0,0,0
24,101,UL,0,0,0,0
24,102,DL,0,0,0,0
24,102,UL,0,0,0,0
24,103,DL,0,0,0,0
24,103,UL,0,0,0,0
24,104,DL,0,0,0,0
24,104,UL,0,0,0,0
24,105,DL,0,0,0,0
24,105,UL,0,0,0,0
24,106,DL,0,0,0,0
24,106,UL,0,0,0,0
24,107,DL,0,0,0,0
24,107,UL,0.247032,0,0.244141,100
24,108,DL,0,0,0,0
24,108,UL,0,0,0,0
24,109,DL,0,0,0,0
24,109,UL,0,0,0,0
24,110,DL,0,0,0,0
24,110,UL,0,0,0,0
24,111,DL,1.14663,0.0587181,0.0795555,1.66667
24,111,UL,0,0,0,0
24,112,DL,0,0,0,0
24,112,UL,0,0,0,0
24,113,DL,0,0,0,0
24,113,UL,0,0,0,0
24,114,DL,0,0,0,0
24,114,UL,0,0,0,0
26,0,DL,0,0,0,0
26,0,UL,0,0,0,0
26,1,DL,0,0,0,0
26,1,UL,0,0,0,0
26,2,DL,0,0,0,0
26,2,UL,0,0,0,0
26,3,DL,0,0,0,0
26,3,UL,0,0,0,0
26,4,DL,0,0,0,0
26,4,UL,0,0,0,0
26,5,DL,0,0,0,0
26,5,UL,0,0,0,0
26,6,DL,0,0,0,0
26,6,UL,0,0,0,0
26,7,DL,0,0,0,0
26,7,UL,0,0,0,0
26,8,DL,0,0,0,0
26,8,UL,0,0,0,0
26,9,DL,0,0,0,0
26,9,UL,0,0,0,0
26,10,DL,0,0,0,0
26,10,UL,0,0,0,0
26,11,DL,0,0,0,0
26,11,UL,0,0,0,0
26,12,DL,0,0,0,0
26,12,UL,0,0,0,0
26,13,DL,0,0,0,0
26,13,UL,0,0,0,0
26,14,DL,0,0,0,0
26,14,UL,0,0,0,0
26,15,DL,0,0,0,0
26,15,UL,0,0,0,0
26,16,DL,0,0,0,0
26,16,UL,0,0,0,0
26,17,DL,0,0,0,0
26,17,UL,0,0,0,0
26,18,DL,0,0,0,0
26,18,UL,0,0,0,0
26,19,DL,0,0,0,0
26,19,UL,0,0,0,0
26,20,DL,0,0,0,0
26,20,UL,0,0,0,0
26,21,DL,0,0,0,0
26,21,UL,0,0,0,0
26,22,DL,0,0,0,0
26,22,UL,0,0,0,0
26,23,DL,10.7709,0.0723535,0.319393,6.66667
26,23,UL,0,0,0,0
26,24,DL,0,0,0,0
26,24,UL,0,0,0,0
26,25,DL,0,0,0,0
26,25,UL,0,0,0,0
26,26,DL,0,0,0,0
26,26,UL,0,0,0,0
26,27,DL,0,0,0,0
26,27,UL,0,0,0,0
26,28,DL,0,0,0,0
26,28,UL,0,0,0,0
26,29,DL,0,0,0,0
26,29,UL,0,0,0,0
26,30,DL,0,0,0,0
26,30,UL,0,0,0,0
26,31,DL,0,0,0,0
26,31,UL,0,0,0,0
26,32,DL,0,0,0,0
26,32,UL,0,0,0,0
26,33,DL,0,0,0,0
26,33,UL,0,0,0,0
26,34,DL,0,0,0,0
26,34,UL,0,0,0,0
26,35,DL,0,0,0,0
26,35,UL,0,0,0,0
26,36,DL,0,0,0,0
26,36,UL,0,0,0,0
26,37,DL,0,0,0,0
26,37,UL,0,0,0,0
26,38,DL,0,0,0,0
26,38,UL,0,0,0,0
26,39,DL,0,0,0,0
26,39,UL,0,0,0,0
26,40,DL,0,0,0,0
26,40,UL,0,0,0,0
26,41,DL,0,0,0,0
26,41,UL,0,0,0,0
26,42,DL,0,0,0,0
26,42,UL,0,0,0,0
26,43,DL,0,0,0,0
26,43,UL,0,0,0,0
26,44,DL,0,0,0,0
26,44,UL,0,0,0,0
26,45,DL,0,0,0,0
26,45,UL,0,0,0,0
26,46,DL,0,0,0,0
26,46,UL,0,0,0,0
26,47,DL,0,0,0,0
26,47,UL,0,0,0,0
26,48,DL,0,0,0,0
26,48,UL,0,0,0,0
26,49,DL,0,0,0,0
26,49,UL,0,0,0,0
26,50,DL,0,0,0,0
26,50,UL,0,0,0,0
26,51,DL,0,0,0,0
26,51,UL,0,0,0,0
26,52,DL,0,0,0,0
26,52,UL,0,0,0,0
26,53,DL,0,0,0,0
26,53,UL,0,0,0,0
26,54,DL,0,0,0,0
26,54,UL,0,0,0,0
26,55,DL,0,0,0,0
26,55,UL,0,0,0,0
26,56,DL,0,0,0,0
26,56,UL,0,0,0,0
26,57,DL,0,0,0,0
26,57,UL,0,0,0,0
26,58,DL,0,0,0,0
26,58,UL,0,0,0,0
26,59,DL,0,0,0,0
26,59,UL,0,0,0,0
26,60,DL,0,0,0,0
26,60,UL,0,0,0,0
26,61,DL,0,0,0,0
26,61,UL,0,0,0,0
26,62,DL,0,0,0,0
26,62,UL,0,0,0,0
26,63,DL,0,0,0,0
26,63,UL,0,0,0,0
26,64,DL,0,0,0,0
26,64,UL,0,0,0,0
26,65,DL,0,0,0,0
26,65,UL,0,0,0,0
26,66,DL,0,0,0,0
26,66,UL,0,0,0,0
26,67,DL,0,0,0,0
26,67,UL,0,0,0,0
26,68,DL,0,0,0,0
26,68,UL,0,0,0,0
26,69,DL,0,0,0,0
26,69,UL,0,0,0,0
26,70,DL,0,0,0,0
26,70,UL,0,0,0,0
26,71,DL,0,0,0,0
26,71,UL,0,0,0,0
26,72,DL,0,0,0,0
26,72,UL,0,0,0,0
26,73,DL,0,0,0,0
26,73,UL,0,0,0,0
26,74,DL,0,0,0,0
26,74,UL,0,0,0,0
26,75,DL,0,0,0,0
26,75,UL,0,0,0,0
26,76,DL,0,0,0,0
26,76,UL,0,0,0,0
26,77,DL,0,0,0,0
26,77,UL,0,0,0,0
26,78,DL,0,0,0,0
26,78,UL,0,0,0,0
26,79,DL,0,0,0,0
26,79,UL,0,0,0,0
26,80,DL,0,0,0,0
26,80,UL,0,0,0,0
26,81,DL,0,0,0,0
26,81,UL,0,0,0,0
26,82,DL,0,0,0,0
26,82,UL,0,0,0,0
26,83,DL,0,0,0,0
26,83,UL,0,0,0,0
26,84,DL,0,0,0,0
26,84,UL,0,0,0,0
26,85,DL,0,0,0,0
26,85,UL,0,0,0,0
26,86,DL,0,0,0,0
26,86,UL,0,0,0,0
26,87,DL,0,0,0,0
26,87,UL,0,0,0,0
26,88,DL,0,0,0,0
26,88,UL,0,0,0,0
26,89,DL,0,0,0,0
26,89,UL,0,0,0,0
26,90,DL,0,0,0,0
26,90,UL,0,0,0,0
26,91,DL,0,0,0,0
26,91,UL,0.247032,0,0.244141,100
26,92,DL,0,0,0,0
26,92,UL,0,0,0,0
26,93,DL,0,0,0,0
26,93,UL,0,0,0,0
26,94,DL,0,0,0,0
26,94,UL,0,0,0,0
26,95,DL,0,0,0,0
26,95,UL,0,0,0,0
26,96,DL,0,0,0,0
26,96,UL,0,0,0,0
26,97,DL,0,0,0,0
26,97,UL,0,0,0,0
26,98,DL,7.68242,0.0714679,0.039753,0.840336
26,98,UL,0,0,0,0
26,99,DL,0,0,0,0
26,99,UL,0,0,0,0
26,100,DL,0,0,0,0
26,100,UL,0,0,0,0
26,101,DL,0,0,0,0
26,101,UL,0,0,0,0
26,102,DL,0,0,0,0
26,102,UL,0,0,0,0
26,103,DL,0,0,0,0
26,103,UL,0,0,0,0
26,104,DL,0,0,0,0
26,104,UL,0,0,0,0
26,105,DL,0,0,0,0
26,105,UL,0,0,0,0
26,106,DL,0,0,0,0
26,106,UL,0,0,0,0
26,107,DL,0,0,0,0
26,107,UL,0.247032,0,0.244141,100
26,108,DL,0,0,0,0
26,108,UL,0,0,0,0
26,109,DL,0,0,0,0
26,109,UL,0,0,0,0
26,110,DL,0,0,0,0
26,110,UL,0,0,0,0
26,111,DL,2.35874,0.104242,0.556961,11.5702
26,111,UL,0,0,0,0
26,112,DL,0,0,0,0
26,112,UL,0,0,0,0
26,113,DL,0,0,0,0
26,113,UL,0,0,0,0
26,114,DL,0,0,0,0
26,114,UL,0,0,0,0
28,0,DL,0,0,0,0
28,0,UL,0,0,0,0
28,1,DL,0,0,0,0
28,1,UL,0,0,0,0
28,2,DL,0,0,0,0
28,2,UL,0,0,0,0
28,3,DL,0,0,0,0
28,3,UL,0,0,0,0
28,4,DL,0,0,0,0
28,4,UL,0,0,0,0
28,5,DL,0,0,0,0
28,5,UL,0,0,0,0
28,6,DL,0,0,0,0
28,6,UL,0,0,0,0
28,7,DL,0,0,0,0
28,7,UL,0,0,0,0
28,8,DL,0,0,0,0
28,8,UL,0,0,0,0
28,9,DL,0,0,0,0
28,9,UL,0,0,0,0
28,10,DL,0,0,0,0
28,10,UL,0,0,0,0
28,11,DL,0,0,0,0
28,11,UL,0,0,0,0
28,12,DL,0,0,0,0
28,12,UL,0,0,0,0
28,13,DL,0,0,0,0
28,13,UL,0,0,0,0
28,14,DL,0,0,0,0
28,14,UL,0,0,0,0
28,15,DL,0,0,0,0
28,15,UL,0,0,0,0
28,16,DL,0,0,0,0
28,16,UL,0,0,0,0
28,17,DL,0,0,0,0
28,17,UL,0,0,0,0
28,18,DL,0,0,0,0
28,18,UL,0,0,0,0
28,19,DL,10.6479,0.540596,0.438908,9.16667
28,19,UL,0,0,0,0
28,20,DL,0,0,0,0
28,20,UL,0,0,0,0
28,21,DL,0,0,0,0
28,21,UL,0,0,0,0
28,22,DL,0,0,0,0
28,22,UL,0,0,0,0
28,23,DL,0,0,0,0
28,23,UL,0,0,0,0
28,24,DL,0,0,0,0
28,24,UL,0,0,0,0
28,25,DL,0,0,0,0
28,25,UL,0,0,0,0
28,26,DL,0,0,0,0
28,26,UL,0,0,0,0
28,27,DL,0,0,0,0
28,27,UL,0,0,0,0
28,28,DL,0,0,0,0
28,28,UL,0,0,0,0
28,29,DL,0,0,0,0
28,29,UL,0,0,0,0
28,30,DL,0,0,0,0
28,30,UL,0,0,0,0
28,31,DL,0,0,0,0
28,31,UL,0,0,0,0
28,32,DL,0,0,0,0
28,32,UL,0,0,0,0
28,33,DL,0,0,0,0
28,33,UL,0,0,0,0
28,34,DL,0,0,0,0
28,34,UL,0,0,0,0
28,35,DL,0,0,0,0
28,35,UL,0,0,0,0
28,36,DL,0,0,0,0
28,36,UL,0,0,0,0
28,37,DL,0,0,0,0
28,37,UL,0,0,0,0
28,38,DL,0,0,0,0
28,38,UL,0,0,0,0
28,39,DL,0,0,0,0
28,39,UL,0,0,0,0
28,40,DL,0,0,0,0
28,40,UL,0,0,0,0
28,41,DL,0,0,0,0
28,41,UL,0,0,0,0
28,42,DL,0,0,0,0
28,42,UL,0,0,0,0
28,43,DL,0,0,0,0
28,43,UL,0,0,0,0
28,44,DL,0,0,0,0
28,44,UL,0,0,0,0
28,45,DL,0,0,0,0
28,45,UL,0,0,0,0
28,46,DL,0,0,0,0
28,46,UL,0,0,0,0
28,47,DL,0,0,0,0
28,47,UL,0,0,0,0
28,48,DL,0,0,0,0
28,48,UL,0,0,0,0
28,49,DL,0,0,0,0
28,49,UL,0,0,0,0
28,50,DL,0,0,0,0
28,50,UL,0,0,0,0
28,51,DL,0,0,0,0
28,51,UL,0,0,0,0
28,52,DL,0,0,0,0
28,52,UL,0,0,0,0
28,53,DL,0,0,0,0
28,53,UL,0,0,0,0
28,54,DL,0,0,0,0
28,54,UL,0,0,0,0
28,55,DL,0,0,0,0
28,55,UL,0,0,0,0
28,56,DL,0,0,0,0
28,56,UL,0,0,0,0
28,57,DL,0,0,0,0
28,57,UL,0,0,0,0
28,58,DL,0,0,0,0
28,58,UL,0,0,0,0
28,59,DL,0,0,0,0
28,59,UL,0,0,0,0
28,60,DL,0,0,0,0
28,60,UL,0,0,0,0
28,61,DL,0,0,0,0
28,61,UL,0,0,0,0
28,62,DL,0,0,0,0
28,62,UL,0,0,0,0
28,63,DL,0,0,0,0
28,63,UL,0,0,0,0
28,64,DL,0,0,0,0
28,64,UL,0,0,0,0
28,65,DL,0,0,0,0
28,65,UL,0,0,0,0
28,66,DL,0,0,0,0
28,66,UL,0,0,0,0
28,67,DL,0,0,0,0
28,67,UL,0,0,0,0
28,68,DL,0,0,0,0
28,68,UL,0,0,0,0
28,69,DL,0,0,0,0
28,69,UL,0,0,0,0
28,70,DL,0,0,0,0
28,70,UL,0,0,0,0
28,71,DL,0,0,0,0
28,71,UL,0,0,0,0
28,72,DL,0,0,0,0
28,72,UL,0,0,0,0
28,73,DL,0,0,0,0
28,73,UL,0,0,0,0
28,74,DL,0,0,0,0
28,74,UL,0,0,0,0
28,75,DL,0,0,0,0
28,75,UL,0,0,0,0
28,76,DL,0,0,0,0
28,76,UL,0,0,0,0
28,77,DL,0,0,0,0
28,77,UL,0,0,0,0
28,78,DL,0,0,0,0
28,78,UL,0,0,0,0
28,79,DL,0,0,0,0
28,79,UL,0,0,0,0
28,80,DL,0,0,0,0
28,80,UL,0,0,0,0
28,81,DL,0,0,0,0
28,81,UL,0,0,0,0
28,82,DL,0,0,0,0
28,82,UL,0,0,0,0
28,83,DL,0,0,0,0
28,83,UL,0,0,0,0
28,84,DL,0,0,0,0
28,84,UL,0,0,0,0
28,85,DL,0,0,0,0
28,85,UL,0,0,0,0
28,86,DL,0,0,0,0
28,86,UL,0,0,0,0
28,87,DL,0,0,0,0
28,87,UL,0,0,0,0
28,88,DL,0,0,0,0
28,88,UL,0,0,0,0
28,89,DL,0,0,0,0
28,89,UL,0,0,0,0
28,90,DL,0,0,0,0
28,90,UL,0,0,0,0
28,91,DL,0,0,0,0
28,91,UL,0.247032,0,0.244141,100
28,92,DL,0,0,0,0
28,92,UL,0,0,0,0
28,93,DL,0,0,0,0
28,93,UL,0,0,0,0
28,94,DL,0,0,0,0
28,94,UL,0,0,0,0
28,95,DL,0,0,0,0
28,95,UL,0,0,0,0
28,96,DL,0,0,0,0
28,96,UL,0,0,0,0
28,97,DL,0,0,0,0
28,97,UL,0,0,0,0
28,98,DL,0,0,0,0
28,98,UL,0,0,0,0
28,99,DL,0,0,0,0
28,99,UL,0,0,0,0
28,100,DL,0,0,0,0
28,100,UL,0,0,0,0
28,101,DL,0,0,0,0
28,101,UL,0,0,0,0
28,102,DL,0,0,0,0
28,102,UL,0,0,0,0
28,103,DL,0,0,0,0
28,103,UL,0,0,0,0
28,104,DL,0,0,0,0
28,104,UL,0,0,0,0
28,105,DL,0,0,0,0
28,105,UL,0,0,0,0
28,106,DL,0,0,0,0
28,106,UL,0,0,0,0
28,107,DL,0,0,0,0
28,107,UL,0.247292,0.000259947,0.184082,75.4
28,108,DL,0,0,0,0
28,108,UL,0,0,0,0
28,109,DL,0,0,0,0
28,109,UL,0,0,0,0
28,110,DL,0,0,0,0
28,110,UL,0,0,0,0
28,111,DL,3.06371,0.0308055,0.875946,18.3333
28,111,UL,0,0,0,0
28,112,DL,4.51134,0.193443,0.198914,4.16667
28,112,UL,0,0,0,0
28,113,DL,0,0,0,0
28,113,UL,0,0,0,0
28,114,DL,0,0,0,0
28,114,UL,0,0,0,0
