Time,UE,Delay,Jitter,Throughput,PDR,PLR
2,0,0,0,0,0,0
2,1,0,0,0,0,0
2,2,0,0,0,0,0
2,3,0,0,0,0,0
2,4,0,0,0,0,0
2,5,0,0,0,0,0
2,6,0,0,0,0,0
2,7,0,0,0,0,0
2,8,0,0,0,0,0
2,9,0,0,0,0,0
2,10,0,0,0,0,0
2,11,0,0,0,0,0
2,12,0,0,0,0,0
2,13,0,0,0,0,0
2,14,0,0,0,0,0
2,15,0,0,0,0,0
2,16,0,0,0,0,0
2,17,0,0,0,0,0
2,18,0,0,0,0,0
2,19,0,0,0,0,0
2,20,0,0,0,0,0
2,21,0,0,0,0,0
2,22,0,0,0,0,0
2,23,0,0,0,0,0
2,24,0,0,0,0,0
2,25,0,0,0,0,0
2,26,0,0,0,0,0
2,27,0,0,0,0,0
2,28,0,0,0,0,0
2,29,0,0,0,0,0
2,30,0,0,0,0,0
2,31,0,0,0,0,0
2,32,0,0,0,0,0
2,33,0,0,0,0,0
2,34,0,0,0,0,0
2,35,0,0,0,0,0
2,36,0,0,0,0,0
2,37,0,0,0,0,0
2,38,0,0,0,0,0
2,39,0,0,0,0,0
2,40,0,0,0,0,0
2,41,0,0,0,0,0
2,42,0,0,0,0,0
2,43,0,0,0,0,0
2,44,0,0,0,0,0
2,45,0,0,0,0,0
2,46,0,0,0,0,0
2,47,0,0,0,0,0
2,48,0,0,0,0,0
2,49,0,0,0,0,0
4,0,0.0113361,0.00345185,0.385056,98.4375,1.5625
4,1,0.103793,0.0296691,0.378944,60.7843,39.2157
4,2,0.140352,0.0374177,0.293376,55.1724,44.8276
4,3,0.116605,0.0284815,0.3056,60.9756,39.0244
4,4,0.0178622,0.00638094,0.403392,95.6522,4.34783
4,5,0.00423448,0.000470221,0.537856,100,0
4,6,0.0098649,0.00309861,0.464512,98.7013,1.2987
4,7,0.0970492,0.0316994,0.268928,68.75,31.25
4,8,0.0504357,0.0180928,0.36672,90.9091,9.09091
4,9,0.0945224,0.0284111,0.342272,66.6667,33.3333
4,10,0.122007,0.0261862,0.293376,59.2593,40.7407
4,11,0.124156,0.0275382,0.177248,36.7089,63.2911
4,12,0.095914,0.0211844,0.323936,67.9487,32.0513
4,13,0.0815932,0.0277714,0.3056,69.4444,30.5556
4,14,0.107838,0.026002,0.250592,70.6897,29.3103
4,15,0.129181,0.0245821,0.33616,72.3684,27.6316
4,16,0.110189,0.0258254,0.299488,69.0141,30.9859
4,17,0.133443,0.0364721,0.085568,20,80
4,18,0.104057,0.0529524,0.018336,3.44828,96.5517
4,19,0.142504,0.0325538,0.250592,40.1961,59.8039
4,20,0,0,0,0,100
4,21,0.107017,0.0257993,0.293376,64.8649,35.1351
4,22,0.114513,0.0328654,0.232256,38.7755,61.2245
4,23,0.110492,0.0355226,0.281152,46,54
4,24,0.122559,0.0280425,0.18336,46.875,53.125
4,25,0.099054,0,0.006112,1.49254,98.5075
4,26,0.139738,0.0302047,0.158912,33.7662,66.2338
4,27,0.175177,0.012,0.036672,7.89474,92.1053
4,28,0.151218,0.0362053,0.073344,13.7931,86.2069
4,29,0.18547,0.041012,0.079456,18.8406,81.1594
4,30,0.0877474,0.0211923,0.311712,71.831,28.169
4,31,0.143183,0.026,0.012224,2.5641,97.4359
4,32,0.106459,0.0302376,0.232256,63.3333,36.6667
4,33,0.153384,0.0372805,0.1528,38.4615,61.5385
4,34,0.123524,0.0395199,0.226144,51.3889,48.6111
4,35,0.0040268,0.000285781,0.501184,100,0
4,36,0.122181,0.0521066,0.073344,14.4578,85.5422
4,37,0.154516,0.02494,0.140576,29.1139,70.8861
4,38,0.0913503,0.0297519,0.342272,76.7123,23.2877
4,39,0.122504,0.0260147,0.317824,67.5325,32.4675
4,40,0.0820998,0.0215713,0.27504,81.8182,18.1818
4,41,0.113333,0.0257982,0.18336,49.1803,50.8197
4,42,0.0990408,0.0275141,0.293376,64.8649,35.1351
4,43,0.125479,0.0256273,0.287264,61.039,38.961
4,44,0.0214898,0.0064114,0.531744,96.6667,3.33333
4,45,0.162727,0.0180607,0.03056,6.41026,93.5897
4,46,0.127551,0.0217778,0.281152,64.7887,35.2113
4,47,0,0,0,0,100
4,48,0.164017,0.0361412,0.21392,47.2973,52.7027
4,49,0.0561653,0.0165609,0.409504,84.8101,15.1899
6,0,0.00724993,0.00156489,0.470624,95.0617,4.93827
6,1,0.113712,0.0307512,0.250592,55.4054,44.5946
6,2,0.128171,0.0310386,0.348384,68.6747,31.3253
6,3,0.120527,0.0295698,0.3056,74.6269,25.3731
6,4,0.0280277,0.00859027,0.635648,95.4128,4.58716
6,5,0.00404833,0.000367897,0.562304,100,0
6,6,0.00630092,0.0014867,0.592864,95.098,4.90196
6,7,0.117252,0.030792,0.360608,75.641,24.359
6,8,0.0558358,0.0210979,0.421728,74.1935,25.8065
6,9,0.103167,0.0285786,0.446176,74.4898,25.5102
6,10,0.119107,0.0259567,0.250592,68.3333,31.6667
6,11,0.128899,0.0315824,0.403392,69.4737,30.5263
6,12,0.109888,0.0256317,0.342272,80,20
6,13,0.0944917,0.0282567,0.195584,48.4848,51.5152
6,14,0.0985506,0.0255211,0.440064,82.7586,17.2414
6,15,0.125181,0.0246997,0.403392,78.5714,21.4286
6,16,0.105426,0.0267924,0.391168,81.0127,18.9873
6,17,0.124231,0.0343989,0.232256,46.3415,53.6585
6,18,0.139086,0.0312509,0.140576,31.5068,68.4932
6,19,0.142303,0.0344122,0.287264,45.1923,54.8077
6,20,0.184227,0,0.006112,1.02041,98.9796
6,21,0.117135,0.0265639,0.446176,74.4898,25.5102
6,22,0.0904408,0.0203092,0.42784,100,0
6,23,0.117261,0.0314383,0.3056,61.7284,38.2716
6,24,0.127259,0.0277364,0.256704,44.2105,55.7895
6,25,0.102445,0.0033907,0.006112,1.02041,98.9796
6,26,0.137045,0.033669,0.24448,40.404,59.596
6,27,0.188459,0.0213804,0.036672,7.59494,92.4051
6,28,0.151048,0.0376056,0.079456,16.0494,83.9506
6,29,0.160595,0.0380002,0.171136,30.7692,69.2308
6,30,0.10365,0.0234725,0.415616,80.9524,19.0476
6,31,0.145062,0.0240604,0.012224,2.77778,97.2222
6,32,0.109043,0.0293024,0.299488,61.25,38.75
6,33,0.119417,0.031777,0.33616,85.9375,14.0625
6,34,0.119786,0.0387685,0.220032,62.069,37.931
6,35,0.00391975,0.000309293,0.537856,100,0
6,36,0.114286,0.0367406,0.201696,47.8261,52.1739
6,37,0.151407,0.0289804,0.116128,22.8916,77.1084
6,38,0.111493,0.029299,0.348384,76,24
6,39,0.125997,0.0284528,0.342272,77.7778,22.2222
6,40,0.101415,0.0249158,0.3056,61.7284,38.2716
6,41,0.120763,0.0303751,0.250592,52.5641,47.4359
6,42,0.104388,0.0260201,0.452288,73.2673,26.7327
6,43,0.130079,0.0261798,0.354496,79.4521,20.5479
6,44,0.0196875,0.00626541,0.415616,97.1429,2.85714
6,45,0.162727,0.0180607,0,0,100
6,46,0.103434,0.0262275,0.378944,91.1765,8.82353
6,47,0.105381,0.0216157,0.116128,25.6757,74.3243
6,48,0.137565,0.0330678,0.317824,61.9048,38.0952
6,49,0.0479741,0.0125903,0.513408,94.382,5.61798
8,0,0.011796,0.00356364,0.574528,100,0
8,1,0.12045,0.0296972,0.293376,64,36
8,2,0.12687,0.0309923,0.360608,67.8161,32.1839
8,3,0.1259,0.0305392,0.250592,60.2941,39.7059
8,4,0.0293233,0.00977983,0.403392,90.411,9.58904
8,5,0.00394423,0.000283231,0.513408,94.382,5.61798
8,6,0.0132535,0.00414008,0.629536,97.1698,2.83019
8,7,0.118739,0.034229,0.24448,53.3333,46.6667
8,8,0.0513968,0.0165564,0.598976,100,0
8,9,0.0990925,0.0278105,0.42784,64.8148,35.1852
8,10,0.124253,0.0297891,0.232256,49.3506,50.6494
8,11,0.134663,0.0298604,0.311712,56.044,43.956
8,12,0.102586,0.0243962,0.317824,77.6119,22.3881
8,13,0.106878,0.0290222,0.317824,61.1765,38.8235
8,14,0.097299,0.0243436,0.403392,70.2128,29.7872
8,15,0.117647,0.0255381,0.293376,70.5882,29.4118
8,16,0.115856,0.0277878,0.391168,70.3297,29.6703
8,17,0.119983,0.0317686,0.177248,35.3659,64.6341
8,18,0.142049,0.0323918,0.097792,16.3265,83.6735
8,19,0.143525,0.0337298,0.226144,40.2174,59.7826
8,20,0.146233,0.0379942,0.006112,1.53846,98.4615
8,21,0.115944,0.0261732,0.311712,71.831,28.169
8,22,0.0984005,0.0226605,0.201696,48.5294,51.4706
8,23,0.119106,0.0308154,0.110016,25.7143,74.2857
8,24,0.123724,0.0321705,0.195584,40,60
8,25,0.102861,0.00297471,0.006112,1.40845,98.5915
8,26,0.139483,0.0338969,0.189472,45.5882,54.4118
8,27,0.17773,0.0209261,0.018336,3.06122,96.9388
8,28,0.15609,0.0380174,0.067232,13.4146,86.5854
8,29,0.158603,0.0373164,0.103904,17.1717,82.8283
8,30,0.110822,0.0251316,0.262816,64.1791,35.8209
8,31,0.149773,0.0260315,0.067232,12.5,87.5
8,32,0.119318,0.0302595,0.21392,51.4706,48.5294
8,33,0.118356,0.0316845,0.317824,59.7701,40.2299
8,34,0.117998,0.0364285,0.27504,60,40
8,35,0.00385666,0.000241098,0.592864,100,0
8,36,0.129704,0.0331814,0.189472,37.3494,62.6506
8,37,0.15049,0.0286165,0.067232,11.828,88.172
8,38,0.109025,0.0289362,0.268928,68.75,31.25
8,39,0.12159,0.0289419,0.403392,68.75,31.25
8,40,0.0952647,0.023715,0.323936,82.8125,17.1875
8,41,0.119571,0.0294886,0.116128,22.619,77.381
8,42,0.101597,0.0253806,0.36672,74.0741,25.9259
8,43,0.12867,0.0279183,0.323936,58.2418,41.7582
8,44,0.0155337,0.00499591,0.513408,98.8235,1.17647
8,45,0.15481,0.0292923,0.079456,16.25,83.75
8,46,0.105691,0.0271801,0.372832,61.6162,38.3838
8,47,0.120886,0.0304359,0.342272,69.1358,30.8642
8,48,0.133641,0.03177,0.372832,57.5472,42.4528
8,49,0.0348364,0.00955733,0.568416,97.8947,2.10526
10,0,0.0141554,0.00458498,0.482848,95.1807,4.81928
10,1,0.116669,0.0287447,0.330048,64.2857,35.7143
10,2,0.127694,0.0293001,0.440064,65.4545,34.5455
10,3,0.126552,0.0332364,0.207808,59.6491,40.3509
10,4,0.0399836,0.0121206,0.586752,88.8889,11.1111
10,5,0.0087667,0.00222943,0.708992,96.6667,3.33333
10,6,0.0130296,0.00409498,0.342272,100,0
10,7,0.121108,0.0357103,0.293376,58.5366,41.4634
10,8,0.0401108,0.0128349,0.507296,95.4023,4.5977
10,9,0.103266,0.028796,0.409504,66.3366,33.6634
10,10,0.124827,0.031927,0.299488,56.9767,43.0233
10,11,0.134931,0.0307408,0.110016,20.2247,79.7753
10,12,0.108326,0.0260337,0.33616,63.9535,36.0465
10,13,0.117482,0.0295174,0.4584,60.9756,39.0244
10,14,0.0903368,0.0224791,0.433952,100,0
10,15,0.122417,0.0258594,0.36672,75,25
10,16,0.114795,0.0265699,0.354496,72.5,27.5
10,17,0.124218,0.0326204,0.09168,23.4375,76.5625
10,18,0.141261,0.0381591,0.110016,24,76
10,19,0.14584,0.0334666,0.1528,28.7356,71.2644
10,20,0.144386,0.0361468,0.006112,1.14943,98.8506
10,21,0.113644,0.0261522,0.385056,78.75,21.25
10,22,0.106731,0.0250708,0.189472,58.4906,41.5094
10,23,0.121908,0.0310576,0.06112,15.625,84.375
10,24,0.131411,0.0313477,0.220032,39.1304,60.8696
10,25,0.120779,0.0564914,0.036672,7.59494,92.4051
10,26,0.140351,0.0348959,0.116128,17.4312,82.5688
10,27,0.149636,0.0261103,0.1528,23.8095,76.1905
10,28,0.14734,0.0406568,0.06112,10.8696,89.1304
10,29,0.153493,0.0356092,0.128352,29.1667,70.8333
10,30,0.113856,0.0264089,0.27504,62.5,37.5
10,31,0.148829,0.0225846,0.09168,16.8539,83.1461
10,32,0.117712,0.0309704,0.27504,46.875,53.125
10,33,0.12396,0.0298368,0.403392,76.7442,23.2558
10,34,0.122281,0.035613,0.177248,50,50
10,35,0.00375976,0.000246666,0.433952,100,0
10,36,0.129033,0.0348336,0.048896,10.1266,89.8734
10,37,0.151727,0.0294056,0.097792,19.0476,80.9524
10,38,0.114254,0.0293619,0.311712,53.6842,46.3158
10,39,0.123909,0.0282487,0.378944,75.6098,24.3902
10,40,0.093371,0.0235861,0.287264,62.6667,37.3333
10,41,0.125932,0.0294827,0.158912,30.2326,69.7674
10,42,0.105058,0.0255243,0.433952,67.619,32.381
10,43,0.123943,0.029428,0.317824,83.871,16.129
10,44,0.0135611,0.00441054,0.495072,98.7805,1.21951
10,45,0.158887,0.0259312,0.110016,20.9302,79.0698
10,46,0.105526,0.0270024,0.409504,82.716,17.284
10,47,0.114667,0.0325341,0.281152,70.7692,29.2308
10,48,0.136824,0.0313777,0.378944,75.6098,24.3902
10,49,0.0313179,0.00871605,0.403392,97.0588,2.94118
12,0,0.0186009,0.00604073,0.476736,90.6977,9.30233
12,1,0.122806,0.0296365,0.33616,55,45
12,2,0.128641,0.0288216,0.311712,56.044,43.956
12,3,0.126035,0.0338514,0.287264,53.4091,46.5909
12,4,0.0429334,0.0125834,0.330048,68.3544,31.6456
12,5,0.0124219,0.00342841,0.556192,100,0
12,6,0.0121293,0.00373701,0.556192,98.913,1.08696
12,7,0.124103,0.0340027,0.293376,60.7595,39.2405
12,8,0.0359517,0.0124189,0.537856,91.6667,8.33333
12,9,0.10573,0.0295949,0.232256,63.3333,36.6667
12,10,0.125355,0.0313666,0.232256,48.7179,51.2821
12,11,0.136888,0.0310276,0.110016,20.4545,79.5455
12,12,0.102372,0.0257106,0.446176,80.2198,19.7802
12,13,0.120009,0.0289087,0.360608,66.2921,33.7079
12,14,0.0851319,0.0231094,0.415616,89.4737,10.5263
12,15,0.110416,0.0251285,0.440064,80,20
12,16,0.114956,0.0264737,0.378944,73.8095,26.1905
12,17,0.123213,0.0318691,0.232256,50,50
12,18,0.13912,0.0412539,0.146688,30,70
12,19,0.145498,0.0341627,0.201696,45.8333,54.1667
12,20,0.152356,0.0398746,0.018336,2.9703,97.0297
12,21,0.109912,0.0258487,0.385056,72.4138,27.5862
12,22,0.109743,0.0258192,0.342272,71.7949,28.2051
12,23,0.124849,0.0306659,0.042784,6.42202,93.578
12,24,0.133822,0.0325875,0.103904,26.5625,73.4375
12,25,0.151874,0.0524553,0.097792,20,80
12,26,0.14074,0.0368448,0.103904,31.4815,68.5185
12,27,0.14457,0.02832,0.3056,56.1798,43.8202
12,28,0.146316,0.038982,0.018336,3.57143,96.4286
12,29,0.150019,0.0347254,0.158912,27.3684,72.6316
12,30,0.113165,0.0261294,0.391168,68.8172,31.1828
12,31,0.148281,0.0219541,0.006112,1.21951,98.7805
12,32,0.121126,0.0321997,0.158912,33.3333,66.6667
12,33,0.123292,0.0292586,0.281152,60.5263,39.4737
12,34,0.122602,0.0331176,0.391168,74.4186,25.5814
12,35,0.00381078,0.000266622,0.543968,100,0
12,36,0.131098,0.0366755,0.146688,40,60
12,37,0.146086,0.0298329,0.195584,37.2093,62.7907
12,38,0.122204,0.0299555,0.256704,45.1613,54.8387
12,39,0.11989,0.027789,0.433952,70.297,29.703
12,40,0.0985979,0.0250706,0.3056,60.9756,39.0244
12,41,0.128749,0.0285634,0.103904,20,80
12,42,0.108857,0.0268198,0.281152,49.4624,50.5376
12,43,0.122122,0.0292772,0.372832,72.619,27.381
12,44,0.0126848,0.00443969,0.6112,98.0392,1.96078
12,45,0.158236,0.0275006,0.048896,9.41176,90.5882
12,46,0.104496,0.0263142,0.501184,80.3922,19.6078
12,47,0.119026,0.0312126,0.299488,59.7561,40.2439
12,48,0.137956,0.0316559,0.391168,67.3684,32.6316
12,49,0.0329876,0.00923865,0.51952,86.7347,13.2653
14,0,0.018269,0.00659774,0.501184,97.619,2.38095
14,1,0.120978,0.0297434,0.27504,56.25,43.75
14,2,0.130217,0.0290327,0.360608,78.6667,21.3333
14,3,0.128275,0.0320379,0.421728,69.697,30.303
14,4,0.0495844,0.0140211,0.513408,94.382,5.61798
14,5,0.0123675,0.00344728,0.403392,95.6522,4.34783
14,6,0.0144933,0.00462017,0.476736,93.9759,6.0241
14,7,0.12287,0.0320269,0.391168,73.5632,26.4368
14,8,0.0331947,0.0116617,0.58064,100,0
14,9,0.108262,0.0297767,0.354496,71.6049,28.3951
14,10,0.119659,0.029503,0.293376,57.8313,42.1687
14,11,0.135975,0.0316794,0.110016,29.0323,70.9677
14,12,0.0939226,0.0241841,0.507296,96.5116,3.48837
14,13,0.120908,0.0294203,0.330048,55.6701,44.3299
14,14,0.0841379,0.022418,0.3056,80.6452,19.3548
14,15,0.104791,0.0249171,0.42784,76.9231,23.0769
14,16,0.116003,0.026299,0.391168,68.8172,31.1828
14,17,0.125554,0.0334234,0.201696,50,50
14,18,0.138702,0.0417815,0.006112,1.20482,98.7952
14,19,0.145234,0.0345576,0.171136,31.4607,68.5393
14,20,0.145015,0.0479751,0.006112,1.26582,98.7342
14,21,0.107341,0.0262025,0.268928,66.6667,33.3333
14,22,0.1098,0.0267155,0.323936,63.0952,36.9048
14,23,0.128637,0.0303788,0.158912,41.2698,58.7302
14,24,0.133965,0.0328053,0.189472,37.3494,62.6506
14,25,0.153565,0.0428708,0.055008,11.3924,88.6076
14,26,0.142851,0.0365681,0.158912,35.1351,64.8649
14,27,0.137356,0.0281318,0.311712,75,25
14,28,0.149176,0.035288,0.06112,13.8889,86.1111
14,29,0.148864,0.0365798,0.12224,22.9885,77.0115
14,30,0.116902,0.0263336,0.378944,63.9175,36.0825
14,31,0.15257,0.0343302,0.067232,13.253,86.747
14,32,0.123866,0.0329644,0.220032,50,50
14,33,0.119598,0.0280979,0.476736,78.7879,21.2121
14,34,0.111818,0.0307302,0.433952,79.7753,20.2247
14,35,0.00383395,0.000283586,0.605088,100,0
14,36,0.131161,0.0372519,0.085568,18.1818,81.8182
14,37,0.143048,0.0293537,0.171136,34.1463,65.8537
14,38,0.124,0.0296129,0.311712,64.557,35.443
14,39,0.117765,0.0266701,0.51952,80.9524,19.0476
14,40,0.102076,0.0257265,0.403392,84.6154,15.3846
14,41,0.128749,0.0285634,0,0,100
14,42,0.112384,0.0284626,0.281152,56.7901,43.2099
14,43,0.118284,0.0281942,0.409504,67.6768,32.3232
14,44,0.0137106,0.00481971,0.586752,96,4
14,45,0.164171,0.0264653,0.055008,12.5,87.5
14,46,0.105104,0.0258505,0.385056,80.7692,19.2308
14,47,0.116966,0.0304294,0.39728,60.1852,39.8148
14,48,0.13484,0.0313913,0.195584,45.7143,54.2857
14,49,0.03691,0.0103915,0.556192,87.5,12.5
16,0,0.0225116,0.00776492,0.525632,82.6923,17.3077
16,1,0.123007,0.0301123,0.256704,48.8372,51.1628
16,2,0.131781,0.0295393,0.293376,66.6667,33.3333
16,3,0.128658,0.0319848,0.299488,80.3279,19.6721
16,4,0.0515074,0.015041,0.635648,95.4128,4.58716
16,5,0.0183297,0.00484658,0.360608,90.7692,9.23077
16,6,0.0207723,0.0065104,0.4584,85.2273,14.7727
16,7,0.123287,0.0309593,0.482848,65.8333,34.1667
16,8,0.0333915,0.0125441,0.409504,79.7619,20.2381
16,9,0.108611,0.0299596,0.433952,76.3441,23.6559
16,10,0.122583,0.0316029,0.238368,43.8202,56.1798
16,11,0.136667,0.0314848,0.281152,53.4884,46.5116
16,12,0.0893255,0.0229073,0.39728,74.7126,25.2874
16,13,0.122206,0.0310875,0.195584,32.3232,67.6768
16,14,0.0879915,0.0231575,0.262816,68.254,31.746
16,15,0.10496,0.0252731,0.433952,84.5238,15.4762
16,16,0.113182,0.0266324,0.36672,71.4286,28.5714
16,17,0.128192,0.0333157,0.128352,24.7059,75.2941
16,18,0.138702,0.0417815,0,0,100
16,19,0.142787,0.0347386,0.128352,24.4186,75.5814
16,20,0.148905,0.0460326,0.012224,2.40964,97.5904
16,21,0.106588,0.0256479,0.403392,85.7143,14.2857
16,22,0.111919,0.0270801,0.262816,54.4304,45.5696
16,23,0.130004,0.0302047,0.042784,6.60377,93.3962
16,24,0.133986,0.0320811,0.171136,37.3333,62.6667
16,25,0.151001,0.0354695,0.165024,28.7234,71.2766
16,26,0.144734,0.0360422,0.067232,11.5789,88.4211
16,27,0.133839,0.0272738,0.189472,40.2597,59.7403
16,28,0.146998,0.0340554,0.1528,33.3333,66.6667
16,29,0.146409,0.0353506,0.110016,18.5567,81.4433
16,30,0.119936,0.0277436,0.281152,55.4217,44.5783
16,31,0.157365,0.0376256,0.165024,32.9268,67.0732
16,32,0.125206,0.031891,0.330048,50.9434,49.0566
16,33,0.117412,0.027071,0.4584,84.2697,15.7303
16,34,0.115403,0.0295033,0.446176,73,27
16,35,0.00378617,0.000291674,0.433952,100,0
16,36,0.133128,0.0365175,0.09168,21.4286,78.5714
16,37,0.142799,0.0299047,0.207808,32.0755,67.9245
16,38,0.124527,0.0305509,0.256704,48.2759,51.7241
16,39,0.116049,0.0262596,0.360608,69.4118,30.5882
16,40,0.103278,0.0268663,0.299488,71.0145,28.9855
16,41,0.128749,0.0285634,0,0,100
16,42,0.112794,0.02835,0.330048,60.6742,39.3258
16,43,0.115741,0.0280897,0.464512,82.6087,17.3913
16,44,0.0137988,0.00486108,0.556192,98.913,1.08696
16,45,0.162788,0.0311668,0.024448,4.87805,95.122
16,46,0.105422,0.0257544,0.348384,75,25
16,47,0.115493,0.0296779,0.354496,69.0476,30.9524
16,48,0.133553,0.0313556,0.311712,59.3023,40.6977
16,49,0.0437849,0.0126961,0.354496,74.359,25.641
18,0,0.0292657,0.0101555,0.415616,82.9268,17.0732
18,1,0.122786,0.0314803,0.250592,40.1961,59.8039
18,2,0.128697,0.0290507,0.378944,64.5833,35.4167
18,3,0.128264,0.0319419,0.348384,64.7727,35.2273
18,4,0.0570513,0.0164873,0.39728,73.8636,26.1364
18,5,0.0201367,0.00562247,0.36672,80,20
18,6,0.018809,0.00624448,0.537856,92.6316,7.36842
18,7,0.125199,0.0309314,0.317824,55.3191,44.6809
18,8,0.0366023,0.0137165,0.39728,80.2469,19.7531
18,9,0.104152,0.0294185,0.232256,84.4444,15.5556
18,10,0.117967,0.0310147,0.36672,72.2892,27.7108
18,11,0.137662,0.0328209,0.1528,26.3158,73.6842
18,12,0.0919514,0.0232436,0.4584,77.3196,22.6804
18,13,0.122627,0.0314094,0.165024,29.6703,70.3297
18,14,0.0925349,0.0240193,0.360608,67.8161,32.1839
18,15,0.101588,0.0252811,0.360608,68.6047,31.3953
18,16,0.115044,0.0264609,0.330048,67.5,32.5
18,17,0.131103,0.0336575,0.140576,27.7108,72.2892
18,18,0.138289,0.0413005,0.006112,1.72414,98.2759
18,19,0.140314,0.0359202,0.146688,33.8028,66.1972
18,20,0.148905,0.0460326,0,0,100
18,21,0.108413,0.0253399,0.287264,62.6667,37.3333
18,22,0.111331,0.027336,0.262816,70.4918,29.5082
18,23,0.130004,0.0302047,0,0,100
18,24,0.13667,0.0316809,0.12224,27.3973,72.6027
18,25,0.151981,0.0349275,0.048896,10.5263,89.4737
18,26,0.145435,0.0356717,0.055008,12.6761,87.3239
18,27,0.136224,0.0281383,0.281152,48.4211,51.5789
18,28,0.14315,0.0344596,0.110016,30,70
18,29,0.145134,0.0363893,0.18336,38.961,61.039
18,30,0.121049,0.0280242,0.24448,51.2821,48.7179
18,31,0.163659,0.0356017,0.09168,17.0455,82.9545
18,32,0.125949,0.03135,0.226144,39.3617,60.6383
18,33,0.118574,0.0271653,0.391168,70.3297,29.6703
18,34,0.114366,0.0295699,0.372832,74.3902,25.6098
18,35,0.00379263,0.000314887,0.51952,100,0
18,36,0.130938,0.0365379,0.097792,21.6216,78.3784
18,37,0.144302,0.0309927,0.250592,41.8367,58.1633
18,38,0.125745,0.0312251,0.226144,49.3333,50.6667
18,39,0.117627,0.0263555,0.409504,67,33
18,40,0.104651,0.0269704,0.385056,68.4783,31.5217
18,41,0.128749,0.0285634,0,0,100
18,42,0.11421,0.0290923,0.250592,51.25,48.75
18,43,0.116363,0.0284932,0.385056,62.3762,37.6238
18,44,0.0133476,0.00464763,0.495072,91.0112,8.98876
18,45,0.165731,0.0303175,0.06112,10,90
18,46,0.105206,0.025342,0.507296,78.3019,21.6981
18,47,0.114322,0.0296077,0.391168,78.0488,21.9512
18,48,0.132608,0.0317106,0.317824,62.6506,37.3494
18,49,0.0449532,0.013131,0.55008,100,0
20,0,0.033431,0.0110461,0.354496,85.2941,14.7059
20,1,0.125419,0.0316612,0.268928,52.381,47.619
20,2,0.129129,0.0292868,0.268928,75.8621,24.1379
20,3,0.128292,0.0310225,0.440064,70.5882,29.4118
20,4,0.0587739,0.017021,0.470624,84.6154,15.3846
20,5,0.0234169,0.00679485,0.42784,95.8904,4.10959
20,6,0.0196733,0.00689627,0.4584,100,0
20,7,0.125146,0.0309747,0.299488,54.4444,45.5556
20,8,0.0352736,0.0127293,0.51952,100,0
20,9,0.106634,0.029313,0.360608,62.1053,37.8947
20,10,0.11795,0.0301664,0.24448,55.5556,44.4444
20,11,0.136594,0.0326668,0.146688,32,68
20,12,0.0804828,0.0201799,0.623424,100,0
20,13,0.124208,0.0323832,0.207808,43.038,56.962
20,14,0.0936762,0.0243906,0.391168,68.0851,31.9149
20,15,0.097895,0.0247058,0.403392,100,0
20,16,0.113315,0.0265853,0.299488,77.7778,22.2222
20,17,0.13177,0.0336011,0.171136,41.1765,58.8235
20,18,0.138673,0.0416126,0.006112,1.20482,98.7952
20,19,0.141763,0.0352998,0.330048,49.5413,50.4587
20,20,0.148905,0.0460326,0,0,100
20,21,0.107727,0.0255488,0.385056,63,37
20,22,0.11158,0.0277929,0.33616,65.4762,34.5238
20,23,0.130807,0.0301499,0.018336,3.44828,96.5517
20,24,0.139445,0.0312871,0.171136,50.9091,49.0909
20,25,0.148571,0.0361214,0.085568,16.4706,83.5294
20,26,0.145221,0.0355038,0.067232,11.2245,88.7755
20,27,0.135853,0.0297423,0.165024,48.2143,51.7857
20,28,0.141518,0.0375651,0.085568,16.2791,83.7209
20,29,0.14425,0.0364031,0.171136,30.4348,69.5652
20,30,0.121149,0.0280364,0.36672,65.2174,34.7826
20,31,0.165618,0.0342467,0.055008,13.2353,86.7647
20,32,0.12664,0.031417,0.189472,44.2857,55.7143
20,33,0.11749,0.0275381,0.311712,60,40
20,34,0.115191,0.0288597,0.39728,73.0337,26.9663
20,35,0.00377689,0.00029646,0.684544,100,0
20,36,0.132584,0.0360564,0.158912,24.7619,75.2381
20,37,0.144218,0.0318812,0.177248,38.1579,61.8421
20,38,0.125913,0.0309437,0.18336,43.4783,56.5217
20,39,0.116744,0.0262176,0.42784,98.5915,1.40845
20,40,0.106757,0.0271782,0.293376,55.814,44.186
20,41,0.128749,0.0285634,0,0,100
20,42,0.114078,0.0286191,0.507296,78.3019,21.6981
20,43,0.115294,0.028097,0.354496,79.4521,20.5479
20,44,0.0168255,0.00554661,0.537856,100,0
20,45,0.164045,0.0312069,0.09168,19.2308,80.7692
20,46,0.105468,0.0255614,0.354496,69.8795,30.1205
20,47,0.115825,0.0295288,0.348384,58.1633,41.8367
20,48,0.131027,0.0324428,0.287264,58.0247,41.9753
20,49,0.0445743,0.0135108,0.354496,79.4521,20.5479
22,0,0.0403136,0.0121773,0.385056,82.8947,17.1053
22,1,0.126963,0.0317853,0.256704,41.5842,58.4158
22,2,0.12559,0.0291143,0.323936,77.9412,22.0588
22,3,0.129967,0.030872,0.24448,66.6667,33.3333
22,4,0.0596694,0.0172863,0.4584,90.3614,9.63855
22,5,0.0322103,0.00867999,0.48896,84.2105,15.7895
22,6,0.0208371,0.00737141,0.354496,95.082,4.91803
22,7,0.125274,0.0308853,0.299488,55.0562,44.9438
22,8,0.0317453,0.0113201,0.55008,98.9011,1.0989
22,9,0.106671,0.028715,0.385056,92.6471,7.35294
22,10,0.119919,0.0306438,0.232256,37.6238,62.3762
22,11,0.136325,0.0326254,0.134464,30.137,69.863
22,12,0.0738237,0.0185519,0.39728,97.0149,2.98507
22,13,0.123661,0.0318215,0.262816,47.7778,52.2222
22,14,0.0967951,0.0248796,0.372832,81.3333,18.6667
22,15,0.0943001,0.0238607,0.507296,89.2473,10.7527
22,16,0.108176,0.0261134,0.391168,76.1905,23.8095
22,17,0.132874,0.0325178,0.232256,45.2381,54.7619
22,18,0.132708,0.0425327,0.048896,13.5593,86.4407
22,19,0.139411,0.0349105,0.24448,63.4921,36.5079
22,20,0.146825,0.0440795,0.012224,1.9802,98.0198
22,21,0.109106,0.0260947,0.409504,64.4231,35.5769
22,22,0.111312,0.0285391,0.262816,57.3333,42.6667
22,23,0.131484,0.029942,0.042784,7,93
22,24,0.137991,0.0309397,0.268928,48.3516,51.6484
22,25,0.148286,0.0369858,0.018336,4.05405,95.9459
22,26,0.141971,0.0349653,0.177248,43.2836,56.7164
22,27,0.132833,0.0300147,0.220032,43.9024,56.0976
22,28,0.138809,0.0379248,0.134464,39.2857,60.7143
22,29,0.140721,0.0368043,0.201696,40.2439,59.7561
22,30,0.121164,0.0282335,0.27504,64.2857,35.7143
22,31,0.16528,0.0359844,0.06112,11.9048,88.0952
22,32,0.128486,0.0319982,0.287264,48.4536,51.5464
22,33,0.117481,0.0284341,0.250592,65.0794,34.9206
22,34,0.11114,0.0287836,0.409504,77.0115,22.9885
22,35,0.00374537,0.00029917,0.482848,100,0
22,36,0.134873,0.0370554,0.146688,24.2424,75.7576
22,37,0.143728,0.0314393,0.09168,21.1268,78.8732
22,38,0.12799,0.0318048,0.201696,32.0388,67.9612
22,39,0.116229,0.0261928,0.342272,62.2222,37.7778
22,40,0.105136,0.0270331,0.39728,87.8378,12.1622
22,41,0.129058,0.0289367,0.042784,9.09091,90.9091
22,42,0.115213,0.0286342,0.268928,57.8947,42.1053
22,43,0.115156,0.0281225,0.293376,58.5366,41.4634
22,44,0.0171559,0.00592869,0.495072,96.4286,3.57143
22,45,0.163686,0.0319553,0.042784,7.44681,92.5532
22,46,0.107939,0.025421,0.39728,89.0411,10.9589
22,47,0.117551,0.0295612,0.372832,71.7647,28.2353
22,48,0.13115,0.0325353,0.268928,60.274,39.726
22,49,0.0480449,0.0146247,0.507296,78.3019,21.6981
24,0,0.0445597,0.0132904,0.385056,82.8947,17.1053
24,1,0.126187,0.032136,0.189472,54.386,45.614
24,2,0.126681,0.0290175,0.293376,59.2593,40.7407
24,3,0.130766,0.0309335,0.360608,54.6296,45.3704
24,4,0.0624076,0.017596,0.42784,69.3069,30.6931
24,5,0.0372554,0.00976301,0.501184,68.9076,31.0924
24,6,0.0259717,0.00857072,0.33616,63.2184,36.7816
24,7,0.125797,0.0308518,0.24448,65.5738,34.4262
24,8,0.0298598,0.0105751,0.4584,98.6842,1.31579
24,9,0.109382,0.0290394,0.299488,67.1233,32.8767
24,10,0.122008,0.0307936,0.177248,45.3125,54.6875
24,11,0.135285,0.0328569,0.06112,9.52381,90.4762
24,12,0.0671739,0.0170049,0.525632,98.8506,1.14943
24,13,0.124767,0.0317045,0.220032,47.3684,52.6316
24,14,0.0991203,0.0252954,0.317824,68.4211,31.5789
24,15,0.0929515,0.0233988,0.501184,80.3922,19.6078
24,16,0.103515,0.0249905,0.4584,100,0
24,17,0.135965,0.0322309,0.207808,37.7778,62.2222
24,18,0.125981,0.0432407,0.042784,8.64198,91.358
24,19,0.138593,0.0354469,0.165024,39.7059,60.2941
24,20,0.150863,0.0477248,0.006112,1.05263,98.9474
24,21,0.108741,0.0265435,0.27504,69.2308,30.7692
24,22,0.111949,0.0288435,0.287264,55.9524,44.0476
24,23,0.133896,0.0298146,0.036672,8.10811,91.8919
24,24,0.138122,0.0316898,0.165024,27,73
24,25,0.147658,0.0367303,0.006112,1.23457,98.7654
24,26,0.140381,0.0342835,0.262816,50,50
24,27,0.134969,0.0312461,0.110016,24.6575,75.3425
24,28,0.138646,0.0379572,0.067232,12.7907,87.2093
24,29,0.141003,0.0353408,0.27504,51.1364,48.8636
24,30,0.121042,0.0282872,0.232256,50,50
24,31,0.167112,0.0353548,0.220032,37.8947,62.1053
24,32,0.129583,0.0322327,0.189472,49.2063,50.7937
24,33,0.116502,0.0280238,0.42784,87.5,12.5
24,34,0.109949,0.0281271,0.354496,74.359,25.641
24,35,0.00372149,0.000295492,0.470624,100,0
24,36,0.131289,0.0345345,0.299488,59.0361,40.9639
24,37,0.143905,0.0317312,0.09168,17.0455,82.9545
24,38,0.130399,0.0314052,0.207808,40.4762,59.5238
24,39,0.113535,0.0261721,0.360608,78.6667,21.3333
24,40,0.101761,0.0271785,0.299488,69.0141,30.9859
24,41,0.133319,0.0292291,0.146688,27.907,72.093
24,42,0.11468,0.0292633,0.330048,69.2308,30.7692
24,43,0.115476,0.0279983,0.3056,67.5676,32.4324
24,44,0.0202463,0.00698761,0.42784,84.3373,15.6627
24,45,0.161095,0.0309281,0.079456,13.8298,86.1702
24,46,0.105402,0.0251644,0.433952,82.5581,17.4419
24,47,0.116524,0.029765,0.39728,68.4211,31.5789
24,48,0.13049,0.0326193,0.33616,56.1224,43.8776
24,49,0.0525202,0.0152604,0.55008,93.75,6.25
26,0,0.0500101,0.0140229,0.464512,81.7204,18.2796
26,1,0.126747,0.0324957,0.171136,34.5679,65.4321
26,2,0.127256,0.0289151,0.415616,66.6667,33.3333
26,3,0.13067,0.0314975,0.226144,54.4118,45.5882
26,4,0.0650903,0.0181981,0.36672,72.2892,27.7108
26,5,0.0410065,0.01055,0.232256,80.8511,19.1489
26,6,0.032261,0.0100049,0.476736,78.7879,21.2121
26,7,0.127176,0.0306232,0.238368,48.75,51.25
26,8,0.0275147,0.00966237,0.64176,99.0566,0.943396
26,9,0.110072,0.0286699,0.372832,66.3043,33.6957
26,10,0.121848,0.0311053,0.287264,56.6265,43.3735
26,11,0.13528,0.0328314,0.006112,1.13636,98.8636
26,12,0.0612978,0.0156136,0.495072,98.7805,1.21951
26,13,0.125431,0.0318413,0.165024,36.4865,63.5135
26,14,0.100236,0.0253037,0.281152,69.697,30.303
26,15,0.0884676,0.0225214,0.464512,86.3636,13.6364
26,16,0.0998344,0.0242651,0.42784,87.5,12.5
26,17,0.135638,0.0324641,0.18336,28.5714,71.4286
26,18,0.132954,0.0420041,0.116128,35.8491,64.1509
26,19,0.137621,0.0347707,0.262816,48.8636,51.1364
26,20,0.151468,0.0442065,0.012224,2.1978,97.8022
26,21,0.111207,0.0263196,0.391168,74.4186,25.5814
26,22,0.111901,0.0286923,0.446176,73,27
26,23,0.133188,0.0313957,0.177248,30.5263,69.4737
26,24,0.137899,0.0324793,0.116128,36.5385,63.4615
26,25,0.147658,0.0367303,0,0,100
26,26,0.139275,0.0335872,0.262816,53.0864,46.9136
26,27,0.137685,0.0318429,0.189472,34.8315,65.1685
26,28,0.135427,0.0379608,0.195584,34.7826,65.2174
26,29,0.138934,0.0345461,0.256704,65.625,34.375
26,30,0.122856,0.0289883,0.226144,45.679,54.321
26,31,0.166292,0.0370813,0.110016,27.2727,72.7273
26,32,0.130495,0.0327738,0.24448,40,60
26,33,0.115311,0.0276289,0.360608,71.9512,28.0488
26,34,0.109846,0.028124,0.409504,78.8235,21.1765
26,35,0.00370781,0.000287961,0.562304,100,0
26,36,0.132902,0.0345763,0.293376,45.7143,54.2857
26,37,0.147895,0.0313617,0.128352,25.9259,74.0741
26,38,0.131611,0.0321547,0.140576,34.3284,65.6716
26,39,0.114166,0.0263671,0.476736,80.4124,19.5876
26,40,0.102495,0.0273063,0.354496,63.7363,36.2637
26,41,0.134031,0.0297742,0.048896,10,90
26,42,0.116203,0.0293241,0.250592,59.4203,40.5797
26,43,0.115751,0.0280477,0.317824,68.4211,31.5789
26,44,0.0188661,0.00681516,0.501184,100,0
26,45,0.16072,0.0309769,0.079456,16.4557,83.5443
26,46,0.104054,0.0252157,0.42784,73.6842,26.3158
26,47,0.112971,0.0290386,0.391168,82.0513,17.9487
26,48,0.128178,0.0322409,0.354496,58.5859,41.4141
26,49,0.0556643,0.0157487,0.482848,74.5283,25.4717
28,0,0.0543574,0.014794,0.446176,76.0417,23.9583
28,1,0.126512,0.0335211,0.195584,45.7143,54.2857
28,2,0.127201,0.028611,0.42784,72.9167,27.0833
28,3,0.130503,0.0317762,0.287264,61.039,38.961
28,4,0.0665093,0.0188951,0.421728,89.6104,10.3896
28,5,0.0458801,0.0115266,0.372832,65.5914,34.4086
28,6,0.0389075,0.0110852,0.470624,84.6154,15.3846
28,7,0.128512,0.0306665,0.195584,51.6129,48.3871
28,8,0.0263153,0.00920349,0.391168,98.4615,1.53846
28,9,0.111276,0.0288081,0.421728,77.5281,22.4719
28,10,0.122846,0.0314014,0.311712,56.6667,43.3333
28,11,0.136275,0.0328546,0.036672,6.25,93.75
28,12,0.0593467,0.0153715,0.317824,92.8571,7.14286
28,13,0.126262,0.0319959,0.140576,23.4694,76.5306
28,14,0.10218,0.0256662,0.27504,57.6923,42.3077
28,15,0.0857881,0.0218846,0.476736,90.6977,9.30233
28,16,0.100383,0.0243844,0.433952,75.5319,24.4681
28,17,0.136239,0.0324037,0.165024,31.3953,68.6047
28,18,0.137771,0.039125,0.201696,38.8235,61.1765
28,19,0.133468,0.0339337,0.342272,66.6667,33.3333
28,20,0.151468,0.0442065,0,0,100
28,21,0.112025,0.0261611,0.421728,71.875,28.125
28,22,0.111082,0.0286249,0.360608,72.8395,27.1605
28,23,0.131554,0.0320455,0.21392,37.6344,62.3656
28,24,0.138117,0.0326225,0.232256,43.1818,56.8182
28,25,0.148793,0.0372019,0.024448,4.65116,95.3488
28,26,0.140017,0.0333269,0.299488,56.3218,43.6782
28,27,0.138359,0.0319784,0.085568,17.284,82.716
28,28,0.136473,0.0379225,0.1528,24.0385,75.9615
28,29,0.136588,0.0346373,0.24448,57.971,42.029
28,30,0.124285,0.0296863,0.232256,38,62
28,31,0.160962,0.036083,0.103904,29.8246,70.1754
28,32,0.130002,0.0324742,0.165024,31.3953,68.6047
28,33,0.115531,0.0275337,0.348384,73.0769,26.9231
28,34,0.107313,0.0277607,0.293376,76.1905,23.8095
28,35,0.00395288,0.000462476,0.556192,98.913,1.08696
28,36,0.134041,0.0350301,0.201696,38.8235,61.1765
28,37,0.147484,0.0306844,0.1528,25.7732,74.2268
28,38,0.131973,0.0323475,0.116128,21.3483,78.6517
28,39,0.113566,0.0264497,0.323936,73.6111,26.3889
28,40,0.1037,0.0273978,0.378944,65.9574,34.0426
28,41,0.135401,0.0300272,0.110016,18.9474,81.0526
28,42,0.116819,0.0292406,0.354496,51.7857,48.2143
28,43,0.116406,0.0284868,0.4584,72.8155,27.1845
28,44,0.0185641,0.00674622,0.446176,96.0526,3.94737
28,45,0.159058,0.0312802,0.085568,17.7215,82.2785
28,46,0.103798,0.0248357,0.342272,81.1594,18.8406
28,47,0.110921,0.0286537,0.409504,82.716,17.284
28,48,0.128,0.0319335,0.342272,62.2222,37.7778
28,49,0.05992,0.0164254,0.39728,75.5814,24.4186
30,0,0.0559163,0.0156343,0.378944,68.8889,31.1111
30,1,0.125894,0.033237,0.21392,47.9452,52.0548
30,2,0.127876,0.0288044,0.348384,67.0588,32.9412
30,3,0.129612,0.0317035,0.262816,63.2353,36.7647
30,4,0.0690498,0.0192301,0.342272,67.4699,32.5301
30,5,0.0491679,0.012422,0.323936,68.8312,31.1688
30,6,0.0427171,0.0119851,0.409504,76.1364,23.8636
30,7,0.129139,0.0307462,0.134464,32.8358,67.1642
30,8,0.0267809,0.00929932,0.586752,95.0495,4.9505
30,9,0.109337,0.0286114,0.421728,65.0943,34.9057
30,10,0.123242,0.0313505,0.287264,51.6484,48.3516
30,11,0.135861,0.0323164,0.103904,19.7674,80.2326
30,12,0.0598538,0.0155101,0.372832,87.1429,12.8571
30,13,0.127123,0.0325947,0.1528,36.2319,63.7681
30,14,0.101209,0.0261354,0.342272,78.8732,21.1268
30,15,0.0836795,0.0218204,0.36672,89.5522,10.4478
30,16,0.0961828,0.0236467,0.433952,88.75,11.25
30,17,0.136554,0.0325836,0.097792,17.3913,82.6087
30,18,0.141896,0.0384836,0.134464,25.2874,74.7126
30,19,0.131736,0.0336451,0.317824,71.2329,28.7671
30,20,0.151468,0.0442065,0,0,100
30,21,0.112647,0.0260215,0.446176,73.7374,26.2626
30,22,0.111471,0.0289475,0.207808,46.5753,53.4247
30,23,0.125975,0.030429,0.317824,66.6667,33.3333
30,24,0.139777,0.0322513,0.232256,44.7059,55.2941
30,25,0.148369,0.0360772,0.048896,7.76699,92.233
30,26,0.139213,0.0325344,0.317824,61.1765,38.8235
30,27,0.138929,0.0322426,0.079456,12.5,87.5
30,28,0.138076,0.037366,0.1528,43.1034,56.8966
30,29,0.13509,0.0347661,0.348384,59.375,40.625
30,30,0.124854,0.0299335,0.201696,62.2642,37.7358
30,31,0.157622,0.0355619,0.201696,44.5946,55.4054
30,32,0.130197,0.0329987,0.103904,28.3333,71.6667
30,33,0.115824,0.0274021,0.342272,69.1358,30.8642
30,34,0.109489,0.0277633,0.495072,73.6364,26.3636
30,35,0.00393901,0.000444755,0.507296,100,0
30,36,0.135375,0.0344143,0.165024,30.6818,69.3182
30,37,0.145633,0.0311889,0.097792,23.1884,76.8116
30,38,0.132837,0.0322454,0.085568,17.5,82.5
30,39,0.114375,0.0267934,0.293376,60.7595,39.2405
30,40,0.104959,0.0273749,0.317824,53.6082,46.3918
30,41,0.136737,0.030798,0.097792,23.8806,76.1194
30,42,0.117983,0.0293843,0.342272,74.6667,25.3333
30,43,0.114962,0.0286186,0.189472,55.3571,44.6429
30,44,0.0199072,0.00722975,0.543968,94.6809,5.31915
30,45,0.158697,0.0312477,0.006112,0.934579,99.0654
30,46,0.103687,0.0245418,0.42784,68.6275,31.3725
30,47,0.107444,0.0283513,0.354496,80.5556,19.4444
30,48,0.128466,0.031943,0.250592,53.2468,46.7532
30,49,0.0629587,0.0170287,0.317824,76.4706,23.5294
32,0,0.0566218,0.015698,0.342272,81.1594,18.8406
32,1,0.126368,0.0332764,0.042784,10.1449,89.8551
32,2,0.127377,0.0289602,0.391168,69.5652,30.4348
32,3,0.129097,0.0316698,0.311712,59.3023,40.6977
32,4,0.0711688,0.0196376,0.311712,75,25
32,5,0.0526754,0.01308,0.311712,72.8571,27.1429
32,6,0.0461624,0.0129387,0.446176,78.4946,21.5054
32,7,0.130232,0.0305616,0.097792,37.2093,62.7907
32,8,0.0255529,0.00882256,0.51952,98.8372,1.16279
32,9,0.110288,0.0284481,0.342272,72.7273,27.2727
32,10,0.119103,0.0305445,0.446176,75.2577,24.7423
32,11,0.136232,0.0323979,0.03056,6.49351,93.5065
32,12,0.0592185,0.0158948,0.531744,86.1386,13.8614
32,13,0.127924,0.0327031,0.18336,40,60
32,14,0.10242,0.0261599,0.354496,65.9091,34.0909
32,15,0.0804077,0.0215957,0.647872,88.3333,11.6667
32,16,0.0921705,0.0229834,0.525632,95.5556,4.44444
32,17,0.136852,0.0325448,0.110016,27.6923,72.3077
32,18,0.143126,0.0391836,0.097792,25,75
32,19,0.13075,0.0330586,0.293376,60,40
32,20,0.151468,0.0442065,0,0,100
32,21,0.112866,0.0260355,0.348384,62.6374,37.3626
32,22,0.111903,0.0286584,0.299488,83.0508,16.9492
32,23,0.123701,0.0304921,0.317824,48.5981,51.4019
32,24,0.136907,0.0331161,0.3056,57.4713,42.5287
32,25,0.14813,0.0357643,0.018336,3.94737,96.0526
32,26,0.139216,0.0328537,0.158912,35.1351,64.8649
32,27,0.141602,0.032127,0.103904,23.2877,76.7123
32,28,0.138783,0.0369962,0.128352,28.3784,71.6216
32,29,0.134302,0.0340322,0.330048,69.2308,30.7692
32,30,0.125548,0.0300145,0.110016,24,76
32,31,0.159766,0.0359367,0.116128,22.3529,77.6471
32,32,0.132225,0.033073,0.195584,31.6832,68.3168
32,33,0.114217,0.0273485,0.403392,83.5443,16.4557
32,34,0.10953,0.0277013,0.385056,65.625,34.375
32,35,0.00499521,0.000874017,0.531744,96.6667,3.33333
32,36,0.135451,0.034849,0.06112,12.3457,87.6543
32,37,0.147543,0.031263,0.06112,13.5135,86.4865
32,38,0.134088,0.0326602,0.085568,18.4211,81.5789
32,39,0.114509,0.0269565,0.470624,74.7573,25.2427
32,40,0.10578,0.0275474,0.348384,76,24
32,41,0.132959,0.0312032,0.177248,38.1579,61.8421
32,42,0.119429,0.0295434,0.348384,57.5758,42.4242
32,43,0.115048,0.0284915,0.33616,67.9012,32.0988
32,44,0.0214367,0.00772541,0.36672,85.7143,14.2857
32,45,0.161024,0.0320893,0.018336,2.88462,97.1154
32,46,0.102538,0.0241631,0.574528,86.2385,13.7615
32,47,0.10612,0.0283178,0.165024,69.2308,30.7692
32,48,0.128873,0.0318098,0.238368,50,50
32,49,0.0646827,0.0175813,0.495072,83.5052,16.4948
34,0,0.0589033,0.0166139,0.391168,73.5632,26.4368
34,1,0.126618,0.0337659,0.226144,36.2745,63.7255
34,2,0.12632,0.029159,0.281152,68.6567,31.3433
34,3,0.129563,0.0315802,0.226144,57.8125,42.1875
34,4,0.0730576,0.0202221,0.372832,72.619,27.381
34,5,0.055467,0.0136891,0.232256,59.375,40.625
34,6,0.0483092,0.013555,0.299488,76.5625,23.4375
34,7,0.130506,0.0305753,0.06112,19.2308,80.7692
34,8,0.0247547,0.00853445,0.55008,97.8261,2.17391
34,9,0.110985,0.028362,0.391168,76.1905,23.8095
34,10,0.119447,0.0301155,0.433952,77.1739,22.8261
34,11,0.13609,0.0324933,0.055008,9.18367,90.8163
34,12,0.0585677,0.0158319,0.433952,95.9459,4.05405
34,13,0.127346,0.032256,0.24448,51.2821,48.7179
34,14,0.101907,0.0258546,0.48896,80,20
34,15,0.0800359,0.0213665,0.421728,83.1325,16.8675
34,16,0.0924673,0.0230814,0.409504,77.907,22.093
34,17,0.13793,0.0327741,0.128352,27.6316,72.3684
34,18,0.150922,0.0382342,0.36672,54.5455,45.4545
34,19,0.129479,0.0326795,0.360608,74.6835,25.3165
34,20,0.151468,0.0442065,0,0,100
34,21,0.110954,0.0256724,0.372832,82.4324,17.5676
34,22,0.112221,0.0285734,0.446176,68.2243,31.7757
34,23,0.12549,0.0299938,0.27504,51.7241,48.2759
34,24,0.136603,0.0329996,0.201696,37.0787,62.9213
34,25,0.148389,0.0356027,0.03056,5.55556,94.4444
34,26,0.13853,0.0330479,0.268928,50,50
34,27,0.143626,0.032011,0.12224,22.2222,77.7778
34,28,0.139903,0.0365701,0.207808,37.3626,62.6374
34,29,0.130182,0.0327105,0.421728,75.8242,24.1758
34,30,0.125615,0.0299911,0.103904,15.4545,84.5455
34,31,0.156565,0.0355355,0.207808,36.5591,63.4409
34,32,0.132655,0.0339378,0.146688,28.2353,71.7647
34,33,0.113628,0.0274531,0.323936,67.9487,32.0513
34,34,0.107005,0.0273459,0.403392,78.5714,21.4286
34,35,0.00526483,0.000990055,0.495072,98.7805,1.21951
34,36,0.133711,0.0348047,0.165024,29.0323,70.9677
34,37,0.150165,0.0319747,0.250592,40.5941,59.4059
34,38,0.134592,0.0324453,0.073344,18.75,81.25
34,39,0.114434,0.0270242,0.238368,67.2414,32.7586
34,40,0.105135,0.0278268,0.311712,73.913,26.087
34,41,0.126719,0.0314545,0.299488,52.6882,47.3118
34,42,0.118327,0.0295341,0.281152,52.2727,47.7273
34,43,0.113309,0.0281891,0.421728,85.1852,14.8148
34,44,0.0212299,0.00781346,0.605088,93.3962,6.60377
34,45,0.157728,0.0306062,0.079456,14.9425,85.0575
34,46,0.100293,0.0238598,0.323936,86.8852,13.1148
34,47,0.100415,0.0268673,0.623424,94.4444,5.55556
34,48,0.129427,0.0319471,0.116128,30.1587,69.8413
34,49,0.0669687,0.0180432,0.293376,59.2593,40.7407
36,0,0.0605343,0.0168523,0.317824,96.2963,3.7037
36,1,0.12708,0.0333216,0.116128,40.4255,59.5745
36,2,0.126881,0.029147,0.140576,71.875,28.125
36,3,0.129952,0.0314084,0.140576,67.6471,32.3529
36,4,0.0745861,0.0205524,0.195584,100,0
36,5,0.0581037,0.0141967,0.220032,70.5882,29.4118
36,6,0.0501339,0.0137967,0.171136,77.7778,22.2222
36,7,0.130708,0.0306267,0.158912,50.9804,49.0196
36,8,0.0240471,0.00825472,0.281152,100,0
36,9,0.111036,0.0282923,0.207808,79.0698,20.9302
36,10,0.12,0.0303246,0.195584,60.3774,39.6226
36,11,0.13609,0.0324933,0,0,100
36,12,0.0582748,0.0157068,0.165024,93.1034,6.89655
36,13,0.128269,0.0322223,0.103904,45.9459,54.0541
36,14,0.101587,0.0260085,0.195584,96.9697,3.0303
36,15,0.0795913,0.0213945,0.268928,89.7959,10.2041
36,16,0.0918223,0.0229084,0.207808,100,0
36,17,0.1377,0.0327316,0.042784,19.4444,80.5556
36,18,0.152313,0.0383134,0.140576,47.9167,52.0833
36,19,0.128688,0.0327622,0.189472,62,38
36,20,0.151468,0.0442065,0,0,100
36,21,0.111058,0.025807,0.146688,85.7143,14.2857
36,22,0.112657,0.0285847,0.201696,86.8421,13.1579
36,23,0.126385,0.0304809,0.158912,47.2727,52.7273
36,24,0.136005,0.0324949,0.207808,66.6667,33.3333
36,25,0.149013,0.0362165,0.006112,2,98
36,26,0.138873,0.0332544,0.067232,29.7297,70.2703
36,27,0.144253,0.0321745,0.03056,9.25926,90.7407
36,28,0.139724,0.0366541,0.085568,38.8889,61.1111
36,29,0.128737,0.032433,0.1528,71.4286,28.5714
36,30,0.127195,0.0297444,0.140576,71.875,28.125
36,31,0.155784,0.0349193,0.110016,36.7347,63.2653
36,32,0.1328,0.033816,0.03056,11.3636,88.6364
36,33,0.113533,0.0275287,0.177248,82.8571,17.1429
36,34,0.107445,0.0273689,0.165024,100,0
36,35,0.00587973,0.00121064,0.250592,95.3488,4.65116
36,36,0.133418,0.0340073,0.134464,75.8621,24.1379
36,37,0.14999,0.0312602,0.177248,85.2941,14.7059
36,38,0.135784,0.0322841,0.09168,33.3333,66.6667
36,39,0.115173,0.0270321,0.238368,75,25
36,40,0.104544,0.0277181,0.21392,79.5455,20.4545
36,41,0.128491,0.0313072,0.1528,54.3478,45.6522
36,42,0.11882,0.029335,0.256704,95.4545,4.54545
36,43,0.114259,0.0281089,0.1528,65.7895,34.2105
36,44,0.0231999,0.00827555,0.226144,90.2439,9.7561
36,45,0.157769,0.0312477,0.018336,6.38298,93.617
36,46,0.100609,0.0240268,0.195584,86.4865,13.5135
36,47,0.0987714,0.0267152,0.158912,83.871,16.129
36,48,0.12981,0.0322166,0.1528,53.1915,46.8085
36,49,0.0688055,0.0184919,0.220032,94.7368,5.26316
38,0,0.0605343,0.0168523,0,0,0
38,1,0.12708,0.0333216,0,0,0
38,2,0.126881,0.029147,0,0,0
38,3,0.129952,0.0314084,0,0,0
38,4,0.0745861,0.0205524,0,0,0
38,5,0.0581037,0.0141967,0,0,0
38,6,0.0501339,0.0137967,0,0,0
38,7,0.130708,0.0306267,0,0,0
38,8,0.0240471,0.00825472,0,0,0
38,9,0.111036,0.0282923,0,0,0
38,10,0.12,0.0303246,0,0,0
38,11,0.13609,0.0324933,0,0,0
38,12,0.0582748,0.0157068,0,0,0
38,13,0.128269,0.0322223,0,0,0
38,14,0.101587,0.0260085,0,0,0
38,15,0.0795913,0.0213945,0,0,0
38,16,0.0918223,0.0229084,0,0,0
38,17,0.1377,0.0327316,0,0,0
38,18,0.152313,0.0383134,0,0,0
38,19,0.128688,0.0327622,0,0,0
38,20,0.151468,0.0442065,0,0,0
38,21,0.111058,0.025807,0,0,0
38,22,0.112657,0.0285847,0,0,0
38,23,0.126385,0.0304809,0,0,0
38,24,0.136005,0.0324949,0,0,0
38,25,0.149013,0.0362165,0,0,0
38,26,0.138873,0.0332544,0,0,0
38,27,0.144253,0.0321745,0,0,0
38,28,0.139724,0.0366541,0,0,0
38,29,0.128737,0.032433,0,0,0
38,30,0.127195,0.0297444,0,0,0
38,31,0.155784,0.0349193,0,0,0
38,32,0.1328,0.033816,0,0,0
38,33,0.113533,0.0275287,0,0,0
38,34,0.107445,0.0273689,0,0,0
38,35,0.00587973,0.00121064,0,0,0
38,36,0.133418,0.0340073,0,0,0
38,37,0.14999,0.0312602,0,0,0
38,38,0.135784,0.0322841,0,0,0
38,39,0.115173,0.0270321,0,0,0
38,40,0.104544,0.0277181,0,0,0
38,41,0.128491,0.0313072,0,0,0
38,42,0.11882,0.029335,0,0,0
38,43,0.114259,0.0281089,0,0,0
38,44,0.0231999,0.00827555,0,0,0
38,45,0.157769,0.0312477,0,0,0
38,46,0.100609,0.0240268,0,0,0
38,47,0.0987714,0.0267152,0,0,0
38,48,0.12981,0.0322166,0,0,0
38,49,0.0688055,0.0184919,0,0,0
