Time,CellId,ServiceDlSnrDb,ServiceUlSnrDb,FeederDlSnrDb,FeederUlSnrDb,BackhaulDlSnrDb,BackhaulUlSnrDb,BackhaulHealthy
0.100000,5,10.852754,6.332154,18.267232,26.746632,10.852754,6.332154,1
0.100000,6,10.988754,6.468154,18.267232,26.746632,10.988754,6.468154,1
0.100000,7,11.725085,7.204485,18.267232,26.746632,11.725085,7.204485,1
0.600000,5,13.239665,8.719065,20.005874,28.485274,13.239665,8.719065,1
0.600000,6,12.695593,8.174993,20.005874,28.485274,12.695593,8.174993,1
0.600000,7,11.750661,7.230061,20.005874,28.485274,11.750661,7.230061,1
1.100000,5,12.817325,8.296725,20.342531,28.821931,12.817325,8.296725,1
1.100000,6,13.157064,8.636464,20.342531,28.821931,13.157064,8.636464,1
1.100000,7,13.466134,8.945535,20.342531,28.821931,13.466134,8.945535,1
1.600000,5,14.244427,9.723827,17.369550,25.848950,14.244427,9.723827,1
1.600000,6,11.647649,7.127049,17.369550,25.848950,11.647649,7.127049,1
1.600000,7,9.513805,4.993205,17.369550,25.848950,9.513805,4.993205,1
2.100000,5,13.432931,8.912331,20.555794,29.035194,13.432931,8.912331,1
2.100000,6,10.246087,5.725487,20.555794,29.035194,10.246087,5.725487,1
2.100000,7,13.439405,8.918805,20.555794,29.035194,13.439405,8.918805,1
2.600000,5,12.974413,8.453813,20.749866,29.229266,12.974413,8.453813,1
2.600000,6,14.126693,9.606093,20.749866,29.229266,14.126693,9.606093,1
2.600000,7,11.347934,6.827334,20.749866,29.229266,11.347934,6.827334,1
3.100000,5,14.541341,10.020741,20.546697,29.026097,14.541341,10.020741,1
3.100000,6,16.386337,11.865737,20.546697,29.026097,16.386337,11.865737,1
3.100000,7,13.233026,8.712426,20.546697,29.026097,13.233026,8.712426,1
3.600000,5,12.859547,8.338947,20.000686,28.480086,12.859547,8.338947,1
3.600000,6,10.672489,6.151890,20.000686,28.480086,10.672489,6.151890,1
3.600000,7,7.967820,3.447220,20.000686,28.480086,7.967820,3.447220,1
4.100000,5,12.313430,7.792830,19.950103,28.429503,12.313430,7.792830,1
4.100000,6,12.268074,7.747474,19.950103,28.429503,12.268074,7.747474,1
4.100000,7,10.069121,5.548521,19.950103,28.429503,10.069121,5.548521,1
4.600000,5,13.665228,9.144628,13.847362,22.326762,13.665228,9.144628,1
4.600000,6,12.923697,8.403097,13.847362,22.326762,12.923697,8.403097,1
4.600000,7,10.976469,6.455869,13.847362,22.326762,10.976469,6.455869,1
5.100000,5,8.843371,4.322772,18.351662,26.831063,8.843371,4.322772,1
5.100000,6,10.692416,6.171816,18.351662,26.831063,10.692416,6.171816,1
5.100000,7,10.914363,6.393763,18.351662,26.831063,10.914363,6.393763,1
5.600000,5,13.097187,8.576587,18.513986,26.993386,13.097187,8.576587,1
5.600000,6,12.505994,7.985394,18.513986,26.993386,12.505994,7.985394,1
5.600000,7,14.106824,9.586224,18.513986,26.993386,14.106824,9.586224,1
6.100000,5,6.945738,2.425138,17.054143,25.533543,6.945738,2.425138,1
6.100000,6,13.353855,8.833255,17.054143,25.533543,13.353855,8.833255,1
6.100000,7,11.080296,6.559696,17.054143,25.533543,11.080296,6.559696,1
6.600000,5,13.602787,9.082187,18.611234,27.090634,13.602787,9.082187,1
6.600000,6,13.939133,9.418533,18.611234,27.090634,13.939133,9.418533,1
6.600000,7,14.963711,10.443112,18.611234,27.090634,14.963711,10.443112,1
7.100000,5,10.671079,6.150479,19.243930,27.723330,10.671079,6.150479,1
7.100000,6,10.344272,5.823672,19.243930,27.723330,10.344272,5.823672,1
7.100000,7,15.343268,10.822668,19.243930,27.723330,15.343268,10.822668,1
7.600000,5,11.748773,7.228173,14.797199,23.276599,11.748773,7.228173,1
7.600000,6,10.926434,6.405834,14.797199,23.276599,10.926434,6.405834,1
7.600000,7,8.060624,3.540024,14.797199,23.276599,8.060624,3.540024,1
8.100000,5,8.257136,3.736536,19.657373,28.136773,8.257136,3.736536,1
8.100000,6,7.968094,3.447495,19.657373,28.136773,7.968094,3.447495,1
8.100000,7,11.512968,6.992368,19.657373,28.136773,11.512968,6.992368,1
8.600000,5,10.606516,6.085916,19.786227,28.265627,10.606516,6.085916,1
8.600000,6,15.379942,10.859342,19.786227,28.265627,15.379942,10.859342,1
8.600000,7,13.903244,9.382644,19.786227,28.265627,13.903244,9.382644,1
9.100000,5,12.665328,8.144728,17.884083,26.363483,12.665328,8.144728,1
9.100000,6,14.084467,9.563868,17.884083,26.363483,14.084467,9.563868,1
9.100000,7,13.424764,8.904164,17.884083,26.363483,13.424764,8.904164,1
9.600000,5,10.716517,6.195917,19.395594,27.874994,10.716517,6.195917,1
9.600000,6,10.205904,5.685304,19.395594,27.874994,10.205904,5.685304,1
9.600000,7,14.988620,10.468020,19.395594,27.874994,14.988620,10.468020,1
10.100000,5,13.174795,8.654196,19.782965,28.262366,13.174795,8.654196,1
10.100000,6,10.566926,6.046326,19.782965,28.262366,10.566926,6.046326,1
10.100000,7,15.870496,11.349896,19.782965,28.262366,15.870496,11.349896,1
10.600000,5,12.609326,8.088726,20.310565,28.789965,12.609326,8.088726,1
10.600000,6,10.511800,5.991200,20.310565,28.789965,10.511800,5.991200,1
10.600000,7,12.149209,7.628610,20.310565,28.789965,12.149209,7.628610,1
11.100000,5,14.374569,9.853969,19.472392,27.951792,14.374569,9.853969,1
11.100000,6,11.345716,6.825116,19.472392,27.951792,11.345716,6.825116,1
11.100000,7,9.263106,4.742506,19.472392,27.951792,9.263106,4.742506,1
11.600000,5,13.579351,9.058751,17.435688,25.915088,13.579351,9.058751,1
11.600000,6,10.281930,5.761330,17.435688,25.915088,10.281930,5.761330,1
11.600000,7,12.017729,7.497129,17.435688,25.915088,12.017729,7.497129,1
12.100000,5,14.258396,9.737796,19.780524,28.259924,14.258396,9.737796,1
12.100000,6,10.022366,5.501766,19.780524,28.259924,10.022366,5.501766,1
12.100000,7,11.659809,7.139209,19.780524,28.259924,11.659809,7.139209,1
12.600000,5,13.450911,8.930311,19.001855,27.481255,13.450911,8.930311,1
12.600000,6,6.763968,2.243368,19.001855,27.481255,6.763968,2.243368,1
12.600000,7,7.484732,2.964132,19.001855,27.481255,7.484732,2.964132,1
13.100000,5,13.311804,8.791204,17.059021,25.538421,13.311804,8.791204,1
13.100000,6,10.642588,6.121989,17.059021,25.538421,10.642588,6.121989,1
13.100000,7,10.664231,6.143631,17.059021,25.538421,10.664231,6.143631,1
13.600000,5,10.346059,5.825459,18.834006,27.313407,10.346059,5.825459,1
13.600000,6,13.314035,8.793435,18.834006,27.313407,13.314035,8.793435,1
13.600000,7,11.814678,7.294078,18.834006,27.313407,11.814678,7.294078,1
14.100000,5,12.367501,7.846901,16.797809,25.277210,12.367501,7.846901,1
14.100000,6,12.246110,7.725510,16.797809,25.277210,12.246110,7.725510,1
14.100000,7,16.223066,11.702466,16.797809,25.277210,16.223066,11.702466,1
14.600000,5,10.711892,6.191292,19.925966,28.405366,10.711892,6.191292,1
14.600000,6,8.963616,4.443016,19.925966,28.405366,8.963616,4.443016,1
14.600000,7,13.368193,8.847593,19.925966,28.405366,13.368193,8.847593,1
15.100000,5,13.364443,8.843843,20.669822,29.149222,13.364443,8.843843,1
15.100000,6,11.331076,6.810476,20.669822,29.149222,11.331076,6.810476,1
15.100000,7,13.234679,8.714079,20.669822,29.149222,13.234679,8.714079,1
15.600000,5,13.516551,8.995952,20.973816,29.453216,13.516551,8.995952,1
15.600000,6,11.988705,7.468105,20.973816,29.453216,11.988705,7.468105,1
15.600000,7,12.482152,7.961552,20.973816,29.453216,12.482152,7.961552,1
16.100000,5,10.004152,5.483552,17.107967,25.587368,10.004152,5.483552,1
16.100000,6,12.828658,8.308058,17.107967,25.587368,12.828658,8.308058,1
16.100000,7,12.365557,7.844957,17.107967,25.587368,12.365557,7.844957,1
16.600000,5,12.913392,8.392792,17.450899,25.930299,12.913392,8.392792,1
16.600000,6,9.374926,4.854326,17.450899,25.930299,9.374926,4.854326,1
16.600000,7,13.084162,8.563563,17.450899,25.930299,13.084162,8.563563,1
17.100000,5,13.937341,9.416742,18.363401,26.842801,13.937341,9.416742,1
17.100000,6,13.219694,8.699094,18.363401,26.842801,13.219694,8.699094,1
17.100000,7,8.247575,3.726975,18.363401,26.842801,8.247575,3.726975,1
17.600000,5,14.811714,10.291114,15.783009,24.262409,14.811714,10.291114,1
17.600000,6,12.497304,7.976704,15.783009,24.262409,12.497304,7.976704,1
17.600000,7,10.806772,6.286172,15.783009,24.262409,10.806772,6.286172,1
18.100000,5,12.503296,7.982696,17.556405,26.035805,12.503296,7.982696,1
18.100000,6,12.179302,7.658702,17.556405,26.035805,12.179302,7.658702,1
18.100000,7,10.968394,6.447795,17.556405,26.035805,10.968394,6.447795,1
18.600000,5,10.435005,5.914405,13.142537,21.621937,10.435005,5.914405,1
18.600000,6,12.704374,8.183774,13.142537,21.621937,12.704374,8.183774,1
18.600000,7,13.677936,9.157336,13.142537,21.621937,13.142537,9.157336,1
19.100000,5,13.389003,8.868403,21.056584,29.535985,13.389003,8.868403,1
19.100000,6,10.302740,5.782140,21.056584,29.535985,10.302740,5.782140,1
19.100000,7,13.684554,9.163954,21.056584,29.535985,13.684554,9.163954,1
19.600000,5,9.611345,5.090745,20.937829,29.417229,9.611345,5.090745,1
19.600000,6,11.409847,6.889247,20.937829,29.417229,11.409847,6.889247,1
19.600000,7,13.901293,9.380693,20.937829,29.417229,13.901293,9.380693,1
20.100000,5,15.013163,10.492563,18.544308,27.023709,15.013163,10.492563,1
20.100000,6,12.639068,8.118468,18.544308,27.023709,12.639068,8.118468,1
20.100000,7,13.969129,9.448529,18.544308,27.023709,13.969129,9.448529,1
20.600000,5,8.781200,4.260600,20.057350,28.536750,8.781200,4.260600,1
20.600000,6,10.348178,5.827578,20.057350,28.536750,10.348178,5.827578,1
20.600000,7,10.922121,6.401521,20.057350,28.536750,10.922121,6.401521,1
21.100000,5,13.029902,8.509302,16.327115,24.806515,13.029902,8.509302,1
21.100000,6,10.944100,6.423500,16.327115,24.806515,10.944100,6.423500,1
21.100000,7,13.365451,8.844851,16.327115,24.806515,13.365451,8.844851,1
21.600000,5,13.577832,9.057232,17.875168,26.354568,13.577832,9.057232,1
21.600000,6,15.307859,10.787260,17.875168,26.354568,15.307859,10.787260,1
21.600000,7,11.726071,7.205471,17.875168,26.354568,11.726071,7.205471,1
22.100000,5,12.778205,8.257605,18.773938,27.253338,12.778205,8.257605,1
22.100000,6,11.875576,7.354976,18.773938,27.253338,11.875576,7.354976,1
22.100000,7,11.831103,7.310503,18.773938,27.253338,11.831103,7.310503,1
22.600000,5,10.795140,6.274541,17.773166,26.252566,10.795140,6.274541,1
22.600000,6,12.203858,7.683258,17.773166,26.252566,12.203858,7.683258,1
22.600000,7,14.036945,9.516345,17.773166,26.252566,14.036945,9.516345,1
23.100000,5,10.958609,6.438009,16.511053,24.990453,10.958609,6.438009,1
23.100000,6,12.957686,8.437086,16.511053,24.990453,12.957686,8.437086,1
23.100000,7,11.939642,7.419042,16.511053,24.990453,11.939642,7.419042,1
23.600000,5,13.964934,9.444334,13.116152,21.595552,13.116152,9.444334,1
23.600000,6,11.569424,7.048824,13.116152,21.595552,11.569424,7.048824,1
23.600000,7,11.848072,7.327472,13.116152,21.595552,11.848072,7.327472,1
24.100000,5,4.405662,-0.114937,20.302057,28.781457,4.405662,-0.114937,0
24.100000,6,12.772679,8.252079,20.302057,28.781457,12.772679,8.252079,1
24.100000,7,14.384989,9.864389,20.302057,28.781457,14.384989,9.864389,1
24.600000,5,14.743251,10.222651,19.512522,27.991922,14.743251,10.222651,1
24.600000,6,14.083741,9.563141,19.512522,27.991922,14.083741,9.563141,1
24.600000,7,10.780302,6.259702,19.512522,27.991922,10.780302,6.259702,1
25.100000,5,13.852850,9.332250,17.258395,25.737795,13.852850,9.332250,1
25.100000,6,10.744703,6.224103,17.258395,25.737795,10.744703,6.224103,1
25.100000,7,12.938632,8.418032,17.258395,25.737795,12.938632,8.418032,1
25.600000,5,10.677502,6.156903,17.609928,26.089328,10.677502,6.156903,1
25.600000,6,13.357657,8.837057,17.609928,26.089328,13.357657,8.837057,1
25.600000,7,13.263532,8.742932,17.609928,26.089328,13.263532,8.742932,1
26.100000,5,9.665963,5.145363,17.713960,26.193360,9.665963,5.145363,1
26.100000,6,12.220744,7.700144,17.713960,26.193360,12.220744,7.700144,1
26.100000,7,13.489737,8.969137,17.713960,26.193360,13.489737,8.969137,1
26.600000,5,13.659084,9.138484,15.070013,23.549413,13.659084,9.138484,1
26.600000,6,12.475367,7.954767,15.070013,23.549413,12.475367,7.954767,1
26.600000,7,14.117612,9.597012,15.070013,23.549413,14.117612,9.597012,1
27.100000,5,10.490137,5.969537,17.531526,26.010926,10.490137,5.969537,1
27.100000,6,12.871950,8.351350,17.531526,26.010926,12.871950,8.351350,1
27.100000,7,10.848481,6.327881,17.531526,26.010926,10.848481,6.327881,1
27.600000,5,11.512173,6.991573,18.654287,27.133687,11.512173,6.991573,1
27.600000,6,11.441716,6.921116,18.654287,27.133687,11.441716,6.921116,1
27.600000,7,11.236523,6.715924,18.654287,27.133687,11.236523,6.715924,1
28.100000,5,14.331232,9.810632,19.446513,27.925913,14.331232,9.810632,1
28.100000,6,10.005364,5.484764,19.446513,27.925913,10.005364,5.484764,1
28.100000,7,11.972023,7.451423,19.446513,27.925913,11.972023,7.451423,1
28.600000,5,14.218970,9.698370,18.983293,27.462693,14.218970,9.698370,1
28.600000,6,12.774177,8.253577,18.983293,27.462693,12.774177,8.253577,1
28.600000,7,12.594239,8.073639,18.983293,27.462693,12.594239,8.073639,1
29.100000,5,15.332549,10.811949,16.974079,25.453479,15.332549,10.811949,1
29.100000,6,10.115418,5.594819,16.974079,25.453479,10.115418,5.594819,1
29.100000,7,10.335618,5.815018,16.974079,25.453479,10.335618,5.815018,1
29.600000,5,14.167834,9.647234,17.602339,26.081739,14.167834,9.647234,1
29.600000,6,13.563098,9.042498,17.602339,26.081739,13.563098,9.042498,1
29.600000,7,9.434856,4.914256,17.602339,26.081739,9.434856,4.914256,1
30.100000,5,14.232073,9.711473,21.021178,29.500578,14.232073,9.711473,1
30.100000,6,13.116280,8.595680,21.021178,29.500578,13.116280,8.595680,1
30.100000,7,14.349908,9.829308,21.021178,29.500578,14.349908,9.829308,1
30.600000,5,10.374045,5.853446,19.827259,28.306659,10.374045,5.853446,1
30.600000,6,13.071927,8.551327,19.827259,28.306659,13.071927,8.551327,1
30.600000,7,13.610411,9.089811,19.827259,28.306659,13.610411,9.089811,1
31.100000,5,9.184695,4.664095,18.385763,26.865163,9.184695,4.664095,1
31.100000,6,9.362664,4.842065,18.385763,26.865163,9.362664,4.842065,1
31.100000,7,11.762969,7.242369,18.385763,26.865163,11.762969,7.242369,1
31.600000,5,6.711789,2.191189,18.401095,26.880495,6.711789,2.191189,1
31.600000,6,8.586459,4.065859,18.401095,26.880495,8.586459,4.065859,1
31.600000,7,10.859394,6.338794,18.401095,26.880495,10.859394,6.338794,1
32.100000,5,12.229403,7.708803,19.456303,27.935703,12.229403,7.708803,1
32.100000,6,12.979800,8.459200,19.456303,27.935703,12.979800,8.459200,1
32.100000,7,10.647594,6.126994,19.456303,27.935703,10.647594,6.126994,1
32.600000,5,12.917026,8.396426,19.016128,27.495528,12.917026,8.396426,1
32.600000,6,11.513594,6.992994,19.016128,27.495528,11.513594,6.992994,1
32.600000,7,13.418485,8.897885,19.016128,27.495528,13.418485,8.897885,1
33.100000,5,15.222253,10.701653,16.266886,24.746286,15.222253,10.701653,1
33.100000,6,14.114878,9.594278,16.266886,24.746286,14.114878,9.594278,1
33.100000,7,12.792615,8.272015,16.266886,24.746286,12.792615,8.272015,1
33.600000,5,11.421995,6.901395,19.514221,27.993621,11.421995,6.901395,1
33.600000,6,13.458815,8.938215,19.514221,27.993621,13.458815,8.938215,1
33.600000,7,3.012359,-1.508241,19.514221,27.993621,3.012359,-1.508241,0
34.100000,5,10.334827,5.814227,16.249602,24.729002,10.334827,5.814227,1
34.100000,6,10.825097,6.304497,16.249602,24.729002,10.825097,6.304497,1
34.100000,7,10.854698,6.334098,16.249602,24.729002,10.854698,6.334098,1
34.600000,5,11.543819,7.023219,19.492440,27.971840,11.543819,7.023219,1
34.600000,6,13.811542,9.290942,19.492440,27.971840,13.811542,9.290942,1
34.600000,7,8.439457,3.918857,19.492440,27.971840,8.439457,3.918857,1
35.100000,5,12.415998,7.895398,19.500654,27.980054,12.415998,7.895398,1
35.100000,6,13.917135,9.396535,19.500654,27.980054,13.917135,9.396535,1
35.100000,7,13.064076,8.543476,19.500654,27.980054,13.064076,8.543476,1
35.600000,5,10.195974,5.675374,17.642307,26.121707,10.195974,5.675374,1
35.600000,6,13.172600,8.652000,17.642307,26.121707,13.172600,8.652000,1
35.600000,7,12.904216,8.383616,17.642307,26.121707,12.904216,8.383616,1
36.100000,5,14.622578,10.101978,17.793851,26.273251,14.622578,10.101978,1
36.100000,6,11.355826,6.835227,17.793851,26.273251,11.355826,6.835227,1
36.100000,7,11.675499,7.154899,17.793851,26.273251,11.675499,7.154899,1
36.600000,5,12.045502,7.524902,17.831284,26.310684,12.045502,7.524902,1
36.600000,6,14.209113,9.688513,17.831284,26.310684,14.209113,9.688513,1
36.600000,7,13.839095,9.318495,17.831284,26.310684,13.839095,9.318495,1
37.100000,5,14.070969,9.550369,19.670233,28.149633,14.070969,9.550369,1
37.100000,6,12.289834,7.769234,19.670233,28.149633,12.289834,7.769234,1
37.100000,7,12.078888,7.558288,19.670233,28.149633,12.078888,7.558288,1
37.600000,5,12.411570,7.890970,16.583545,25.062945,12.411570,7.890970,1
37.600000,6,13.216670,8.696071,16.583545,25.062945,13.216670,8.696071,1
37.600000,7,13.070947,8.550347,16.583545,25.062945,13.070947,8.550347,1
38.100000,5,10.740741,6.220141,16.416347,24.895747,10.740741,6.220141,1
38.100000,6,13.218532,8.697932,16.416347,24.895747,13.218532,8.697932,1
38.100000,7,14.218126,9.697526,16.416347,24.895747,14.218126,9.697526,1
38.600000,5,7.860177,3.339577,20.238432,28.717832,7.860177,3.339577,1
38.600000,6,14.121916,9.601316,20.238432,28.717832,14.121916,9.601316,1
38.600000,7,12.268135,7.747535,20.238432,28.717832,12.268135,7.747535,1
39.100000,5,12.176529,7.655929,20.383712,28.863112,12.176529,7.655929,1
39.100000,6,12.098035,7.577435,20.383712,28.863112,12.098035,7.577435,1
39.100000,7,14.579448,10.058848,20.383712,28.863112,14.579448,10.058848,1
39.600000,5,10.537781,6.017182,17.300594,25.779994,10.537781,6.017182,1
39.600000,6,11.577543,7.056943,17.300594,25.779994,11.577543,7.056943,1
39.600000,7,12.811758,8.291158,17.300594,25.779994,12.811758,8.291158,1
40.100000,5,13.968600,9.448000,17.070004,25.549404,13.968600,9.448000,1
40.100000,6,11.545957,7.025357,17.070004,25.549404,11.545957,7.025357,1
40.100000,7,12.035319,7.514719,17.070004,25.549404,12.035319,7.514719,1
40.600000,5,15.050525,10.529925,20.998344,29.477744,15.050525,10.529925,1
40.600000,6,12.708011,8.187411,20.998344,29.477744,12.708011,8.187411,1
40.600000,7,7.416571,2.895971,20.998344,29.477744,7.416571,2.895971,1
41.100000,5,14.594000,10.073400,19.406379,27.885779,14.594000,10.073400,1
41.100000,6,13.209744,8.689144,19.406379,27.885779,13.209744,8.689144,1
41.100000,7,7.562456,3.041856,19.406379,27.885779,7.562456,3.041856,1
41.600000,5,12.863483,8.342883,18.378508,26.857908,12.863483,8.342883,1
41.600000,6,13.280247,8.759647,18.378508,26.857908,13.280247,8.759647,1
41.600000,7,15.031135,10.510535,18.378508,26.857908,15.031135,10.510535,1
42.100000,5,12.508727,7.988127,18.434061,26.913461,12.508727,7.988127,1
42.100000,6,12.287692,7.767092,18.434061,26.913461,12.287692,7.767092,1
42.100000,7,10.228870,5.708270,18.434061,26.913461,10.228870,5.708270,1
42.600000,5,11.105508,6.584908,17.892136,26.371536,11.105508,6.584908,1
42.600000,6,8.994326,4.473726,17.892136,26.371536,8.994326,4.473726,1
42.600000,7,13.976940,9.456341,17.892136,26.371536,13.976940,9.456341,1
43.100000,5,14.883355,10.362755,19.302817,27.782217,14.883355,10.362755,1
43.100000,6,12.897840,8.377240,19.302817,27.782217,12.897840,8.377240,1
43.100000,7,11.927850,7.407251,19.302817,27.782217,11.927850,7.407251,1
43.600000,5,13.825509,9.304909,15.892161,24.371561,13.825509,9.304909,1
43.600000,6,13.051040,8.530440,15.892161,24.371561,13.051040,8.530440,1
43.600000,7,13.134427,8.613827,15.892161,24.371561,13.134427,8.613827,1
44.100000,5,11.653332,7.132732,18.698984,27.178385,11.653332,7.132732,1
44.100000,6,11.968701,7.448102,18.698984,27.178385,11.968701,7.448102,1
44.100000,7,12.319910,7.799310,18.698984,27.178385,12.319910,7.799310,1
44.600000,5,9.426508,4.905909,21.387351,29.866751,9.426508,4.905909,1
44.600000,6,15.870620,11.350020,21.387351,29.866751,15.870620,11.350020,1
44.600000,7,11.665053,7.144453,21.387351,29.866751,11.665053,7.144453,1
45.100000,5,13.947394,9.426794,18.441206,26.920606,13.947394,9.426794,1
45.100000,6,14.424865,9.904265,18.441206,26.920606,14.424865,9.904265,1
45.100000,7,13.320144,8.799544,18.441206,26.920606,13.320144,8.799544,1
45.600000,5,13.129785,8.609185,17.222146,25.701547,13.129785,8.609185,1
45.600000,6,12.675451,8.154851,17.222146,25.701547,12.675451,8.154851,1
45.600000,7,10.391785,5.871185,17.222146,25.701547,10.391785,5.871185,1
46.100000,5,12.388754,7.868154,13.661529,22.140929,12.388754,7.868154,1
46.100000,6,11.631625,7.111025,13.661529,22.140929,11.631625,7.111025,1
46.100000,7,13.745307,9.224707,13.661529,22.140929,13.661529,9.224707,1
46.600000,5,14.441927,9.921327,19.670116,28.149516,14.441927,9.921327,1
46.600000,6,14.295662,9.775062,19.670116,28.149516,14.295662,9.775062,1
46.600000,7,11.151350,6.630750,19.670116,28.149516,11.151350,6.630750,1
47.100000,5,12.645892,8.125292,17.433551,25.912951,12.645892,8.125292,1
47.100000,6,11.209812,6.689212,17.433551,25.912951,11.209812,6.689212,1
47.100000,7,13.068887,8.548287,17.433551,25.912951,13.068887,8.548287,1
47.600000,5,15.561422,11.040822,19.977759,28.457159,15.561422,11.040822,1
47.600000,6,8.747298,4.226698,19.977759,28.457159,8.747298,4.226698,1
47.600000,7,12.969191,8.448591,19.977759,28.457159,12.969191,8.448591,1
48.100000,5,10.771971,6.251371,21.720234,30.199634,10.771971,6.251371,1
48.100000,6,13.587750,9.067151,21.720234,30.199634,13.587750,9.067151,1
48.100000,7,14.644605,10.124005,21.720234,30.199634,14.644605,10.124005,1
48.600000,5,15.912358,11.391758,17.806383,26.285783,15.912358,11.391758,1
48.600000,6,7.599713,3.079113,17.806383,26.285783,7.599713,3.079113,1
48.600000,7,12.377420,7.856820,17.806383,26.285783,12.377420,7.856820,1
49.100000,5,5.515480,0.994880,20.164620,28.644020,5.515480,0.994880,1
49.100000,6,9.402865,4.882265,20.164620,28.644020,9.402865,4.882265,1
49.100000,7,11.809354,7.288754,20.164620,28.644020,11.809354,7.288754,1
49.600000,5,10.900141,6.379541,20.457818,28.937219,10.900141,6.379541,1
49.600000,6,14.822886,10.302286,20.457818,28.937219,14.822886,10.302286,1
49.600000,7,11.417172,6.896572,20.457818,28.937219,11.417172,6.896572,1
50.100000,5,5.939283,1.418683,18.603684,27.083084,5.939283,1.418683,1
50.100000,6,11.755740,7.235140,18.603684,27.083084,11.755740,7.235140,1
50.100000,7,13.094309,8.573709,18.603684,27.083084,13.094309,8.573709,1
50.600000,5,15.778505,11.257905,19.172020,27.651421,15.778505,11.257905,1
50.600000,6,13.147644,8.627044,19.172020,27.651421,13.147644,8.627044,1
50.600000,7,11.713420,7.192820,19.172020,27.651421,11.713420,7.192820,1
51.100000,5,11.323025,6.802425,20.302110,28.781510,11.323025,6.802425,1
51.100000,6,11.862972,7.342372,20.302110,28.781510,11.862972,7.342372,1
51.100000,7,12.852310,8.331710,20.302110,28.781510,12.852310,8.331710,1
51.600000,5,10.366086,5.845486,20.669369,29.148769,10.366086,5.845486,1
51.600000,6,11.943468,7.422869,20.669369,29.148769,11.943468,7.422869,1
51.600000,7,12.727711,8.207111,20.669369,29.148769,12.727711,8.207111,1
52.100000,5,9.823681,5.303081,17.334885,25.814285,9.823681,5.303081,1
52.100000,6,11.823644,7.303044,17.334885,25.814285,11.823644,7.303044,1
52.100000,7,13.774241,9.253641,17.334885,25.814285,13.774241,9.253641,1
52.600000,5,15.332683,10.812083,17.860542,26.339942,15.332683,10.812083,1
52.600000,6,13.548032,9.027432,17.860542,26.339942,13.548032,9.027432,1
52.600000,7,12.699961,8.179361,17.860542,26.339942,12.699961,8.179361,1
53.100000,5,11.435256,6.914656,18.768991,27.248391,11.435256,6.914656,1
53.100000,6,12.269523,7.748923,18.768991,27.248391,12.269523,7.748923,1
53.100000,7,10.103541,5.582941,18.768991,27.248391,10.103541,5.582941,1
53.600000,5,10.868699,6.348099,21.587615,30.067015,10.868699,6.348099,1
53.600000,6,9.251951,4.731351,21.587615,30.067015,9.251951,4.731351,1
53.600000,7,8.007657,3.487057,21.587615,30.067015,8.007657,3.487057,1
54.100000,5,13.603130,9.082530,20.496296,28.975696,13.603130,9.082530,1
54.100000,6,11.932837,7.412237,20.496296,28.975696,11.932837,7.412237,1
54.100000,7,12.638994,8.118394,20.496296,28.975696,12.638994,8.118394,1
54.600000,5,10.470871,5.950271,19.444009,27.923409,10.470871,5.950271,1
54.600000,6,11.741163,7.220563,19.444009,27.923409,11.741163,7.220563,1
54.600000,7,12.332145,7.811545,19.444009,27.923409,12.332145,7.811545,1
55.100000,5,13.100893,8.580293,18.694050,27.173451,13.100893,8.580293,1
55.100000,6,11.500829,6.980229,18.694050,27.173451,11.500829,6.980229,1
55.100000,7,11.496982,6.976382,18.694050,27.173451,11.496982,6.976382,1
55.600000,5,10.223276,5.702676,20.319151,28.798551,10.223276,5.702676,1
55.600000,6,12.085356,7.564756,20.319151,28.798551,12.085356,7.564756,1
55.600000,7,11.804792,7.284192,20.319151,28.798551,11.804792,7.284192,1
56.100000,5,11.424881,6.904281,18.084035,26.563435,11.424881,6.904281,1
56.100000,6,10.961989,6.441389,18.084035,26.563435,10.961989,6.441389,1
56.100000,7,12.589799,8.069199,18.084035,26.563435,12.589799,8.069199,1
56.600000,5,11.578264,7.057665,20.109489,28.588889,11.578264,7.057665,1
56.600000,6,11.599595,7.078995,20.109489,28.588889,11.599595,7.078995,1
56.600000,7,14.004319,9.483719,20.109489,28.588889,14.004319,9.483719,1
57.100000,5,12.787828,8.267228,16.738861,25.218261,12.787828,8.267228,1
57.100000,6,11.067596,6.546996,16.738861,25.218261,11.067596,6.546996,1
57.100000,7,15.060763,10.540163,16.738861,25.218261,15.060763,10.540163,1
57.600000,5,14.017976,9.497376,19.445791,27.925191,14.017976,9.497376,1
57.600000,6,14.293803,9.773203,19.445791,27.925191,14.293803,9.773203,1
57.600000,7,13.976254,9.455654,19.445791,27.925191,13.976254,9.455654,1
58.100000,5,15.166285,10.645685,19.632548,28.111948,15.166285,10.645685,1
58.100000,6,12.732115,8.211515,19.632548,28.111948,12.732115,8.211515,1
58.100000,7,12.143919,7.623319,19.632548,28.111948,12.143919,7.623319,1
58.600000,5,11.034353,6.513753,19.227318,27.706718,11.034353,6.513753,1
58.600000,6,12.587045,8.066445,19.227318,27.706718,12.587045,8.066445,1
58.600000,7,15.019183,10.498583,19.227318,27.706718,15.019183,10.498583,1
59.100000,5,9.440014,4.919414,17.241727,25.721127,9.440014,4.919414,1
59.100000,6,12.604887,8.084287,17.241727,25.721127,12.604887,8.084287,1
59.100000,7,14.101025,9.580425,17.241727,25.721127,14.101025,9.580425,1
59.600000,5,12.890193,8.369594,17.793892,26.273292,12.890193,8.369594,1
59.600000,6,11.637023,7.116423,17.793892,26.273292,11.637023,7.116423,1
59.600000,7,10.410360,5.889760,17.793892,26.273292,10.410360,5.889760,1
60.100000,5,11.900280,7.379680,19.920182,28.399582,11.900280,7.379680,1
60.100000,6,9.968284,5.447684,19.920182,28.399582,9.968284,5.447684,1
60.100000,7,12.987088,8.466488,19.920182,28.399582,12.987088,8.466488,1
60.600000,5,12.724803,8.204203,20.176581,28.655981,12.724803,8.204203,1
60.600000,6,10.825986,6.305386,20.176581,28.655981,10.825986,6.305386,1
60.600000,7,10.883954,6.363354,20.176581,28.655981,10.883954,6.363354,1
61.100000,5,12.163226,7.642626,17.465400,25.944800,12.163226,7.642626,1
61.100000,6,11.472867,6.952267,17.465400,25.944800,11.472867,6.952267,1
61.100000,7,10.640473,6.119873,17.465400,25.944800,10.640473,6.119873,1
61.600000,5,10.611984,6.091384,12.534008,21.013408,10.611984,6.091384,1
61.600000,6,11.519652,6.999052,12.534008,21.013408,11.519652,6.999052,1
61.600000,7,11.819821,7.299221,12.534008,21.013408,11.819821,7.299221,1
62.100000,5,12.618207,8.097607,18.704113,27.183513,12.618207,8.097607,1
62.100000,6,12.097851,7.577251,18.704113,27.183513,12.097851,7.577251,1
62.100000,7,13.873834,9.353234,18.704113,27.183513,13.873834,9.353234,1
62.600000,5,13.699750,9.179150,19.113689,27.593090,13.699750,9.179150,1
62.600000,6,14.780651,10.260051,19.113689,27.593090,14.780651,10.260051,1
62.600000,7,11.361571,6.840971,19.113689,27.593090,11.361571,6.840971,1
63.100000,5,13.731547,9.210947,20.085596,28.564996,13.731547,9.210947,1
63.100000,6,13.265848,8.745249,20.085596,28.564996,13.265848,8.745249,1
63.100000,7,11.461015,6.940415,20.085596,28.564996,11.461015,6.940415,1
63.600000,5,10.898953,6.378353,18.069498,26.548898,10.898953,6.378353,1
63.600000,6,16.476564,11.955964,18.069498,26.548898,16.476564,11.955964,1
63.600000,7,7.276945,2.756345,18.069498,26.548898,7.276945,2.756345,1
64.100000,5,12.786507,8.265907,16.568622,25.048022,12.786507,8.265907,1
64.100000,6,12.789367,8.268767,16.568622,25.048022,12.789367,8.268767,1
64.100000,7,13.075821,8.555222,16.568622,25.048022,13.075821,8.555222,1
64.600000,5,10.698217,6.177617,20.030904,28.510304,10.698217,6.177617,1
64.600000,6,12.299869,7.779269,20.030904,28.510304,12.299869,7.779269,1
64.600000,7,13.223493,8.702893,20.030904,28.510304,13.223493,8.702893,1
65.100000,5,12.471898,7.951298,18.553387,27.032787,12.471898,7.951298,1
65.100000,6,12.385706,7.865106,18.553387,27.032787,12.385706,7.865106,1
65.100000,7,7.530711,3.010111,18.553387,27.032787,7.530711,3.010111,1
65.600000,5,13.622828,9.102228,19.398739,27.878139,13.622828,9.102228,1
65.600000,6,11.099682,6.579082,19.398739,27.878139,11.099682,6.579082,1
65.600000,7,12.409986,7.889386,19.398739,27.878139,12.409986,7.889386,1
66.100000,5,12.191871,7.671271,16.206713,24.686113,12.191871,7.671271,1
66.100000,6,10.459352,5.938752,16.206713,24.686113,10.459352,5.938752,1
66.100000,7,16.494485,11.973885,16.206713,24.686113,16.206713,11.973885,1
66.600000,5,14.319277,9.798677,18.639497,27.118897,14.319277,9.798677,1
66.600000,6,11.397711,6.877111,18.639497,27.118897,11.397711,6.877111,1
66.600000,7,12.237041,7.716441,18.639497,27.118897,12.237041,7.716441,1
67.100000,5,11.451643,6.931043,14.972049,23.451450,11.451643,6.931043,1
67.100000,6,11.648165,7.127565,14.972049,23.451450,11.648165,7.127565,1
67.100000,7,14.442516,9.921916,14.972049,23.451450,14.442516,9.921916,1
67.600000,5,10.399622,5.879022,17.491806,25.971206,10.399622,5.879022,1
67.600000,6,11.198536,6.677936,17.491806,25.971206,11.198536,6.677936,1
67.600000,7,12.828649,8.308049,17.491806,25.971206,12.828649,8.308049,1
68.100000,5,11.230685,6.710085,17.119637,25.599037,11.230685,6.710085,1
68.100000,6,15.191149,10.670550,17.119637,25.599037,15.191149,10.670550,1
68.100000,7,14.125708,9.605108,17.119637,25.599037,14.125708,9.605108,1
68.600000,5,12.959738,8.439138,17.990543,26.469943,12.959738,8.439138,1
68.600000,6,12.130560,7.609960,17.990543,26.469943,12.130560,7.609960,1
68.600000,7,14.096168,9.575568,17.990543,26.469943,14.096168,9.575568,1
69.100000,5,13.049767,8.529167,17.214742,25.694142,13.049767,8.529167,1
69.100000,6,14.440640,9.920040,17.214742,25.694142,14.440640,9.920040,1
69.100000,7,13.750603,9.230003,17.214742,25.694142,13.750603,9.230003,1
69.600000,5,11.898073,7.377473,21.395927,29.875327,11.898073,7.377473,1
69.600000,6,12.955364,8.434764,21.395927,29.875327,12.955364,8.434764,1
69.600000,7,11.335806,6.815206,21.395927,29.875327,11.335806,6.815206,1
70.100000,5,10.679886,6.159287,16.414850,24.894250,10.679886,6.159287,1
70.100000,6,13.060385,8.539785,16.414850,24.894250,13.060385,8.539785,1
70.100000,7,14.361326,9.840726,16.414850,24.894250,14.361326,9.840726,1
70.600000,5,9.470586,4.949986,17.922360,26.401760,9.470586,4.949986,1
70.600000,6,12.395940,7.875340,17.922360,26.401760,12.395940,7.875340,1
70.600000,7,13.663501,9.142901,17.922360,26.401760,13.663501,9.142901,1
71.100000,5,12.710342,8.189742,20.477133,28.956533,12.710342,8.189742,1
71.100000,6,12.448339,7.927739,20.477133,28.956533,12.448339,7.927739,1
71.100000,7,7.285716,2.765116,20.477133,28.956533,7.285716,2.765116,1
71.600000,5,13.746860,9.226260,19.144476,27.623876,13.746860,9.226260,1
71.600000,6,12.258919,7.738319,19.144476,27.623876,12.258919,7.738319,1
71.600000,7,13.107578,8.586978,19.144476,27.623876,13.107578,8.586978,1
72.100000,5,13.050202,8.529602,19.439829,27.919229,13.050202,8.529602,1
72.100000,6,10.104175,5.583575,19.439829,27.919229,10.104175,5.583575,1
72.100000,7,10.607114,6.086514,19.439829,27.919229,10.607114,6.086514,1
72.600000,5,14.086162,9.565562,14.805767,23.285167,14.086162,9.565562,1
72.600000,6,11.449409,6.928809,14.805767,23.285167,11.449409,6.928809,1
72.600000,7,13.754925,9.234325,14.805767,23.285167,13.754925,9.234325,1
73.100000,5,11.760574,7.239974,20.280963,28.760363,11.760574,7.239974,1
73.100000,6,12.216497,7.695897,20.280963,28.760363,12.216497,7.695897,1
73.100000,7,13.046929,8.526329,20.280963,28.760363,13.046929,8.526329,1
73.600000,5,8.448194,3.927594,17.728979,26.208379,8.448194,3.927594,1
73.600000,6,12.675820,8.155220,17.728979,26.208379,12.675820,8.155220,1
73.600000,7,15.658968,11.138368,17.728979,26.208379,15.658968,11.138368,1
74.100000,5,12.551100,8.030500,19.232738,27.712138,12.551100,8.030500,1
74.100000,6,13.802611,9.282011,19.232738,27.712138,13.802611,9.282011,1
74.100000,7,14.242853,9.722254,19.232738,27.712138,14.242853,9.722254,1
74.600000,5,11.910317,7.389717,18.957062,27.436462,11.910317,7.389717,1
74.600000,6,9.452559,4.931959,18.957062,27.436462,9.452559,4.931959,1
74.600000,7,11.291671,6.771071,18.957062,27.436462,11.291671,6.771071,1
75.100000,5,9.930371,5.409771,22.747744,31.227144,9.930371,5.409771,1
75.100000,6,12.161183,7.640583,22.747744,31.227144,12.161183,7.640583,1
75.100000,7,14.748898,10.228298,22.747744,31.227144,14.748898,10.228298,1
75.600000,5,15.341704,10.821105,17.092044,25.571444,15.341704,10.821105,1
75.600000,6,13.004188,8.483588,17.092044,25.571444,13.004188,8.483588,1
75.600000,7,13.400286,8.879686,17.092044,25.571444,13.400286,8.879686,1
76.100000,5,10.957474,6.436874,18.778566,27.257966,10.957474,6.436874,1
76.100000,6,12.901476,8.380876,18.778566,27.257966,12.901476,8.380876,1
76.100000,7,12.935337,8.414737,18.778566,27.257966,12.935337,8.414737,1
76.600000,5,11.049014,6.528414,20.621657,29.101057,11.049014,6.528414,1
76.600000,6,6.808201,2.287601,20.621657,29.101057,6.808201,2.287601,1
76.600000,7,10.114689,5.594089,20.621657,29.101057,10.114689,5.594089,1
77.100000,5,11.619225,7.098625,19.037888,27.517288,11.619225,7.098625,1
77.100000,6,12.437743,7.917143,19.037888,27.517288,12.437743,7.917143,1
77.100000,7,12.053220,7.532620,19.037888,27.517288,12.053220,7.532620,1
77.600000,5,11.009149,6.488549,17.626681,26.106081,11.009149,6.488549,1
77.600000,6,14.451063,9.930463,17.626681,26.106081,14.451063,9.930463,1
77.600000,7,11.271048,6.750448,17.626681,26.106081,11.271048,6.750448,1
78.100000,5,12.277678,7.757078,16.980390,25.459790,12.277678,7.757078,1
78.100000,6,6.755823,2.235223,16.980390,25.459790,6.755823,2.235223,1
78.100000,7,12.536226,8.015626,16.980390,25.459790,12.536226,8.015626,1
78.600000,5,16.577071,12.056471,18.557438,27.036838,16.577071,12.056471,1
78.600000,6,12.288983,7.768383,18.557438,27.036838,12.288983,7.768383,1
78.600000,7,10.730969,6.210369,18.557438,27.036838,10.730969,6.210369,1
79.100000,5,10.826027,6.305427,17.945522,26.424922,10.826027,6.305427,1
79.100000,6,11.173977,6.653377,17.945522,26.424922,11.173977,6.653377,1
79.100000,7,12.641049,8.120449,17.945522,26.424922,12.641049,8.120449,1
79.600000,5,10.370701,5.850101,18.263438,26.742838,10.370701,5.850101,1
79.600000,6,15.075218,10.554618,18.263438,26.742838,15.075218,10.554618,1
79.600000,7,14.116089,9.595489,18.263438,26.742838,14.116089,9.595489,1
80.100000,5,12.468857,7.948257,18.366649,26.846049,12.468857,7.948257,1
80.100000,6,11.553896,7.033296,18.366649,26.846049,11.553896,7.033296,1
80.100000,7,13.653986,9.133386,18.366649,26.846049,13.653986,9.133386,1
80.600000,5,14.724089,10.203489,16.694949,25.174349,14.724089,10.203489,1
80.600000,6,11.579132,7.058532,16.694949,25.174349,11.579132,7.058532,1
80.600000,7,12.290895,7.770295,16.694949,25.174349,12.290895,7.770295,1
81.100000,5,11.781541,7.260941,20.839267,29.318667,11.781541,7.260941,1
81.100000,6,12.931215,8.410615,20.839267,29.318667,12.931215,8.410615,1
81.100000,7,14.950095,10.429495,20.839267,29.318667,14.950095,10.429495,1
81.600000,5,14.279089,9.758490,20.477112,28.956512,14.279089,9.758490,1
81.600000,6,14.796759,10.276159,20.477112,28.956512,14.796759,10.276159,1
81.600000,7,13.647643,9.127043,20.477112,28.956512,13.647643,9.127043,1
82.100000,5,15.700028,11.179429,15.803470,24.282870,15.700028,11.179429,1
82.100000,6,11.333388,6.812788,15.803470,24.282870,11.333388,6.812788,1
82.100000,7,15.142452,10.621852,15.803470,24.282870,15.142452,10.621852,1
82.600000,5,11.004398,6.483798,18.140750,26.620150,11.004398,6.483798,1
82.600000,6,14.732550,10.211950,18.140750,26.620150,14.732550,10.211950,1
82.600000,7,12.696952,8.176352,18.140750,26.620150,12.696952,8.176352,1
83.100000,5,15.593891,11.073291,20.282095,28.761495,15.593891,11.073291,1
83.100000,6,12.332116,7.811516,20.282095,28.761495,12.332116,7.811516,1
83.100000,7,12.482870,7.962270,20.282095,28.761495,12.482870,7.962270,1
83.600000,5,14.416062,9.895462,19.102584,27.581984,14.416062,9.895462,1
83.600000,6,13.738355,9.217755,19.102584,27.581984,13.738355,9.217755,1
83.600000,7,10.074639,5.554039,19.102584,27.581984,10.074639,5.554039,1
84.100000,5,14.209314,9.688714,20.655489,29.134889,14.209314,9.688714,1
84.100000,6,11.338509,6.817909,20.655489,29.134889,11.338509,6.817909,1
84.100000,7,11.645115,7.124515,20.655489,29.134889,11.645115,7.124515,1
84.600000,5,13.493055,8.972455,16.225430,24.704830,13.493055,8.972455,1
84.600000,6,9.590030,5.069430,16.225430,24.704830,9.590030,5.069430,1
84.600000,7,12.346318,7.825718,16.225430,24.704830,12.346318,7.825718,1
85.100000,5,11.549943,7.029343,18.355344,26.834744,11.549943,7.029343,1
85.100000,6,11.956519,7.435919,18.355344,26.834744,11.956519,7.435919,1
85.100000,7,10.877474,6.356874,18.355344,26.834744,10.877474,6.356874,1
85.600000,5,9.458125,4.937526,18.774360,27.253760,9.458125,4.937526,1
85.600000,6,12.198494,7.677894,18.774360,27.253760,12.198494,7.677894,1
85.600000,7,13.519674,8.999074,18.774360,27.253760,13.519674,8.999074,1
86.100000,5,13.214328,8.693728,16.952651,25.432051,13.214328,8.693728,1
86.100000,6,13.099762,8.579162,16.952651,25.432051,13.099762,8.579162,1
86.100000,7,11.743209,7.222610,16.952651,25.432051,11.743209,7.222610,1
86.600000,5,13.761545,9.240945,17.700221,26.179622,13.761545,9.240945,1
86.600000,6,10.593291,6.072691,17.700221,26.179622,10.593291,6.072691,1
86.600000,7,13.100823,8.580223,17.700221,26.179622,13.100823,8.580223,1
87.100000,5,12.052348,7.531748,19.165525,27.644925,12.052348,7.531748,1
87.100000,6,10.460879,5.940280,19.165525,27.644925,10.460879,5.940280,1
87.100000,7,12.230143,7.709543,19.165525,27.644925,12.230143,7.709543,1
87.600000,5,13.080802,8.560202,19.444517,27.923918,13.080802,8.560202,1
87.600000,6,12.378897,7.858297,19.444517,27.923918,12.378897,7.858297,1
87.600000,7,9.800896,5.280297,19.444517,27.923918,9.800896,5.280297,1
88.100000,5,12.555253,8.034653,14.791952,23.271352,12.555253,8.034653,1
88.100000,6,11.189063,6.668463,14.791952,23.271352,11.189063,6.668463,1
88.100000,7,10.927048,6.406448,14.791952,23.271352,10.927048,6.406448,1
88.600000,5,11.329161,6.808561,20.420984,28.900384,11.329161,6.808561,1
88.600000,6,11.437854,6.917254,20.420984,28.900384,11.437854,6.917254,1
88.600000,7,12.727277,8.206677,20.420984,28.900384,12.727277,8.206677,1
89.100000,5,12.240724,7.720124,18.022856,26.502256,12.240724,7.720124,1
89.100000,6,13.129752,8.609152,18.022856,26.502256,13.129752,8.609152,1
89.100000,7,11.442616,6.922016,18.022856,26.502256,11.442616,6.922016,1
89.600000,5,9.817182,5.296582,20.617592,29.096992,9.817182,5.296582,1
89.600000,6,14.858200,10.337600,20.617592,29.096992,14.858200,10.337600,1
89.600000,7,14.984342,10.463742,20.617592,29.096992,14.984342,10.463742,1
90.100000,5,15.018158,10.497558,17.397881,25.877281,15.018158,10.497558,1
90.100000,6,13.838278,9.317679,17.397881,25.877281,13.838278,9.317679,1
90.100000,7,10.872240,6.351640,17.397881,25.877281,10.872240,6.351640,1
90.600000,5,13.802844,9.282244,19.112052,27.591452,13.802844,9.282244,1
90.600000,6,10.058663,5.538063,19.112052,27.591452,10.058663,5.538063,1
90.600000,7,11.243095,6.722495,19.112052,27.591452,11.243095,6.722495,1
91.100000,5,14.144186,9.623586,15.629718,24.109119,14.144186,9.623586,1
91.100000,6,7.791594,3.270994,15.629718,24.109119,7.791594,3.270994,1
91.100000,7,14.302574,9.781974,15.629718,24.109119,14.302574,9.781974,1
91.600000,5,10.108888,5.588289,19.262333,27.741733,10.108888,5.588289,1
91.600000,6,8.916535,4.395935,19.262333,27.741733,8.916535,4.395935,1
91.600000,7,13.865528,9.344928,19.262333,27.741733,13.865528,9.344928,1
92.100000,5,11.484691,6.964091,17.987402,26.466802,11.484691,6.964091,1
92.100000,6,8.506533,3.985933,17.987402,26.466802,8.506533,3.985933,1
92.100000,7,13.166289,8.645689,17.987402,26.466802,13.166289,8.645689,1
92.600000,5,12.846061,8.325461,19.457194,27.936594,12.846061,8.325461,1
92.600000,6,14.361038,9.840439,19.457194,27.936594,14.361038,9.840439,1
92.600000,7,13.825644,9.305044,19.457194,27.936594,13.825644,9.305044,1
93.100000,5,13.602024,9.081424,14.671150,23.150550,13.602024,9.081424,1
93.100000,6,11.767960,7.247360,14.671150,23.150550,11.767960,7.247360,1
93.100000,7,12.062541,7.541941,14.671150,23.150550,12.062541,7.541941,1
93.600000,5,11.789099,7.268499,15.579148,24.058548,11.789099,7.268499,1
93.600000,6,14.240406,9.719806,15.579148,24.058548,14.240406,9.719806,1
93.600000,7,11.232018,6.711418,15.579148,24.058548,11.232018,6.711418,1
94.100000,5,9.984470,5.463870,17.407760,25.887160,9.984470,5.463870,1
94.100000,6,11.488780,6.968180,17.407760,25.887160,11.488780,6.968180,1
94.100000,7,9.821378,5.300778,17.407760,25.887160,9.821378,5.300778,1
94.600000,5,12.322391,7.801791,18.403287,26.882687,12.322391,7.801791,1
94.600000,6,13.443419,8.922819,18.403287,26.882687,13.443419,8.922819,1
94.600000,7,10.793935,6.273336,18.403287,26.882687,10.793935,6.273336,1
95.100000,5,9.430584,4.909984,19.535752,28.015152,9.430584,4.909984,1
95.100000,6,14.916167,10.395567,19.535752,28.015152,14.916167,10.395567,1
95.100000,7,13.790237,9.269637,19.535752,28.015152,13.790237,9.269637,1
95.600000,5,11.590428,7.069828,19.000325,27.479725,11.590428,7.069828,1
95.600000,6,12.010904,7.490304,19.000325,27.479725,12.010904,7.490304,1
95.600000,7,13.095010,8.574410,19.000325,27.479725,13.095010,8.574410,1
96.100000,5,15.798813,11.278213,15.302885,23.782286,15.302885,11.278213,1
96.100000,6,12.030129,7.509529,15.302885,23.782286,12.030129,7.509529,1
96.100000,7,10.895963,6.375363,15.302885,23.782286,10.895963,6.375363,1
96.600000,5,8.740251,4.219651,17.385930,25.865330,8.740251,4.219651,1
96.600000,6,7.673360,3.152760,17.385930,25.865330,7.673360,3.152760,1
96.600000,7,10.373395,5.852795,17.385930,25.865330,10.373395,5.852795,1
97.100000,5,8.796632,4.276032,19.156233,27.635633,8.796632,4.276032,1
97.100000,6,13.286091,8.765491,19.156233,27.635633,13.286091,8.765491,1
97.100000,7,11.406900,6.886300,19.156233,27.635633,11.406900,6.886300,1
97.600000,5,14.711509,10.190909,17.413774,25.893174,14.711509,10.190909,1
97.600000,6,12.256776,7.736176,17.413774,25.893174,12.256776,7.736176,1
97.600000,7,13.255664,8.735065,17.413774,25.893174,13.255664,8.735065,1
98.100000,5,11.669785,7.149185,19.537144,28.016544,11.669785,7.149185,1
98.100000,6,12.674550,8.153950,19.537144,28.016544,12.674550,8.153950,1
98.100000,7,13.115002,8.594402,19.537144,28.016544,13.115002,8.594402,1
98.600000,5,13.716584,9.195985,19.307682,27.787082,13.716584,9.195985,1
98.600000,6,13.332440,8.811841,19.307682,27.787082,13.332440,8.811841,1
98.600000,7,10.960629,6.440029,19.307682,27.787082,10.960629,6.440029,1
99.100000,5,9.667226,5.146626,17.793841,26.273241,9.667226,5.146626,1
99.100000,6,11.341501,6.820901,17.793841,26.273241,11.341501,6.820901,1
99.100000,7,12.280166,7.759566,17.793841,26.273241,12.280166,7.759566,1
99.600000,5,12.239370,7.718770,17.527138,26.006538,12.239370,7.718770,1
99.600000,6,13.713885,9.193285,17.527138,26.006538,13.713885,9.193285,1
99.600000,7,15.145291,10.624691,17.527138,26.006538,15.145291,10.624691,1
100.100000,5,11.099140,6.578540,19.346128,27.825528,11.099140,6.578540,1
100.100000,6,13.614414,9.093814,19.346128,27.825528,13.614414,9.093814,1
100.100000,7,13.053133,8.532533,19.346128,27.825528,13.053133,8.532533,1
100.600000,5,12.811191,8.290591,18.936239,27.415639,12.811191,8.290591,1
100.600000,6,13.221536,8.700937,18.936239,27.415639,13.221536,8.700937,1
100.600000,7,14.229017,9.708417,18.936239,27.415639,14.229017,9.708417,1
101.100000,5,13.996538,9.475938,18.376815,26.856215,13.996538,9.475938,1
101.100000,6,10.064281,5.543681,18.376815,26.856215,10.064281,5.543681,1
101.100000,7,6.234460,1.713860,18.376815,26.856215,6.234460,1.713860,1
101.600000,5,14.165049,9.644449,17.912306,26.391707,14.165049,9.644449,1
101.600000,6,11.749632,7.229032,17.912306,26.391707,11.749632,7.229032,1
101.600000,7,12.072971,7.552371,17.912306,26.391707,12.072971,7.552371,1
102.100000,5,10.672140,6.151540,20.310960,28.790360,10.672140,6.151540,1
102.100000,6,9.485457,4.964857,20.310960,28.790360,9.485457,4.964857,1
102.100000,7,8.293724,3.773124,20.310960,28.790360,8.293724,3.773124,1
102.600000,5,14.931819,10.411220,21.587184,30.066584,14.931819,10.411220,1
102.600000,6,14.620038,10.099438,21.587184,30.066584,14.620038,10.099438,1
102.600000,7,14.249204,9.728604,21.587184,30.066584,14.249204,9.728604,1
103.100000,5,11.730527,7.209927,16.882763,25.362163,11.730527,7.209927,1
103.100000,6,11.242162,6.721562,16.882763,25.362163,11.242162,6.721562,1
103.100000,7,12.683038,8.162438,16.882763,25.362163,12.683038,8.162438,1
103.600000,5,11.500820,6.980221,17.978002,26.457402,11.500820,6.980221,1
103.600000,6,9.893877,5.373277,17.978002,26.457402,9.893877,5.373277,1
103.600000,7,11.320473,6.799873,17.978002,26.457402,11.320473,6.799873,1
104.100000,5,14.609092,10.088492,13.715882,22.195282,13.715882,10.088492,1
104.100000,6,10.703571,6.182971,13.715882,22.195282,10.703571,6.182971,1
104.100000,7,3.190410,-1.330190,13.715882,22.195282,3.190410,-1.330190,0
104.600000,5,12.377504,7.856905,18.866753,27.346153,12.377504,7.856905,1
104.600000,6,11.676404,7.155804,18.866753,27.346153,11.676404,7.155804,1
104.600000,7,14.432372,9.911772,18.866753,27.346153,14.432372,9.911772,1
105.100000,5,8.859247,4.338647,20.516531,28.995931,8.859247,4.338647,1
105.100000,6,11.429566,6.908966,20.516531,28.995931,11.429566,6.908966,1
105.100000,7,11.607055,7.086455,20.516531,28.995931,11.607055,7.086455,1
105.600000,5,10.415008,5.894408,19.183173,27.662573,10.415008,5.894408,1
105.600000,6,12.220497,7.699897,19.183173,27.662573,12.220497,7.699897,1
105.600000,7,11.150018,6.629418,19.183173,27.662573,11.150018,6.629418,1
106.100000,5,11.923135,7.402535,20.499199,28.978599,11.923135,7.402535,1
106.100000,6,12.027528,7.506928,20.499199,28.978599,12.027528,7.506928,1
106.100000,7,12.770077,8.249477,20.499199,28.978599,12.770077,8.249477,1
106.600000,5,13.090197,8.569597,16.378392,24.857792,13.090197,8.569597,1
106.600000,6,11.934360,7.413760,16.378392,24.857792,11.934360,7.413760,1
106.600000,7,9.582798,5.062198,16.378392,24.857792,9.582798,5.062198,1
107.100000,5,10.929554,6.408954,18.506180,26.985580,10.929554,6.408954,1
107.100000,6,13.597562,9.076962,18.506180,26.985580,13.597562,9.076962,1
107.100000,7,10.280048,5.759448,18.506180,26.985580,10.280048,5.759448,1
107.600000,5,14.813959,10.293359,19.828227,28.307627,14.813959,10.293359,1
107.600000,6,9.208579,4.687979,19.828227,28.307627,9.208579,4.687979,1
107.600000,7,11.914322,7.393722,19.828227,28.307627,11.914322,7.393722,1
108.100000,5,12.669812,8.149212,21.798183,30.277583,12.669812,8.149212,1
108.100000,6,14.980545,10.459945,21.798183,30.277583,14.980545,10.459945,1
108.100000,7,13.103879,8.583279,21.798183,30.277583,13.103879,8.583279,1
108.600000,5,12.348575,7.827976,19.490330,27.969730,12.348575,7.827976,1
108.600000,6,11.185920,6.665320,19.490330,27.969730,11.185920,6.665320,1
108.600000,7,4.746362,0.225762,19.490330,27.969730,4.746362,0.225762,1
109.100000,5,14.391231,9.870631,20.089345,28.568745,14.391231,9.870631,1
109.100000,6,14.239862,9.719263,20.089345,28.568745,14.239862,9.719263,1
109.100000,7,8.583249,4.062649,20.089345,28.568745,8.583249,4.062649,1
109.600000,5,10.104774,5.584174,18.584145,27.063545,10.104774,5.584174,1
109.600000,6,8.543282,4.022682,18.584145,27.063545,8.543282,4.022682,1
109.600000,7,11.713151,7.192551,18.584145,27.063545,11.713151,7.192551,1
110.100000,5,13.722878,9.202278,20.183054,28.662455,13.722878,9.202278,1
110.100000,6,14.051080,9.530480,20.183054,28.662455,14.051080,9.530480,1
110.100000,7,12.233568,7.712969,20.183054,28.662455,12.233568,7.712969,1
110.600000,5,13.450394,8.929794,18.282959,26.762359,13.450394,8.929794,1
110.600000,6,11.290512,6.769912,18.282959,26.762359,11.290512,6.769912,1
110.600000,7,14.274344,9.753744,18.282959,26.762359,14.274344,9.753744,1
111.100000,5,11.268814,6.748214,21.528928,30.008328,11.268814,6.748214,1
111.100000,6,11.874095,7.353495,21.528928,30.008328,11.874095,7.353495,1
111.100000,7,14.746840,10.226240,21.528928,30.008328,14.746840,10.226240,1
111.600000,5,10.645826,6.125226,19.875012,28.354412,10.645826,6.125226,1
111.600000,6,11.954740,7.434140,19.875012,28.354412,11.954740,7.434140,1
111.600000,7,12.048063,7.527463,19.875012,28.354412,12.048063,7.527463,1
112.100000,5,12.731117,8.210518,20.359862,28.839262,12.731117,8.210518,1
112.100000,6,12.171231,7.650631,20.359862,28.839262,12.171231,7.650631,1
112.100000,7,12.287969,7.767369,20.359862,28.839262,12.287969,7.767369,1
112.600000,5,13.556065,9.035465,19.393596,27.872996,13.556065,9.035465,1
112.600000,6,8.486702,3.966102,19.393596,27.872996,8.486702,3.966102,1
112.600000,7,11.564763,7.044164,19.393596,27.872996,11.564763,7.044164,1
113.100000,5,12.874673,8.354073,20.061644,28.541044,12.874673,8.354073,1
113.100000,6,12.042712,7.522112,20.061644,28.541044,12.042712,7.522112,1
113.100000,7,11.031640,6.511040,20.061644,28.541044,11.031640,6.511040,1
113.600000,5,15.462805,10.942205,17.813374,26.292774,15.462805,10.942205,1
113.600000,6,12.425476,7.904876,17.813374,26.292774,12.425476,7.904876,1
113.600000,7,11.595190,7.074590,17.813374,26.292774,11.595190,7.074590,1
114.100000,5,15.251354,10.730754,19.017557,27.496957,15.251354,10.730754,1
114.100000,6,12.643269,8.122669,19.017557,27.496957,12.643269,8.122669,1
114.100000,7,11.967243,7.446643,19.017557,27.496957,11.967243,7.446643,1
114.600000,5,13.752848,9.232248,21.533146,30.012546,13.752848,9.232248,1
114.600000,6,15.169255,10.648655,21.533146,30.012546,15.169255,10.648655,1
114.600000,7,13.689588,9.168988,21.533146,30.012546,13.689588,9.168988,1
115.100000,5,15.790230,11.269630,19.003748,27.483148,15.790230,11.269630,1
115.100000,6,12.146862,7.626262,19.003748,27.483148,12.146862,7.626262,1
115.100000,7,12.670811,8.150211,19.003748,27.483148,12.670811,8.150211,1
115.600000,5,13.186908,8.666308,20.383676,28.863076,13.186908,8.666308,1
115.600000,6,12.627893,8.107293,20.383676,28.863076,12.627893,8.107293,1
115.600000,7,12.109870,7.589271,20.383676,28.863076,12.109870,7.589271,1
116.100000,5,10.786989,6.266389,16.891840,25.371240,10.786989,6.266389,1
116.100000,6,13.322385,8.801785,16.891840,25.371240,13.322385,8.801785,1
116.100000,7,12.736359,8.215759,16.891840,25.371240,12.736359,8.215759,1
116.600000,5,11.775729,7.255129,20.426931,28.906331,11.775729,7.255129,1
116.600000,6,13.538892,9.018292,20.426931,28.906331,13.538892,9.018292,1
116.600000,7,14.961438,10.440838,20.426931,28.906331,14.961438,10.440838,1
117.100000,5,12.170757,7.650157,18.283845,26.763245,12.170757,7.650157,1
117.100000,6,13.590232,9.069632,18.283845,26.763245,13.590232,9.069632,1
117.100000,7,12.687890,8.167290,18.283845,26.763245,12.687890,8.167290,1
117.600000,5,14.803639,10.283039,18.226358,26.705758,14.803639,10.283039,1
117.600000,6,13.169478,8.648878,18.226358,26.705758,13.169478,8.648878,1
117.600000,7,11.753177,7.232577,18.226358,26.705758,11.753177,7.232577,1
118.100000,5,9.641412,5.120812,19.961511,28.440911,9.641412,5.120812,1
118.100000,6,9.895202,5.374602,19.961511,28.440911,9.895202,5.374602,1
118.100000,7,9.889073,5.368473,19.961511,28.440911,9.889073,5.368473,1
118.600000,5,10.629531,6.108931,17.717142,26.196542,10.629531,6.108931,1
118.600000,6,13.911605,9.391005,17.717142,26.196542,13.911605,9.391005,1
118.600000,7,12.566840,8.046240,17.717142,26.196542,12.566840,8.046240,1
119.100000,5,12.637863,8.117263,18.918296,27.397696,12.637863,8.117263,1
119.100000,6,11.579440,7.058840,18.918296,27.397696,11.579440,7.058840,1
119.100000,7,13.801238,9.280638,18.918296,27.397696,13.801238,9.280638,1
119.600000,5,9.847106,5.326506,18.228198,26.707599,9.847106,5.326506,1
119.600000,6,12.338698,7.818098,18.228198,26.707599,12.338698,7.818098,1
119.600000,7,9.758172,5.237572,18.228198,26.707599,9.758172,5.237572,1
