Time,CellId,ServiceDlSnrDb,ServiceUlSnrDb,FeederDlSnrDb,FeederUlSnrDb,BackhaulDlSnrDb,BackhaulUlSnrDb,BackhaulHealthy
0.100000,5,12.371143,7.850543,18.282140,26.761540,12.371143,7.850543,1
0.100000,6,8.142618,3.622018,18.282140,26.761540,8.142618,3.622018,1
0.100000,7,13.718315,9.197715,18.282140,26.761540,13.718315,9.197715,1
0.600000,5,11.309577,6.788977,14.909229,23.388629,11.309577,6.788977,1
0.600000,6,15.636888,11.116288,14.909229,23.388629,14.909229,11.116288,1
0.600000,7,15.179243,10.658643,14.909229,23.388629,14.909229,10.658643,1
1.100000,5,11.848715,7.328115,18.034020,26.513421,11.848715,7.328115,1
1.100000,6,13.247079,8.726479,18.034020,26.513421,13.247079,8.726479,1
1.100000,7,14.172364,9.651764,18.034020,26.513421,14.172364,9.651764,1
1.600000,5,11.640262,7.119662,19.496461,27.975861,11.640262,7.119662,1
1.600000,6,13.367214,8.846614,19.496461,27.975861,13.367214,8.846614,1
1.600000,7,10.596821,6.076221,19.496461,27.975861,10.596821,6.076221,1
2.100000,5,13.811333,9.290734,17.910498,26.389898,13.811333,9.290734,1
2.100000,6,14.373578,9.852979,17.910498,26.389898,14.373578,9.852979,1
2.100000,7,13.957306,9.436706,17.910498,26.389898,13.957306,9.436706,1
2.600000,5,12.832184,8.311584,17.295653,25.775054,12.832184,8.311584,1
2.600000,6,16.027423,11.506823,17.295653,25.775054,16.027423,11.506823,1
2.600000,7,13.125074,8.604474,17.295653,25.775054,13.125074,8.604474,1
3.100000,5,13.131555,8.610955,16.448477,24.927877,13.131555,8.610955,1
3.100000,6,14.369576,9.848976,16.448477,24.927877,14.369576,9.848976,1
3.100000,7,10.232858,5.712258,16.448477,24.927877,10.232858,5.712258,1
3.600000,5,11.486883,6.966283,15.046108,23.525508,11.486883,6.966283,1
3.600000,6,11.994125,7.473525,15.046108,23.525508,11.994125,7.473525,1
3.600000,7,13.265768,8.745168,15.046108,23.525508,13.265768,8.745168,1
4.100000,5,11.723831,7.203231,15.563479,24.042879,11.723831,7.203231,1
4.100000,6,11.172696,6.652096,15.563479,24.042879,11.172696,6.652096,1
4.100000,7,12.227520,7.706920,15.563479,24.042879,12.227520,7.706920,1
4.600000,5,13.851675,9.331075,17.156171,25.635571,13.851675,9.331075,1
4.600000,6,13.530022,9.009422,17.156171,25.635571,13.530022,9.009422,1
4.600000,7,10.722622,6.202022,17.156171,25.635571,10.722622,6.202022,1
5.100000,5,11.650150,7.129551,15.510850,23.990251,11.650150,7.129551,1
5.100000,6,11.039595,6.518995,15.510850,23.990251,11.039595,6.518995,1
5.100000,7,14.076164,9.555564,15.510850,23.990251,14.076164,9.555564,1
5.600000,5,11.910265,7.389665,15.779281,24.258681,11.910265,7.389665,1
5.600000,6,14.300316,9.779716,15.779281,24.258681,14.300316,9.779716,1
5.600000,7,12.671403,8.150803,15.779281,24.258681,12.671403,8.150803,1
6.100000,5,13.013095,8.492495,17.396841,25.876242,13.013095,8.492495,1
6.100000,6,12.836767,8.316167,17.396841,25.876242,12.836767,8.316167,1
6.100000,7,16.253792,11.733192,17.396841,25.876242,16.253792,11.733192,1
6.600000,5,12.706536,8.185936,12.673936,21.153336,12.673936,8.185936,1
6.600000,6,13.110430,8.589830,12.673936,21.153336,12.673936,8.589830,1
6.600000,7,13.542779,9.022179,12.673936,21.153336,12.673936,9.022179,1
7.100000,5,12.324856,7.804256,16.398438,24.877838,12.324856,7.804256,1
7.100000,6,10.493192,5.972592,16.398438,24.877838,10.493192,5.972592,1
7.100000,7,11.787739,7.267139,16.398438,24.877838,11.787739,7.267139,1
7.600000,5,9.620556,5.099956,17.300854,25.780254,9.620556,5.099956,1
7.600000,6,14.036436,9.515836,17.300854,25.780254,14.036436,9.515836,1
7.600000,7,8.085409,3.564809,17.300854,25.780254,8.085409,3.564809,1
8.100000,5,11.344568,6.823968,18.290210,26.769610,11.344568,6.823968,1
8.100000,6,12.402032,7.881432,18.290210,26.769610,12.402032,7.881432,1
8.100000,7,12.417197,7.896597,18.290210,26.769610,12.417197,7.896597,1
8.600000,5,13.356477,8.835878,18.445002,26.924402,13.356477,8.835878,1
8.600000,6,10.788231,6.267632,18.445002,26.924402,10.788231,6.267632,1
8.600000,7,12.885986,8.365386,18.445002,26.924402,12.885986,8.365386,1
9.100000,5,3.295370,-1.225230,17.307173,25.786573,3.295370,-1.225230,0
9.100000,6,11.181514,6.660914,17.307173,25.786573,11.181514,6.660914,1
9.100000,7,11.830635,7.310035,17.307173,25.786573,11.830635,7.310035,1
9.600000,5,11.897551,7.376951,18.699827,27.179227,11.897551,7.376951,1
9.600000,6,11.448245,6.927645,18.699827,27.179227,11.448245,6.927645,1
9.600000,7,11.414910,6.894310,18.699827,27.179227,11.414910,6.894310,1
10.100000,5,9.912128,5.391528,17.573287,26.052687,9.912128,5.391528,1
10.100000,6,12.639042,8.118442,17.573287,26.052687,12.639042,8.118442,1
10.100000,7,11.021527,6.500927,17.573287,26.052687,11.021527,6.500927,1
10.600000,5,9.142208,4.621608,17.333789,25.813189,9.142208,4.621608,1
10.600000,6,13.681271,9.160671,17.333789,25.813189,13.681271,9.160671,1
10.600000,7,12.644052,8.123453,17.333789,25.813189,12.644052,8.123453,1
11.100000,5,9.570237,5.049637,16.076630,24.556030,9.570237,5.049637,1
11.100000,6,11.295440,6.774840,16.076630,24.556030,11.295440,6.774840,1
11.100000,7,8.638611,4.118011,16.076630,24.556030,8.638611,4.118011,1
11.600000,5,12.384096,7.863496,12.949499,21.428899,12.384096,7.863496,1
11.600000,6,13.032556,8.511956,12.949499,21.428899,12.949499,8.511956,1
11.600000,7,10.621662,6.101062,12.949499,21.428899,10.621662,6.101062,1
12.100000,5,12.299636,7.779036,14.308059,22.787459,12.299636,7.779036,1
12.100000,6,7.933116,3.412516,14.308059,22.787459,7.933116,3.412516,1
12.100000,7,9.168672,4.648072,14.308059,22.787459,9.168672,4.648072,1
12.600000,5,12.580996,8.060396,18.456558,26.935959,12.580996,8.060396,1
12.600000,6,7.269106,2.748506,18.456558,26.935959,7.269106,2.748506,1
12.600000,7,9.979274,5.458674,18.456558,26.935959,9.979274,5.458674,1
13.100000,5,14.870879,10.350279,18.020328,26.499728,14.870879,10.350279,1
13.100000,6,12.029401,7.508801,18.020328,26.499728,12.029401,7.508801,1
13.100000,7,10.788801,6.268201,18.020328,26.499728,10.788801,6.268201,1
13.600000,5,10.610117,6.089517,18.121762,26.601162,10.610117,6.089517,1
13.600000,6,13.243802,8.723202,18.121762,26.601162,13.243802,8.723202,1
13.600000,7,9.712954,5.192354,18.121762,26.601162,9.712954,5.192354,1
14.100000,5,14.271510,9.750910,16.499204,24.978604,14.271510,9.750910,1
14.100000,6,13.070475,8.549875,16.499204,24.978604,13.070475,8.549875,1
14.100000,7,15.249845,10.729245,16.499204,24.978604,15.249845,10.729245,1
14.600000,5,12.277827,7.757228,12.632135,21.111535,12.277827,7.757228,1
14.600000,6,14.187824,9.667224,12.632135,21.111535,12.632135,9.667224,1
14.600000,7,11.026309,6.505709,12.632135,21.111535,11.026309,6.505709,1
15.100000,5,13.404111,8.883511,17.436492,25.915892,13.404111,8.883511,1
15.100000,6,12.628044,8.107444,17.436492,25.915892,12.628044,8.107444,1
15.100000,7,11.463768,6.943168,17.436492,25.915892,11.463768,6.943168,1
15.600000,5,12.815955,8.295355,15.386993,23.866393,12.815955,8.295355,1
15.600000,6,12.948886,8.428286,15.386993,23.866393,12.948886,8.428286,1
15.600000,7,10.400174,5.879574,15.386993,23.866393,10.400174,5.879574,1
16.100000,5,13.828444,9.307844,19.099034,27.578435,13.828444,9.307844,1
16.100000,6,10.219787,5.699187,19.099034,27.578435,10.219787,5.699187,1
16.100000,7,11.226643,6.706043,19.099034,27.578435,11.226643,6.706043,1
16.600000,5,10.987694,6.467094,17.128632,25.608032,10.987694,6.467094,1
16.600000,6,13.633937,9.113337,17.128632,25.608032,13.633937,9.113337,1
16.600000,7,11.106557,6.585957,17.128632,25.608032,11.106557,6.585957,1
17.100000,5,14.449859,9.929259,19.238379,27.717779,14.449859,9.929259,1
17.100000,6,12.829819,8.309219,19.238379,27.717779,12.829819,8.309219,1
17.100000,7,13.876084,9.355484,19.238379,27.717779,13.876084,9.355484,1
17.600000,5,12.383290,7.862690,17.996022,26.475422,12.383290,7.862690,1
17.600000,6,11.466911,6.946311,17.996022,26.475422,11.466911,6.946311,1
17.600000,7,12.429789,7.909189,17.996022,26.475422,12.429789,7.909189,1
18.100000,5,14.431061,9.910461,17.316149,25.795549,14.431061,9.910461,1
18.100000,6,12.810973,8.290373,17.316149,25.795549,12.810973,8.290373,1
18.100000,7,13.513646,8.993046,17.316149,25.795549,13.513646,8.993046,1
18.600000,5,13.411583,8.890983,18.393990,26.873390,13.411583,8.890983,1
18.600000,6,12.673398,8.152798,18.393990,26.873390,12.673398,8.152798,1
18.600000,7,11.313754,6.793154,18.393990,26.873390,11.313754,6.793154,1
19.100000,5,11.222442,6.701842,18.846148,27.325548,11.222442,6.701842,1
19.100000,6,13.767577,9.246977,18.846148,27.325548,13.767577,9.246977,1
19.100000,7,13.047255,8.526655,18.846148,27.325548,13.047255,8.526655,1
19.600000,5,13.646032,9.125432,18.983400,27.462800,13.646032,9.125432,1
19.600000,6,11.519157,6.998557,18.983400,27.462800,11.519157,6.998557,1
19.600000,7,9.651506,5.130906,18.983400,27.462800,9.651506,5.130906,1
20.100000,5,9.033036,4.512436,16.898729,25.378130,9.033036,4.512436,1
20.100000,6,11.848658,7.328059,16.898729,25.378130,11.848658,7.328059,1
20.100000,7,15.322880,10.802280,16.898729,25.378130,15.322880,10.802280,1
20.600000,5,14.768746,10.248146,16.653196,25.132596,14.768746,10.248146,1
20.600000,6,10.364414,5.843814,16.653196,25.132596,10.364414,5.843814,1
20.600000,7,15.123186,10.602586,16.653196,25.132596,15.123186,10.602586,1
21.100000,5,12.723584,8.202984,17.574773,26.054173,12.723584,8.202984,1
21.100000,6,11.795746,7.275146,17.574773,26.054173,11.795746,7.275146,1
21.100000,7,15.819973,11.299373,17.574773,26.054173,15.819973,11.299373,1
21.600000,5,8.865915,4.345315,15.869596,24.348996,8.865915,4.345315,1
21.600000,6,6.511272,1.990672,15.869596,24.348996,6.511272,1.990672,1
21.600000,7,8.911088,4.390488,15.869596,24.348996,8.911088,4.390488,1
22.100000,5,10.842995,6.322395,17.489609,25.969009,10.842995,6.322395,1
22.100000,6,14.704787,10.184187,17.489609,25.969009,14.704787,10.184187,1
22.100000,7,13.739506,9.218906,17.489609,25.969009,13.739506,9.218906,1
22.600000,5,14.665694,10.145094,15.735237,24.214637,14.665694,10.145094,1
22.600000,6,12.654222,8.133622,15.735237,24.214637,12.654222,8.133622,1
22.600000,7,11.798824,7.278224,15.735237,24.214637,11.798824,7.278224,1
23.100000,5,10.305847,5.785248,18.154054,26.633454,10.305847,5.785248,1
23.100000,6,12.266369,7.745769,18.154054,26.633454,12.266369,7.745769,1
23.100000,7,11.433701,6.913102,18.154054,26.633454,11.433701,6.913102,1
23.600000,5,9.750063,5.229463,13.799100,22.278500,9.750063,5.229463,1
23.600000,6,12.799451,8.278852,13.799100,22.278500,12.799451,8.278852,1
23.600000,7,14.998121,10.477521,13.799100,22.278500,13.799100,10.477521,1
24.100000,5,12.699066,8.178466,16.675535,25.154935,12.699066,8.178466,1
24.100000,6,13.705297,9.184697,16.675535,25.154935,13.705297,9.184697,1
24.100000,7,14.444808,9.924209,16.675535,25.154935,14.444808,9.924209,1
24.600000,5,11.190391,6.669791,16.938064,25.417464,11.190391,6.669791,1
24.600000,6,11.647537,7.126937,16.938064,25.417464,11.647537,7.126937,1
24.600000,7,10.272561,5.751961,16.938064,25.417464,10.272561,5.751961,1
25.100000,5,12.882657,8.362057,10.323404,18.802804,10.323404,8.362057,1
25.100000,6,13.412955,8.892355,10.323404,18.802804,10.323404,8.892355,1
25.100000,7,10.526974,6.006374,10.323404,18.802804,10.323404,6.006374,1
25.600000,5,11.920119,7.399519,17.747752,26.227152,11.920119,7.399519,1
25.600000,6,14.571609,10.051009,17.747752,26.227152,14.571609,10.051009,1
25.600000,7,10.532006,6.011406,17.747752,26.227152,10.532006,6.011406,1
26.100000,5,12.924689,8.404089,13.943949,22.423349,12.924689,8.404089,1
26.100000,6,12.521083,8.000483,13.943949,22.423349,12.521083,8.000483,1
26.100000,7,11.313185,6.792585,13.943949,22.423349,11.313185,6.792585,1
26.600000,5,13.319487,8.798887,16.831232,25.310632,13.319487,8.798887,1
26.600000,6,8.974142,4.453542,16.831232,25.310632,8.974142,4.453542,1
26.600000,7,10.542285,6.021685,16.831232,25.310632,10.542285,6.021685,1
27.100000,5,13.656602,9.136002,16.612327,25.091727,13.656602,9.136002,1
27.100000,6,11.193992,6.673392,16.612327,25.091727,11.193992,6.673392,1
27.100000,7,13.002793,8.482193,16.612327,25.091727,13.002793,8.482193,1
27.600000,5,13.271336,8.750736,14.652601,23.132001,13.271336,8.750736,1
27.600000,6,11.651494,7.130894,14.652601,23.132001,11.651494,7.130894,1
27.600000,7,14.688970,10.168370,14.652601,23.132001,14.652601,10.168370,1
28.100000,5,13.690766,9.170166,16.022735,24.502135,13.690766,9.170166,1
28.100000,6,10.462247,5.941647,16.022735,24.502135,10.462247,5.941647,1
28.100000,7,14.407282,9.886682,16.022735,24.502135,14.407282,9.886682,1
28.600000,5,13.041341,8.520741,15.796081,24.275481,13.041341,8.520741,1
28.600000,6,12.872316,8.351716,15.796081,24.275481,12.872316,8.351716,1
28.600000,7,8.562605,4.042006,15.796081,24.275481,8.562605,4.042006,1
29.100000,5,11.807024,7.286424,18.342119,26.821519,11.807024,7.286424,1
29.100000,6,11.648974,7.128374,18.342119,26.821519,11.648974,7.128374,1
29.100000,7,12.823979,8.303380,18.342119,26.821519,12.823979,8.303380,1
29.600000,5,12.085960,7.565360,20.185293,28.664693,12.085960,7.565360,1
29.600000,6,11.228359,6.707759,20.185293,28.664693,11.228359,6.707759,1
29.600000,7,12.316613,7.796013,20.185293,28.664693,12.316613,7.796013,1
30.100000,5,13.445511,8.924911,13.546309,22.025709,13.445511,8.924911,1
30.100000,6,12.562990,8.042390,13.546309,22.025709,12.562990,8.042390,1
30.100000,7,14.150176,9.629576,13.546309,22.025709,13.546309,9.629576,1
30.600000,5,11.410014,6.889414,17.045220,25.524620,11.410014,6.889414,1
30.600000,6,12.978622,8.458022,17.045220,25.524620,12.978622,8.458022,1
30.600000,7,16.044938,11.524338,17.045220,25.524620,16.044938,11.524338,1
31.100000,5,11.718566,7.197967,15.701678,24.181078,11.718566,7.197967,1
31.100000,6,11.349048,6.828448,15.701678,24.181078,11.349048,6.828448,1
31.100000,7,11.053394,6.532794,15.701678,24.181078,11.053394,6.532794,1
31.600000,5,12.597427,8.076827,17.462546,25.941946,12.597427,8.076827,1
31.600000,6,12.017311,7.496711,17.462546,25.941946,12.017311,7.496711,1
31.600000,7,13.014755,8.494155,17.462546,25.941946,13.014755,8.494155,1
32.100000,5,11.545303,7.024704,18.075750,26.555150,11.545303,7.024704,1
32.100000,6,12.527553,8.006953,18.075750,26.555150,12.527553,8.006953,1
32.100000,7,12.486433,7.965833,18.075750,26.555150,12.486433,7.965833,1
32.600000,5,11.946346,7.425746,18.054130,26.533530,11.946346,7.425746,1
32.600000,6,14.611201,10.090601,18.054130,26.533530,14.611201,10.090601,1
32.600000,7,11.061551,6.540952,18.054130,26.533530,11.061551,6.540952,1
33.100000,5,12.899207,8.378608,16.999121,25.478521,12.899207,8.378608,1
33.100000,6,13.908024,9.387425,16.999121,25.478521,13.908024,9.387425,1
33.100000,7,10.986624,6.466024,16.999121,25.478521,10.986624,6.466024,1
33.600000,5,12.306997,7.786397,17.268706,25.748106,12.306997,7.786397,1
33.600000,6,11.920865,7.400265,17.268706,25.748106,11.920865,7.400265,1
33.600000,7,13.612610,9.092011,17.268706,25.748106,13.612610,9.092011,1
34.100000,5,13.292342,8.771742,14.111649,22.591050,13.292342,8.771742,1
34.100000,6,13.710782,9.190182,14.111649,22.591050,13.710782,9.190182,1
34.100000,7,13.040400,8.519800,14.111649,22.591050,13.040400,8.519800,1
34.600000,5,11.726958,7.206358,14.295654,22.775055,11.726958,7.206358,1
34.600000,6,12.939415,8.418815,14.295654,22.775055,12.939415,8.418815,1
34.600000,7,12.387842,7.867242,14.295654,22.775055,12.387842,7.867242,1
35.100000,5,12.398764,7.878164,14.557356,23.036756,12.398764,7.878164,1
35.100000,6,10.883945,6.363345,14.557356,23.036756,10.883945,6.363345,1
35.100000,7,13.332860,8.812260,14.557356,23.036756,13.332860,8.812260,1
35.600000,5,12.631473,8.110873,18.387101,26.866502,12.631473,8.110873,1
35.600000,6,11.327783,6.807183,18.387101,26.866502,11.327783,6.807183,1
35.600000,7,10.269412,5.748812,18.387101,26.866502,10.269412,5.748812,1
36.100000,5,11.106799,6.586199,16.910248,25.389648,11.106799,6.586199,1
36.100000,6,15.625857,11.105257,16.910248,25.389648,15.625857,11.105257,1
36.100000,7,13.950328,9.429728,16.910248,25.389648,13.950328,9.429728,1
36.600000,5,10.077950,5.557350,17.149457,25.628857,10.077950,5.557350,1
36.600000,6,11.563583,7.042983,17.149457,25.628857,11.563583,7.042983,1
36.600000,7,12.805092,8.284492,17.149457,25.628857,12.805092,8.284492,1
37.100000,5,13.724055,9.203455,18.359415,26.838815,13.724055,9.203455,1
37.100000,6,9.838255,5.317655,18.359415,26.838815,9.838255,5.317655,1
37.100000,7,12.592737,8.072137,18.359415,26.838815,12.592737,8.072137,1
37.600000,5,11.060048,6.539448,17.424244,25.903644,11.060048,6.539448,1
37.600000,6,10.081352,5.560752,17.424244,25.903644,10.081352,5.560752,1
37.600000,7,12.742293,8.221693,17.424244,25.903644,12.742293,8.221693,1
38.100000,5,12.547111,8.026511,16.253842,24.733242,12.547111,8.026511,1
38.100000,6,10.993674,6.473075,16.253842,24.733242,10.993674,6.473075,1
38.100000,7,12.073060,7.552460,16.253842,24.733242,12.073060,7.552460,1
38.600000,5,12.924447,8.403847,14.200778,22.680178,12.924447,8.403847,1
38.600000,6,9.046774,4.526174,14.200778,22.680178,9.046774,4.526174,1
38.600000,7,12.851100,8.330500,14.200778,22.680178,12.851100,8.330500,1
39.100000,5,12.690288,8.169688,19.018433,27.497834,12.690288,8.169688,1
39.100000,6,12.550894,8.030294,19.018433,27.497834,12.550894,8.030294,1
39.100000,7,12.106185,7.585585,19.018433,27.497834,12.106185,7.585585,1
39.600000,5,13.098935,8.578335,18.296223,26.775623,13.098935,8.578335,1
39.600000,6,10.343776,5.823176,18.296223,26.775623,10.343776,5.823176,1
39.600000,7,12.265834,7.745234,18.296223,26.775623,12.265834,7.745234,1
40.100000,5,10.961854,6.441255,19.359203,27.838603,10.961854,6.441255,1
40.100000,6,10.726382,6.205782,19.359203,27.838603,10.726382,6.205782,1
40.100000,7,14.767132,10.246532,19.359203,27.838603,14.767132,10.246532,1
40.600000,5,13.064345,8.543745,15.505722,23.985122,13.064345,8.543745,1
40.600000,6,13.498350,8.977750,15.505722,23.985122,13.498350,8.977750,1
40.600000,7,14.415240,9.894640,15.505722,23.985122,14.415240,9.894640,1
41.100000,5,12.145742,7.625142,16.008776,24.488176,12.145742,7.625142,1
41.100000,6,11.862637,7.342037,16.008776,24.488176,11.862637,7.342037,1
41.100000,7,15.709792,11.189192,16.008776,24.488176,15.709792,11.189192,1
41.600000,5,11.600968,7.080368,14.736108,23.215508,11.600968,7.080368,1
41.600000,6,14.267519,9.746919,14.736108,23.215508,14.267519,9.746919,1
41.600000,7,10.688482,6.167882,14.736108,23.215508,10.688482,6.167882,1
42.100000,5,14.618623,10.098023,16.190338,24.669738,14.618623,10.098023,1
42.100000,6,13.310159,8.789560,16.190338,24.669738,13.310159,8.789560,1
42.100000,7,13.369567,8.848967,16.190338,24.669738,13.369567,8.848967,1
42.600000,5,14.040826,9.520226,18.362660,26.842060,14.040826,9.520226,1
42.600000,6,13.088026,8.567426,18.362660,26.842060,13.088026,8.567426,1
42.600000,7,11.149690,6.629091,18.362660,26.842060,11.149690,6.629091,1
43.100000,5,14.218152,9.697552,14.810599,23.289999,14.218152,9.697552,1
43.100000,6,8.190026,3.669426,14.810599,23.289999,8.190026,3.669426,1
43.100000,7,9.143315,4.622715,14.810599,23.289999,9.143315,4.622715,1
43.600000,5,8.100294,3.579694,17.743245,26.222645,8.100294,3.579694,1
43.600000,6,9.084678,4.564078,17.743245,26.222645,9.084678,4.564078,1
43.600000,7,14.158641,9.638041,17.743245,26.222645,14.158641,9.638041,1
44.100000,5,11.240817,6.720217,18.308279,26.787679,11.240817,6.720217,1
44.100000,6,12.961737,8.441137,18.308279,26.787679,12.961737,8.441137,1
44.100000,7,8.769138,4.248538,18.308279,26.787679,8.769138,4.248538,1
44.600000,5,12.546713,8.026113,19.116921,27.596321,12.546713,8.026113,1
44.600000,6,11.868067,7.347467,19.116921,27.596321,11.868067,7.347467,1
44.600000,7,10.601272,6.080672,19.116921,27.596321,10.601272,6.080672,1
45.100000,5,9.463355,4.942755,17.932490,26.411890,9.463355,4.942755,1
45.100000,6,14.319052,9.798452,17.932490,26.411890,14.319052,9.798452,1
45.100000,7,13.376442,8.855842,17.932490,26.411890,13.376442,8.855842,1
45.600000,5,15.904630,11.384030,17.075855,25.555255,15.904630,11.384030,1
45.600000,6,9.392372,4.871773,17.075855,25.555255,9.392372,4.871773,1
45.600000,7,11.510255,6.989655,17.075855,25.555255,11.510255,6.989655,1
46.100000,5,8.979436,4.458836,19.469297,27.948697,8.979436,4.458836,1
46.100000,6,11.744061,7.223461,19.469297,27.948697,11.744061,7.223461,1
46.100000,7,9.792410,5.271810,19.469297,27.948697,9.792410,5.271810,1
46.600000,5,14.783768,10.263168,16.245269,24.724669,14.783768,10.263168,1
46.600000,6,11.946879,7.426279,16.245269,24.724669,11.946879,7.426279,1
46.600000,7,15.919508,11.398908,16.245269,24.724669,15.919508,11.398908,1
47.100000,5,12.697043,8.176443,19.284429,27.763829,12.697043,8.176443,1
47.100000,6,11.726687,7.206087,19.284429,27.763829,11.726687,7.206087,1
47.100000,7,14.664117,10.143517,19.284429,27.763829,14.664117,10.143517,1
47.600000,5,11.486749,6.966149,16.763653,25.243053,11.486749,6.966149,1
47.600000,6,11.162062,6.641462,16.763653,25.243053,11.162062,6.641462,1
47.600000,7,12.558091,8.037491,16.763653,25.243053,12.558091,8.037491,1
48.100000,5,13.895206,9.374606,16.223504,24.702904,13.895206,9.374606,1
48.100000,6,10.391973,5.871373,16.223504,24.702904,10.391973,5.871373,1
48.100000,7,12.269481,7.748881,16.223504,24.702904,12.269481,7.748881,1
48.600000,5,10.751196,6.230596,16.759734,25.239134,10.751196,6.230596,1
48.600000,6,11.872566,7.351967,16.759734,25.239134,11.872566,7.351967,1
48.600000,7,12.538952,8.018352,16.759734,25.239134,12.538952,8.018352,1
49.100000,5,14.123889,9.603289,9.331125,17.810525,9.331125,9.603289,1
49.100000,6,12.338668,7.818068,9.331125,17.810525,9.331125,7.818068,1
49.100000,7,12.895640,8.375040,9.331125,17.810525,9.331125,8.375040,1
49.600000,5,13.535421,9.014821,15.354579,23.833979,13.535421,9.014821,1
49.600000,6,7.297471,2.776871,15.354579,23.833979,7.297471,2.776871,1
49.600000,7,13.218867,8.698267,15.354579,23.833979,13.218867,8.698267,1
50.100000,5,14.074608,9.554008,18.096967,26.576367,14.074608,9.554008,1
50.100000,6,11.035906,6.515306,18.096967,26.576367,11.035906,6.515306,1
50.100000,7,12.811257,8.290657,18.096967,26.576367,12.811257,8.290657,1
50.600000,5,13.645323,9.124723,17.410303,25.889703,13.645323,9.124723,1
50.600000,6,7.567330,3.046730,17.410303,25.889703,7.567330,3.046730,1
50.600000,7,13.537705,9.017105,17.410303,25.889703,13.537705,9.017105,1
51.100000,5,11.667772,7.147172,15.649228,24.128628,11.667772,7.147172,1
51.100000,6,10.603362,6.082762,15.649228,24.128628,10.603362,6.082762,1
51.100000,7,13.745611,9.225011,15.649228,24.128628,13.745611,9.225011,1
51.600000,5,14.391396,9.870796,16.749863,25.229263,14.391396,9.870796,1
51.600000,6,11.405938,6.885338,16.749863,25.229263,11.405938,6.885338,1
51.600000,7,11.601422,7.080822,16.749863,25.229263,11.601422,7.080822,1
52.100000,5,15.135349,10.614749,16.187629,24.667029,15.135349,10.614749,1
52.100000,6,12.223985,7.703385,16.187629,24.667029,12.223985,7.703385,1
52.100000,7,12.393825,7.873225,16.187629,24.667029,12.393825,7.873225,1
52.600000,5,12.540998,8.020398,16.432317,24.911717,12.540998,8.020398,1
52.600000,6,12.995216,8.474616,16.432317,24.911717,12.995216,8.474616,1
52.600000,7,11.294693,6.774093,16.432317,24.911717,11.294693,6.774093,1
53.100000,5,13.247312,8.726712,15.382771,23.862171,13.247312,8.726712,1
53.100000,6,11.410561,6.889961,15.382771,23.862171,11.410561,6.889961,1
53.100000,7,11.956819,7.436219,15.382771,23.862171,11.956819,7.436219,1
53.600000,5,13.478455,8.957855,19.154671,27.634071,13.478455,8.957855,1
53.600000,6,9.426519,4.905919,19.154671,27.634071,9.426519,4.905919,1
53.600000,7,12.160209,7.639609,19.154671,27.634071,12.160209,7.639609,1
54.100000,5,11.262373,6.741773,17.690864,26.170264,11.262373,6.741773,1
54.100000,6,6.786169,2.265569,17.690864,26.170264,6.786169,2.265569,1
54.100000,7,11.312458,6.791858,17.690864,26.170264,11.312458,6.791858,1
54.600000,5,10.968801,6.448201,15.386691,23.866091,10.968801,6.448201,1
54.600000,6,10.643287,6.122687,15.386691,23.866091,10.643287,6.122687,1
54.600000,7,12.663102,8.142502,15.386691,23.866091,12.663102,8.142502,1
55.100000,5,9.527913,5.007313,19.587398,28.066798,9.527913,5.007313,1
55.100000,6,11.885433,7.364833,19.587398,28.066798,11.885433,7.364833,1
55.100000,7,9.875597,5.354997,19.587398,28.066798,9.875597,5.354997,1
55.600000,5,14.556495,10.035895,16.081134,24.560534,14.556495,10.035895,1
55.600000,6,13.264008,8.743408,16.081134,24.560534,13.264008,8.743408,1
55.600000,7,13.591213,9.070613,16.081134,24.560534,13.591213,9.070613,1
56.100000,5,11.389005,6.868405,18.011111,26.490511,11.389005,6.868405,1
56.100000,6,11.793670,7.273070,18.011111,26.490511,11.793670,7.273070,1
56.100000,7,11.912517,7.391917,18.011111,26.490511,11.912517,7.391917,1
56.600000,5,9.117325,4.596725,16.435196,24.914596,9.117325,4.596725,1
56.600000,6,10.100559,5.579959,16.435196,24.914596,10.100559,5.579959,1
56.600000,7,11.832532,7.311932,16.435196,24.914596,11.832532,7.311932,1
57.100000,5,13.716252,9.195652,19.430274,27.909674,13.716252,9.195652,1
57.100000,6,12.382653,7.862053,19.430274,27.909674,12.382653,7.862053,1
57.100000,7,9.309289,4.788689,19.430274,27.909674,9.309289,4.788689,1
57.600000,5,11.524795,7.004195,15.241429,23.720829,11.524795,7.004195,1
57.600000,6,14.386750,9.866150,15.241429,23.720829,14.386750,9.866150,1
57.600000,7,9.709286,5.188686,15.241429,23.720829,9.709286,5.188686,1
58.100000,5,14.397408,9.876808,16.509986,24.989386,14.397408,9.876808,1
58.100000,6,12.183701,7.663101,16.509986,24.989386,12.183701,7.663101,1
58.100000,7,6.138116,1.617516,16.509986,24.989386,6.138116,1.617516,1
58.600000,5,12.420152,7.899552,18.794003,27.273403,12.420152,7.899552,1
58.600000,6,13.036730,8.516130,18.794003,27.273403,13.036730,8.516130,1
58.600000,7,11.005198,6.484598,18.794003,27.273403,11.005198,6.484598,1
59.100000,5,12.897587,8.376987,18.666733,27.146133,12.897587,8.376987,1
59.100000,6,13.810715,9.290115,18.666733,27.146133,13.810715,9.290115,1
59.100000,7,13.442278,8.921678,18.666733,27.146133,13.442278,8.921678,1
59.600000,5,9.153348,4.632748,17.023980,25.503380,9.153348,4.632748,1
59.600000,6,10.672461,6.151861,17.023980,25.503380,10.672461,6.151861,1
59.600000,7,14.856202,10.335602,17.023980,25.503380,14.856202,10.335602,1
60.100000,5,12.029258,7.508658,16.798951,25.278351,12.029258,7.508658,1
60.100000,6,12.292359,7.771759,16.798951,25.278351,12.292359,7.771759,1
60.100000,7,13.719768,9.199168,16.798951,25.278351,13.719768,9.199168,1
60.600000,5,14.505950,9.985350,17.051600,25.531001,14.505950,9.985350,1
60.600000,6,12.136917,7.616317,17.051600,25.531001,12.136917,7.616317,1
60.600000,7,11.233786,6.713186,17.051600,25.531001,11.233786,6.713186,1
61.100000,5,14.478101,9.957502,16.761107,25.240507,14.478101,9.957502,1
61.100000,6,13.574565,9.053965,16.761107,25.240507,13.574565,9.053965,1
61.100000,7,12.732741,8.212141,16.761107,25.240507,12.732741,8.212141,1
61.600000,5,13.700167,9.179567,15.352168,23.831568,13.700167,9.179567,1
61.600000,6,10.623927,6.103327,15.352168,23.831568,10.623927,6.103327,1
61.600000,7,14.215202,9.694602,15.352168,23.831568,14.215202,9.694602,1
62.100000,5,12.790284,8.269684,17.094978,25.574378,12.790284,8.269684,1
62.100000,6,13.194544,8.673944,17.094978,25.574378,13.194544,8.673944,1
62.100000,7,13.020522,8.499922,17.094978,25.574378,13.020522,8.499922,1
62.600000,5,11.932562,7.411962,19.533576,28.012976,11.932562,7.411962,1
62.600000,6,14.879323,10.358723,19.533576,28.012976,14.879323,10.358723,1
62.600000,7,11.093373,6.572774,19.533576,28.012976,11.093373,6.572774,1
63.100000,5,13.818581,9.297981,16.644641,25.124041,13.818581,9.297981,1
63.100000,6,11.434200,6.913600,16.644641,25.124041,11.434200,6.913600,1
63.100000,7,13.968888,9.448289,16.644641,25.124041,13.968888,9.448289,1
63.600000,5,14.854397,10.333797,13.334818,21.814218,13.334818,10.333797,1
63.600000,6,14.021249,9.500649,13.334818,21.814218,13.334818,9.500649,1
63.600000,7,10.950190,6.429591,13.334818,21.814218,10.950190,6.429591,1
64.100000,5,10.882293,6.361693,19.595819,28.075219,10.882293,6.361693,1
64.100000,6,12.204814,7.684214,19.595819,28.075219,12.204814,7.684214,1
64.100000,7,10.505875,5.985276,19.595819,28.075219,10.505875,5.985276,1
64.600000,5,13.359839,8.839239,17.866881,26.346281,13.359839,8.839239,1
64.600000,6,9.091433,4.570833,17.866881,26.346281,9.091433,4.570833,1
64.600000,7,12.222377,7.701777,17.866881,26.346281,12.222377,7.701777,1
65.100000,5,11.413974,6.893374,15.343483,23.822884,11.413974,6.893374,1
65.100000,6,11.719502,7.198902,15.343483,23.822884,11.719502,7.198902,1
65.100000,7,10.568865,6.048265,15.343483,23.822884,10.568865,6.048265,1
65.600000,5,12.076640,7.556040,13.905016,22.384416,12.076640,7.556040,1
65.600000,6,14.300720,9.780120,13.905016,22.384416,13.905016,9.780120,1
65.600000,7,11.219867,6.699267,13.905016,22.384416,11.219867,6.699267,1
66.100000,5,11.162169,6.641569,16.807769,25.287170,11.162169,6.641569,1
66.100000,6,8.740008,4.219408,16.807769,25.287170,8.740008,4.219408,1
66.100000,7,13.155101,8.634501,16.807769,25.287170,13.155101,8.634501,1
66.600000,5,12.275048,7.754448,15.089910,23.569310,12.275048,7.754448,1
66.600000,6,12.023519,7.502920,15.089910,23.569310,12.023519,7.502920,1
66.600000,7,12.990805,8.470205,15.089910,23.569310,12.990805,8.470205,1
67.100000,5,12.413895,7.893295,17.128385,25.607785,12.413895,7.893295,1
67.100000,6,13.684850,9.164250,17.128385,25.607785,13.684850,9.164250,1
67.100000,7,12.977649,8.457050,17.128385,25.607785,12.977649,8.457050,1
67.600000,5,8.491733,3.971133,16.622652,25.102052,8.491733,3.971133,1
67.600000,6,13.625230,9.104630,16.622652,25.102052,13.625230,9.104630,1
67.600000,7,11.318192,6.797592,16.622652,25.102052,11.318192,6.797592,1
68.100000,5,14.181765,9.661165,16.659559,25.138959,14.181765,9.661165,1
68.100000,6,11.994976,7.474376,16.659559,25.138959,11.994976,7.474376,1
68.100000,7,10.877602,6.357002,16.659559,25.138959,10.877602,6.357002,1
68.600000,5,9.657462,5.136862,15.481987,23.961388,9.657462,5.136862,1
68.600000,6,10.841299,6.320699,15.481987,23.961388,10.841299,6.320699,1
68.600000,7,11.670811,7.150211,15.481987,23.961388,11.670811,7.150211,1
69.100000,5,9.481285,4.960685,15.861414,24.340814,9.481285,4.960685,1
69.100000,6,13.530510,9.009910,15.861414,24.340814,13.530510,9.009910,1
69.100000,7,12.153932,7.633332,15.861414,24.340814,12.153932,7.633332,1
69.600000,5,12.170833,7.650233,16.444833,24.924233,12.170833,7.650233,1
69.600000,6,13.619724,9.099124,16.444833,24.924233,13.619724,9.099124,1
69.600000,7,13.319047,8.798447,16.444833,24.924233,13.319047,8.798447,1
70.100000,5,14.031345,9.510746,13.369080,21.848480,13.369080,9.510746,1
70.100000,6,12.606191,8.085591,13.369080,21.848480,12.606191,8.085591,1
70.100000,7,13.180653,8.660053,13.369080,21.848480,13.180653,8.660053,1
70.600000,5,12.988288,8.467689,16.995938,25.475338,12.988288,8.467689,1
70.600000,6,13.189746,8.669146,16.995938,25.475338,13.189746,8.669146,1
70.600000,7,14.377402,9.856802,16.995938,25.475338,14.377402,9.856802,1
71.100000,5,11.256952,6.736353,16.334075,24.813476,11.256952,6.736353,1
71.100000,6,13.835867,9.315267,16.334075,24.813476,13.835867,9.315267,1
71.100000,7,13.159463,8.638863,16.334075,24.813476,13.159463,8.638863,1
71.600000,5,10.220800,5.700200,19.492484,27.971884,10.220800,5.700200,1
71.600000,6,11.547563,7.026963,19.492484,27.971884,11.547563,7.026963,1
71.600000,7,14.739047,10.218447,19.492484,27.971884,14.739047,10.218447,1
72.100000,5,8.299163,3.778563,17.892525,26.371925,8.299163,3.778563,1
72.100000,6,11.788285,7.267685,17.892525,26.371925,11.788285,7.267685,1
72.100000,7,14.710515,10.189915,17.892525,26.371925,14.710515,10.189915,1
72.600000,5,13.050438,8.529838,15.465724,23.945124,13.050438,8.529838,1
72.600000,6,13.473467,8.952868,15.465724,23.945124,13.473467,8.952868,1
72.600000,7,11.716389,7.195789,15.465724,23.945124,11.716389,7.195789,1
73.100000,5,13.787933,9.267333,16.728815,25.208215,13.787933,9.267333,1
73.100000,6,11.310175,6.789575,16.728815,25.208215,11.310175,6.789575,1
73.100000,7,12.323496,7.802896,16.728815,25.208215,12.323496,7.802896,1
73.600000,5,14.241779,9.721179,18.021882,26.501282,14.241779,9.721179,1
73.600000,6,13.698218,9.177618,18.021882,26.501282,13.698218,9.177618,1
73.600000,7,13.790118,9.269519,18.021882,26.501282,13.790118,9.269519,1
74.100000,5,13.200084,8.679484,18.317343,26.796743,13.200084,8.679484,1
74.100000,6,11.119963,6.599363,18.317343,26.796743,11.119963,6.599363,1
74.100000,7,13.676314,9.155714,18.317343,26.796743,13.676314,9.155714,1
74.600000,5,12.723069,8.202469,16.381860,24.861260,12.723069,8.202469,1
74.600000,6,11.300277,6.779678,16.381860,24.861260,11.300277,6.779678,1
74.600000,7,13.492935,8.972335,16.381860,24.861260,13.492935,8.972335,1
75.100000,5,13.168248,8.647648,17.307557,25.786957,13.168248,8.647648,1
75.100000,6,11.314655,6.794055,17.307557,25.786957,11.314655,6.794055,1
75.100000,7,14.817252,10.296652,17.307557,25.786957,14.817252,10.296652,1
75.600000,5,12.066119,7.545519,18.339091,26.818491,12.066119,7.545519,1
75.600000,6,11.277351,6.756752,18.339091,26.818491,11.277351,6.756752,1
75.600000,7,12.323849,7.803249,18.339091,26.818491,12.323849,7.803249,1
76.100000,5,13.065806,8.545206,17.507730,25.987130,13.065806,8.545206,1
76.100000,6,9.178873,4.658273,17.507730,25.987130,9.178873,4.658273,1
76.100000,7,13.016288,8.495689,17.507730,25.987130,13.016288,8.495689,1
76.600000,5,12.377907,7.857307,14.115061,22.594462,12.377907,7.857307,1
76.600000,6,11.113576,6.592977,14.115061,22.594462,11.113576,6.592977,1
76.600000,7,12.344461,7.823861,14.115061,22.594462,12.344461,7.823861,1
77.100000,5,12.339653,7.819053,19.658523,28.137923,12.339653,7.819053,1
77.100000,6,9.883982,5.363382,19.658523,28.137923,9.883982,5.363382,1
77.100000,7,12.802277,8.281677,19.658523,28.137923,12.802277,8.281677,1
77.600000,5,12.436257,7.915657,18.336902,26.816302,12.436257,7.915657,1
77.600000,6,8.681401,4.160801,18.336902,26.816302,8.681401,4.160801,1
77.600000,7,12.483925,7.963326,18.336902,26.816302,12.483925,7.963326,1
78.100000,5,13.578011,9.057411,19.375369,27.854769,13.578011,9.057411,1
78.100000,6,12.750326,8.229727,19.375369,27.854769,12.750326,8.229727,1
78.100000,7,13.165686,8.645086,19.375369,27.854769,13.165686,8.645086,1
78.600000,5,12.671018,8.150418,13.641747,22.121147,12.671018,8.150418,1
78.600000,6,15.786517,11.265917,13.641747,22.121147,13.641747,11.265917,1
78.600000,7,14.382775,9.862175,13.641747,22.121147,13.641747,9.862175,1
79.100000,5,15.260399,10.739800,15.387821,23.867221,15.260399,10.739800,1
79.100000,6,11.666107,7.145507,15.387821,23.867221,11.666107,7.145507,1
79.100000,7,7.793848,3.273248,15.387821,23.867221,7.793848,3.273248,1
79.600000,5,13.251789,8.731189,17.750592,26.229992,13.251789,8.731189,1
79.600000,6,14.586172,10.065572,17.750592,26.229992,14.586172,10.065572,1
79.600000,7,13.366660,8.846060,17.750592,26.229992,13.366660,8.846060,1
80.100000,5,13.486900,8.966300,18.366240,26.845640,13.486900,8.966300,1
80.100000,6,13.601125,9.080525,18.366240,26.845640,13.601125,9.080525,1
80.100000,7,12.970879,8.450279,18.366240,26.845640,12.970879,8.450279,1
80.600000,5,12.595794,8.075195,15.835327,24.314728,12.595794,8.075195,1
80.600000,6,9.701082,5.180482,15.835327,24.314728,9.701082,5.180482,1
80.600000,7,14.167851,9.647251,15.835327,24.314728,14.167851,9.647251,1
81.100000,5,12.131385,7.610785,18.771685,27.251085,12.131385,7.610785,1
81.100000,6,14.210876,9.690276,18.771685,27.251085,14.210876,9.690276,1
81.100000,7,10.665739,6.145139,18.771685,27.251085,10.665739,6.145139,1
81.600000,5,13.518501,8.997901,18.189077,26.668477,13.518501,8.997901,1
81.600000,6,12.124944,7.604344,18.189077,26.668477,12.124944,7.604344,1
81.600000,7,13.880295,9.359695,18.189077,26.668477,13.880295,9.359695,1
82.100000,5,12.749399,8.228799,14.673303,23.152703,12.749399,8.228799,1
82.100000,6,11.923910,7.403310,14.673303,23.152703,11.923910,7.403310,1
82.100000,7,12.290798,7.770198,14.673303,23.152703,12.290798,7.770198,1
82.600000,5,10.229872,5.709272,16.691775,25.171176,10.229872,5.709272,1
82.600000,6,12.527673,8.007073,16.691775,25.171176,12.527673,8.007073,1
82.600000,7,13.487885,8.967285,16.691775,25.171176,13.487885,8.967285,1
83.100000,5,9.377366,4.856766,19.283760,27.763160,9.377366,4.856766,1
83.100000,6,13.459416,8.938816,19.283760,27.763160,13.459416,8.938816,1
83.100000,7,13.528765,9.008165,19.283760,27.763160,13.528765,9.008165,1
83.600000,5,10.171397,5.650797,17.073513,25.552913,10.171397,5.650797,1
83.600000,6,9.026182,4.505582,17.073513,25.552913,9.026182,4.505582,1
83.600000,7,11.646312,7.125712,17.073513,25.552913,11.646312,7.125712,1
84.100000,5,15.103756,10.583156,16.878818,25.358218,15.103756,10.583156,1
84.100000,6,11.549291,7.028691,16.878818,25.358218,11.549291,7.028691,1
84.100000,7,12.729316,8.208716,16.878818,25.358218,12.729316,8.208716,1
84.600000,5,11.726876,7.206276,17.991305,26.470705,11.726876,7.206276,1
84.600000,6,12.267051,7.746451,17.991305,26.470705,12.267051,7.746451,1
84.600000,7,10.935574,6.414974,17.991305,26.470705,10.935574,6.414974,1
85.100000,5,11.617215,7.096615,14.662075,23.141475,11.617215,7.096615,1
85.100000,6,12.323086,7.802486,14.662075,23.141475,12.323086,7.802486,1
85.100000,7,11.504538,6.983938,14.662075,23.141475,11.504538,6.983938,1
85.600000,5,9.804296,5.283696,16.541223,25.020623,9.804296,5.283696,1
85.600000,6,9.389819,4.869219,16.541223,25.020623,9.389819,4.869219,1
85.600000,7,15.020474,10.499874,16.541223,25.020623,15.020474,10.499874,1
86.100000,5,15.031306,10.510706,17.892575,26.371975,15.031306,10.510706,1
86.100000,6,11.743921,7.223321,17.892575,26.371975,11.743921,7.223321,1
86.100000,7,12.745205,8.224605,17.892575,26.371975,12.745205,8.224605,1
86.600000,5,14.083685,9.563085,13.094716,21.574117,13.094716,9.563085,1
86.600000,6,10.811295,6.290695,13.094716,21.574117,10.811295,6.290695,1
86.600000,7,14.013779,9.493179,13.094716,21.574117,13.094716,9.493179,1
87.100000,5,8.992811,4.472211,15.591365,24.070765,8.992811,4.472211,1
87.100000,6,11.246606,6.726006,15.591365,24.070765,11.246606,6.726006,1
87.100000,7,12.139796,7.619196,15.591365,24.070765,12.139796,7.619196,1
87.600000,5,11.582635,7.062035,22.022577,30.501977,11.582635,7.062035,1
87.600000,6,9.388367,4.867767,22.022577,30.501977,9.388367,4.867767,1
87.600000,7,12.664406,8.143806,22.022577,30.501977,12.664406,8.143806,1
88.100000,5,13.795805,9.275205,18.291448,26.770848,13.795805,9.275205,1
88.100000,6,14.222513,9.701914,18.291448,26.770848,14.222513,9.701914,1
88.100000,7,10.847257,6.326657,18.291448,26.770848,10.847257,6.326657,1
88.600000,5,14.235672,9.715072,15.848190,24.327590,14.235672,9.715072,1
88.600000,6,12.559323,8.038723,15.848190,24.327590,12.559323,8.038723,1
88.600000,7,10.686335,6.165736,15.848190,24.327590,10.686335,6.165736,1
89.100000,5,10.136969,5.616369,14.881689,23.361089,10.136969,5.616369,1
89.100000,6,11.642391,7.121791,14.881689,23.361089,11.642391,7.121791,1
89.100000,7,12.765568,8.244968,14.881689,23.361089,12.765568,8.244968,1
89.600000,5,14.263246,9.742646,15.696036,24.175436,14.263246,9.742646,1
89.600000,6,11.283923,6.763323,15.696036,24.175436,11.283923,6.763323,1
89.600000,7,10.669161,6.148561,15.696036,24.175436,10.669161,6.148561,1
90.100000,5,13.009759,8.489159,12.253856,20.733256,12.253856,8.489159,1
90.100000,6,11.798741,7.278141,12.253856,20.733256,11.798741,7.278141,1
90.100000,7,12.556278,8.035678,12.253856,20.733256,12.253856,8.035678,1
90.600000,5,7.394451,2.873851,16.608092,25.087492,7.394451,2.873851,1
90.600000,6,11.239978,6.719378,16.608092,25.087492,11.239978,6.719378,1
90.600000,7,11.878372,7.357772,16.608092,25.087492,11.878372,7.357772,1
91.100000,5,11.209966,6.689366,16.225152,24.704552,11.209966,6.689366,1
91.100000,6,12.570047,8.049447,16.225152,24.704552,12.570047,8.049447,1
91.100000,7,9.959588,5.438988,16.225152,24.704552,9.959588,5.438988,1
91.600000,5,12.148175,7.627575,12.540830,21.020230,12.148175,7.627575,1
91.600000,6,13.579279,9.058679,12.540830,21.020230,12.540830,9.058679,1
91.600000,7,10.260008,5.739408,12.540830,21.020230,10.260008,5.739408,1
92.100000,5,11.513265,6.992665,16.153519,24.632919,11.513265,6.992665,1
92.100000,6,16.245423,11.724823,16.153519,24.632919,16.153519,11.724823,1
92.100000,7,12.523487,8.002887,16.153519,24.632919,12.523487,8.002887,1
92.600000,5,13.820359,9.299759,16.291318,24.770718,13.820359,9.299759,1
92.600000,6,10.990258,6.469659,16.291318,24.770718,10.990258,6.469659,1
92.600000,7,14.380191,9.859591,16.291318,24.770718,14.380191,9.859591,1
93.100000,5,6.342140,1.821540,18.829240,27.308640,6.342140,1.821540,1
93.100000,6,13.964299,9.443700,18.829240,27.308640,13.964299,9.443700,1
93.100000,7,6.845690,2.325090,18.829240,27.308640,6.845690,2.325090,1
93.600000,5,11.129011,6.608411,9.487068,17.966468,9.487068,6.608411,1
93.600000,6,15.685794,11.165194,9.487068,17.966468,9.487068,11.165194,1
93.600000,7,11.991541,7.470941,9.487068,17.966468,9.487068,7.470941,1
94.100000,5,10.957834,6.437234,18.817327,27.296727,10.957834,6.437234,1
94.100000,6,11.481967,6.961367,18.817327,27.296727,11.481967,6.961367,1
94.100000,7,10.052342,5.531742,18.817327,27.296727,10.052342,5.531742,1
94.600000,5,13.710076,9.189476,17.050967,25.530367,13.710076,9.189476,1
94.600000,6,13.880917,9.360317,17.050967,25.530367,13.880917,9.360317,1
94.600000,7,14.473404,9.952804,17.050967,25.530367,14.473404,9.952804,1
95.100000,5,12.133481,7.612881,19.089047,27.568447,12.133481,7.612881,1
95.100000,6,14.081718,9.561118,19.089047,27.568447,14.081718,9.561118,1
95.100000,7,13.232317,8.711717,19.089047,27.568447,13.232317,8.711717,1
95.600000,5,10.332654,5.812054,17.859816,26.339216,10.332654,5.812054,1
95.600000,6,14.554227,10.033627,17.859816,26.339216,14.554227,10.033627,1
95.600000,7,11.610201,7.089601,17.859816,26.339216,11.610201,7.089601,1
96.100000,5,10.771762,6.251162,13.537229,22.016629,10.771762,6.251162,1
96.100000,6,13.733577,9.212977,13.537229,22.016629,13.537229,9.212977,1
96.100000,7,13.788207,9.267607,13.537229,22.016629,13.537229,9.267607,1
96.600000,5,13.318929,8.798329,15.476611,23.956011,13.318929,8.798329,1
96.600000,6,12.616607,8.096008,15.476611,23.956011,12.616607,8.096008,1
96.600000,7,13.091652,8.571052,15.476611,23.956011,13.091652,8.571052,1
97.100000,5,12.192980,7.672380,18.736551,27.215951,12.192980,7.672380,1
97.100000,6,13.616498,9.095898,18.736551,27.215951,13.616498,9.095898,1
97.100000,7,11.687621,7.167022,18.736551,27.215951,11.687621,7.167022,1
97.600000,5,14.607708,10.087108,17.484850,25.964250,14.607708,10.087108,1
97.600000,6,15.823904,11.303304,17.484850,25.964250,15.823904,11.303304,1
97.600000,7,12.356279,7.835679,17.484850,25.964250,12.356279,7.835679,1
98.100000,5,11.935414,7.414814,16.895780,25.375180,11.935414,7.414814,1
98.100000,6,16.790937,12.270337,16.895780,25.375180,16.790937,12.270337,1
98.100000,7,10.184040,5.663440,16.895780,25.375180,10.184040,5.663440,1
98.600000,5,13.554304,9.033704,15.611686,24.091086,13.554304,9.033704,1
98.600000,6,13.256107,8.735507,15.611686,24.091086,13.256107,8.735507,1
98.600000,7,12.904085,8.383485,15.611686,24.091086,12.904085,8.383485,1
99.100000,5,13.262159,8.741559,18.497645,26.977045,13.262159,8.741559,1
99.100000,6,15.033768,10.513168,18.497645,26.977045,15.033768,10.513168,1
99.100000,7,14.055476,9.534876,18.497645,26.977045,14.055476,9.534876,1
99.600000,5,13.167389,8.646789,17.509571,25.988971,13.167389,8.646789,1
99.600000,6,7.946736,3.426136,17.509571,25.988971,7.946736,3.426136,1
99.600000,7,10.892854,6.372254,17.509571,25.988971,10.892854,6.372254,1
100.100000,5,10.437891,5.917292,16.976669,25.456069,10.437891,5.917292,1
100.100000,6,14.608765,10.088165,16.976669,25.456069,14.608765,10.088165,1
100.100000,7,10.368167,5.847567,16.976669,25.456069,10.368167,5.847567,1
100.600000,5,11.875909,7.355309,15.332771,23.812171,11.875909,7.355309,1
100.600000,6,9.330931,4.810331,15.332771,23.812171,9.330931,4.810331,1
100.600000,7,13.197877,8.677277,15.332771,23.812171,13.197877,8.677277,1
101.100000,5,12.904750,8.384150,17.594830,26.074230,12.904750,8.384150,1
101.100000,6,15.615602,11.095002,17.594830,26.074230,15.615602,11.095002,1
101.100000,7,12.797070,8.276470,17.594830,26.074230,12.797070,8.276470,1
101.600000,5,14.265690,9.745090,18.000071,26.479471,14.265690,9.745090,1
101.600000,6,11.933103,7.412503,18.000071,26.479471,11.933103,7.412503,1
101.600000,7,12.999418,8.478818,18.000071,26.479471,12.999418,8.478818,1
102.100000,5,11.581888,7.061288,16.754819,25.234219,11.581888,7.061288,1
102.100000,6,13.248071,8.727471,16.754819,25.234219,13.248071,8.727471,1
102.100000,7,15.776456,11.255856,16.754819,25.234219,15.776456,11.255856,1
102.600000,5,14.850609,10.330009,17.318512,25.797913,14.850609,10.330009,1
102.600000,6,11.494431,6.973831,17.318512,25.797913,11.494431,6.973831,1
102.600000,7,12.425688,7.905088,17.318512,25.797913,12.425688,7.905088,1
103.100000,5,12.216219,7.695619,16.148068,24.627468,12.216219,7.695619,1
103.100000,6,15.679673,11.159074,16.148068,24.627468,15.679673,11.159074,1
103.100000,7,12.652390,8.131790,16.148068,24.627468,12.652390,8.131790,1
103.600000,5,11.768632,7.248032,18.298412,26.777812,11.768632,7.248032,1
103.600000,6,11.221859,6.701260,18.298412,26.777812,11.221859,6.701260,1
103.600000,7,12.776362,8.255762,18.298412,26.777812,12.776362,8.255762,1
104.100000,5,11.637151,7.116551,12.307055,20.786455,11.637151,7.116551,1
104.100000,6,8.506410,3.985810,12.307055,20.786455,8.506410,3.985810,1
104.100000,7,11.429262,6.908662,12.307055,20.786455,11.429262,6.908662,1
104.600000,5,11.364964,6.844365,15.638554,24.117955,11.364964,6.844365,1
104.600000,6,11.768047,7.247447,15.638554,24.117955,11.768047,7.247447,1
104.600000,7,12.873244,8.352644,15.638554,24.117955,12.873244,8.352644,1
105.100000,5,11.604141,7.083541,18.782188,27.261588,11.604141,7.083541,1
105.100000,6,13.080470,8.559871,18.782188,27.261588,13.080470,8.559871,1
105.100000,7,7.521758,3.001158,18.782188,27.261588,7.521758,3.001158,1
105.600000,5,13.902859,9.382259,18.242506,26.721906,13.902859,9.382259,1
105.600000,6,11.710591,7.189991,18.242506,26.721906,11.710591,7.189991,1
105.600000,7,15.352829,10.832229,18.242506,26.721906,15.352829,10.832229,1
106.100000,5,13.862656,9.342056,17.219319,25.698719,13.862656,9.342056,1
106.100000,6,13.842663,9.322063,17.219319,25.698719,13.842663,9.322063,1
106.100000,7,12.050670,7.530070,17.219319,25.698719,12.050670,7.530070,1
106.600000,5,13.774587,9.253987,16.457551,24.936951,13.774587,9.253987,1
106.600000,6,13.120640,8.600040,16.457551,24.936951,13.120640,8.600040,1
106.600000,7,13.413625,8.893025,16.457551,24.936951,13.413625,8.893025,1
107.100000,5,10.879432,6.358832,18.178172,26.657572,10.879432,6.358832,1
107.100000,6,10.566069,6.045469,18.178172,26.657572,10.566069,6.045469,1
107.100000,7,13.468229,8.947629,18.178172,26.657572,13.468229,8.947629,1
107.600000,5,12.901488,8.380888,16.037748,24.517148,12.901488,8.380888,1
107.600000,6,12.974536,8.453936,16.037748,24.517148,12.974536,8.453936,1
107.600000,7,9.180563,4.659963,16.037748,24.517148,9.180563,4.659963,1
108.100000,5,14.970482,10.449882,18.224710,26.704111,14.970482,10.449882,1
108.100000,6,11.430521,6.909921,18.224710,26.704111,11.430521,6.909921,1
108.100000,7,11.982182,7.461582,18.224710,26.704111,11.982182,7.461582,1
108.600000,5,13.921778,9.401178,17.453549,25.932949,13.921778,9.401178,1
108.600000,6,12.520287,7.999688,17.453549,25.932949,12.520287,7.999688,1
108.600000,7,13.493004,8.972404,17.453549,25.932949,13.493004,8.972404,1
109.100000,5,8.750787,4.230187,16.737927,25.217327,8.750787,4.230187,1
109.100000,6,11.460312,6.939712,16.737927,25.217327,11.460312,6.939712,1
109.100000,7,10.157731,5.637131,16.737927,25.217327,10.157731,5.637131,1
109.600000,5,10.739858,6.219258,16.807356,25.286756,10.739858,6.219258,1
109.600000,6,13.218785,8.698185,16.807356,25.286756,13.218785,8.698185,1
109.600000,7,12.288518,7.767918,16.807356,25.286756,12.288518,7.767918,1
110.100000,5,12.322089,7.801489,12.218346,20.697746,12.218346,7.801489,1
110.100000,6,14.354417,9.833818,12.218346,20.697746,12.218346,9.833818,1
110.100000,7,11.974028,7.453428,12.218346,20.697746,11.974028,7.453428,1
110.600000,5,14.755537,10.234937,15.178021,23.657421,14.755537,10.234937,1
110.600000,6,10.487697,5.967097,15.178021,23.657421,10.487697,5.967097,1
110.600000,7,14.798723,10.278123,15.178021,23.657421,14.798723,10.278123,1
111.100000,5,13.782139,9.261539,17.296242,25.775642,13.782139,9.261539,1
111.100000,6,13.769280,9.248680,17.296242,25.775642,13.769280,9.248680,1
111.100000,7,11.039093,6.518493,17.296242,25.775642,11.039093,6.518493,1
111.600000,5,11.957033,7.436433,14.732453,23.211854,11.957033,7.436433,1
111.600000,6,13.617075,9.096475,14.732453,23.211854,13.617075,9.096475,1
111.600000,7,11.489916,6.969316,14.732453,23.211854,11.489916,6.969316,1
112.100000,5,8.782163,4.261563,17.015430,25.494830,8.782163,4.261563,1
112.100000,6,12.641584,8.120984,17.015430,25.494830,12.641584,8.120984,1
112.100000,7,11.282704,6.762104,17.015430,25.494830,11.282704,6.762104,1
112.600000,5,14.050501,9.529901,16.415159,24.894559,14.050501,9.529901,1
112.600000,6,13.753053,9.232453,16.415159,24.894559,13.753053,9.232453,1
112.600000,7,12.144940,7.624340,16.415159,24.894559,12.144940,7.624340,1
113.100000,5,14.483339,9.962739,17.368430,25.847830,14.483339,9.962739,1
113.100000,6,15.164202,10.643602,17.368430,25.847830,15.164202,10.643602,1
113.100000,7,12.549000,8.028401,17.368430,25.847830,12.549000,8.028401,1
113.600000,5,16.361237,11.840637,14.609173,23.088573,14.609173,11.840637,1
113.600000,6,11.952513,7.431914,14.609173,23.088573,11.952513,7.431914,1
113.600000,7,12.565613,8.045013,14.609173,23.088573,12.565613,8.045013,1
114.100000,5,11.775232,7.254632,13.258976,21.738376,11.775232,7.254632,1
114.100000,6,14.979039,10.458440,13.258976,21.738376,13.258976,10.458440,1
114.100000,7,9.453017,4.932417,13.258976,21.738376,9.453017,4.932417,1
114.600000,5,14.557257,10.036657,18.548124,27.027524,14.557257,10.036657,1
114.600000,6,14.802062,10.281462,18.548124,27.027524,14.802062,10.281462,1
114.600000,7,11.666708,7.146108,18.548124,27.027524,11.666708,7.146108,1
115.100000,5,12.067687,7.547087,16.131111,24.610511,12.067687,7.547087,1
115.100000,6,12.508710,7.988110,16.131111,24.610511,12.508710,7.988110,1
115.100000,7,11.355865,6.835265,16.131111,24.610511,11.355865,6.835265,1
115.600000,5,12.029139,7.508539,15.436292,23.915692,12.029139,7.508539,1
115.600000,6,13.730015,9.209415,15.436292,23.915692,13.730015,9.209415,1
115.600000,7,11.390573,6.869973,15.436292,23.915692,11.390573,6.869973,1
116.100000,5,12.669000,8.148400,14.187996,22.667397,12.669000,8.148400,1
116.100000,6,13.096249,8.575649,14.187996,22.667397,13.096249,8.575649,1
116.100000,7,11.603239,7.082639,14.187996,22.667397,11.603239,7.082639,1
116.600000,5,13.579864,9.059264,20.008259,28.487659,13.579864,9.059264,1
116.600000,6,11.335666,6.815066,20.008259,28.487659,11.335666,6.815066,1
116.600000,7,9.189321,4.668721,20.008259,28.487659,9.189321,4.668721,1
117.100000,5,12.660633,8.140033,17.145064,25.624464,12.660633,8.140033,1
117.100000,6,11.941292,7.420692,17.145064,25.624464,11.941292,7.420692,1
117.100000,7,12.251397,7.730798,17.145064,25.624464,12.251397,7.730798,1
117.600000,5,14.202352,9.681752,18.470916,26.950316,14.202352,9.681752,1
117.600000,6,11.489380,6.968780,18.470916,26.950316,11.489380,6.968780,1
117.600000,7,8.427000,3.906400,18.470916,26.950316,8.427000,3.906400,1
118.100000,5,10.184346,5.663746,16.801890,25.281290,10.184346,5.663746,1
118.100000,6,11.015011,6.494411,16.801890,25.281290,11.015011,6.494411,1
118.100000,7,13.802168,9.281568,16.801890,25.281290,13.802168,9.281568,1
118.600000,5,14.207635,9.687035,13.649361,22.128761,13.649361,9.687035,1
118.600000,6,13.800484,9.279884,13.649361,22.128761,13.649361,9.279884,1
118.600000,7,13.774195,9.253595,13.649361,22.128761,13.649361,9.253595,1
119.100000,5,12.656245,8.135645,18.475421,26.954821,12.656245,8.135645,1
119.100000,6,14.146578,9.625978,18.475421,26.954821,14.146578,9.625978,1
119.100000,7,10.854067,6.333467,18.475421,26.954821,10.854067,6.333467,1
119.600000,5,13.343264,8.822664,16.906611,25.386011,13.343264,8.822664,1
119.600000,6,11.437055,6.916455,16.906611,25.386011,11.437055,6.916455,1
119.600000,7,12.326597,7.805997,16.906611,25.386011,12.326597,7.805997,1
120.100000,5,10.614819,6.094219,18.066010,26.545410,10.614819,6.094219,1
120.100000,6,9.763793,5.243193,18.066010,26.545410,9.763793,5.243193,1
120.100000,7,13.506859,8.986259,18.066010,26.545410,13.506859,8.986259,1
120.600000,5,12.625150,8.104550,16.987498,25.466898,12.625150,8.104550,1
120.600000,6,14.593523,10.072923,16.987498,25.466898,14.593523,10.072923,1
120.600000,7,14.191902,9.671302,16.987498,25.466898,14.191902,9.671302,1
121.100000,5,13.085972,8.565372,12.932134,21.411534,12.932134,8.565372,1
121.100000,6,10.666001,6.145401,12.932134,21.411534,10.666001,6.145401,1
121.100000,7,13.600350,9.079750,12.932134,21.411534,12.932134,9.079750,1
121.600000,5,13.083518,8.562918,16.148114,24.627515,13.083518,8.562918,1
121.600000,6,8.662952,4.142352,16.148114,24.627515,8.662952,4.142352,1
121.600000,7,6.103467,1.582868,16.148114,24.627515,6.103467,1.582868,1
122.100000,5,12.331800,7.811200,16.684641,25.164041,12.331800,7.811200,1
122.100000,6,5.751524,1.230924,16.684641,25.164041,5.751524,1.230924,1
122.100000,7,11.096138,6.575538,16.684641,25.164041,11.096138,6.575538,1
122.600000,5,12.252933,7.732333,18.880140,27.359540,12.252933,7.732333,1
122.600000,6,12.919858,8.399258,18.880140,27.359540,12.919858,8.399258,1
122.600000,7,12.322491,7.801891,18.880140,27.359540,12.322491,7.801891,1
123.100000,5,14.108914,9.588314,18.159839,26.639239,14.108914,9.588314,1
123.100000,6,15.256008,10.735408,18.159839,26.639239,15.256008,10.735408,1
123.100000,7,10.167678,5.647078,18.159839,26.639239,10.167678,5.647078,1
123.600000,5,12.863908,8.343308,18.150821,26.630221,12.863908,8.343308,1
123.600000,6,11.519432,6.998832,18.150821,26.630221,11.519432,6.998832,1
123.600000,7,10.898574,6.377974,18.150821,26.630221,10.898574,6.377974,1
124.100000,5,9.769771,5.249171,15.469616,23.949016,9.769771,5.249171,1
124.100000,6,12.767684,8.247084,15.469616,23.949016,12.767684,8.247084,1
124.100000,7,13.068785,8.548185,15.469616,23.949016,13.068785,8.548185,1
124.600000,5,11.579787,7.059188,17.814634,26.294034,11.579787,7.059188,1
124.600000,6,10.606620,6.086020,17.814634,26.294034,10.606620,6.086020,1
124.600000,7,10.013147,5.492547,17.814634,26.294034,10.013147,5.492547,1
125.100000,5,14.197172,9.676572,13.598787,22.078188,13.598787,9.676572,1
125.100000,6,12.389187,7.868587,13.598787,22.078188,12.389187,7.868587,1
125.100000,7,13.282589,8.761989,13.598787,22.078188,13.282589,8.761989,1
125.600000,5,11.457179,6.936579,16.925420,25.404820,11.457179,6.936579,1
125.600000,6,10.259190,5.738590,16.925420,25.404820,10.259190,5.738590,1
125.600000,7,14.278661,9.758061,16.925420,25.404820,14.278661,9.758061,1
126.100000,5,9.018838,4.498238,16.657928,25.137328,9.018838,4.498238,1
126.100000,6,13.401876,8.881276,16.657928,25.137328,13.401876,8.881276,1
126.100000,7,12.903317,8.382717,16.657928,25.137328,12.903317,8.382717,1
126.600000,5,13.341378,8.820778,15.614225,24.093625,13.341378,8.820778,1
126.600000,6,10.887811,6.367211,15.614225,24.093625,10.887811,6.367211,1
126.600000,7,11.109887,6.589287,15.614225,24.093625,11.109887,6.589287,1
127.100000,5,11.112132,6.591532,19.220190,27.699590,11.112132,6.591532,1
127.100000,6,11.253443,6.732843,19.220190,27.699590,11.253443,6.732843,1
127.100000,7,15.136815,10.616216,19.220190,27.699590,15.136815,10.616216,1
127.600000,5,14.804007,10.283407,19.185243,27.664643,14.804007,10.283407,1
127.600000,6,13.817925,9.297325,19.185243,27.664643,13.817925,9.297325,1
127.600000,7,11.982213,7.461613,19.185243,27.664643,11.982213,7.461613,1
128.100000,5,11.327453,6.806853,19.328935,27.808335,11.327453,6.806853,1
128.100000,6,14.490135,9.969535,19.328935,27.808335,14.490135,9.969535,1
128.100000,7,15.607839,11.087239,19.328935,27.808335,15.607839,11.087239,1
128.600000,5,11.562380,7.041780,17.548193,26.027594,11.562380,7.041780,1
128.600000,6,11.947469,7.426869,17.548193,26.027594,11.947469,7.426869,1
128.600000,7,13.301936,8.781336,17.548193,26.027594,13.301936,8.781336,1
129.100000,5,8.693503,4.172903,16.662639,25.142039,8.693503,4.172903,1
129.100000,6,12.669177,8.148577,16.662639,25.142039,12.669177,8.148577,1
129.100000,7,13.614267,9.093667,16.662639,25.142039,13.614267,9.093667,1
129.600000,5,13.229605,8.709005,15.066727,23.546127,13.229605,8.709005,1
129.600000,6,12.372059,7.851459,15.066727,23.546127,12.372059,7.851459,1
129.600000,7,13.156439,8.635839,15.066727,23.546127,13.156439,8.635839,1
130.100000,5,12.474436,7.953836,16.598315,25.077715,12.474436,7.953836,1
130.100000,6,8.206436,3.685836,16.598315,25.077715,8.206436,3.685836,1
130.100000,7,12.408915,7.888315,16.598315,25.077715,12.408915,7.888315,1
130.600000,5,14.672354,10.151754,14.115437,22.594837,14.115437,10.151754,1
130.600000,6,9.031669,4.511069,14.115437,22.594837,9.031669,4.511069,1
130.600000,7,14.020486,9.499886,14.115437,22.594837,14.020486,9.499886,1
131.100000,5,12.790539,8.269939,17.715877,26.195277,12.790539,8.269939,1
131.100000,6,9.901704,5.381104,17.715877,26.195277,9.901704,5.381104,1
131.100000,7,9.586631,5.066031,17.715877,26.195277,9.586631,5.066031,1
131.600000,5,8.323604,3.803004,15.756821,24.236221,8.323604,3.803004,1
131.600000,6,12.561792,8.041192,15.756821,24.236221,12.561792,8.041192,1
131.600000,7,13.463974,8.943374,15.756821,24.236221,13.463974,8.943374,1
132.100000,5,10.363668,5.843068,17.392455,25.871855,10.363668,5.843068,1
132.100000,6,12.057958,7.537358,17.392455,25.871855,12.057958,7.537358,1
132.100000,7,11.997746,7.477146,17.392455,25.871855,11.997746,7.477146,1
132.600000,5,14.540939,10.020339,15.952820,24.432220,14.540939,10.020339,1
132.600000,6,11.776041,7.255441,15.952820,24.432220,11.776041,7.255441,1
132.600000,7,12.318998,7.798398,15.952820,24.432220,12.318998,7.798398,1
133.100000,5,14.094481,9.573881,12.714112,21.193512,12.714112,9.573881,1
133.100000,6,9.379830,4.859230,12.714112,21.193512,9.379830,4.859230,1
133.100000,7,10.219530,5.698930,12.714112,21.193512,10.219530,5.698930,1
133.600000,5,10.989431,6.468831,16.521172,25.000572,10.989431,6.468831,1
133.600000,6,12.513120,7.992520,16.521172,25.000572,12.513120,7.992520,1
133.600000,7,12.486526,7.965927,16.521172,25.000572,12.486526,7.965927,1
134.100000,5,13.417861,8.897262,16.689504,25.168904,13.417861,8.897262,1
134.100000,6,12.676224,8.155624,16.689504,25.168904,12.676224,8.155624,1
134.100000,7,13.835229,9.314629,16.689504,25.168904,13.835229,9.314629,1
134.600000,5,15.287925,10.767325,19.717292,28.196692,15.287925,10.767325,1
134.600000,6,13.784326,9.263727,19.717292,28.196692,13.784326,9.263727,1
134.600000,7,13.168850,8.648250,19.717292,28.196692,13.168850,8.648250,1
135.100000,5,14.493257,9.972657,16.608369,25.087769,14.493257,9.972657,1
135.100000,6,10.870022,6.349422,16.608369,25.087769,10.870022,6.349422,1
135.100000,7,16.048311,11.527711,16.608369,25.087769,16.048311,11.527711,1
135.600000,5,10.797220,6.276620,15.566736,24.046137,10.797220,6.276620,1
135.600000,6,13.245293,8.724693,15.566736,24.046137,13.245293,8.724693,1
135.600000,7,13.527497,9.006897,15.566736,24.046137,13.527497,9.006897,1
136.100000,5,11.609938,7.089338,8.675679,17.155079,8.675679,7.089338,1
136.100000,6,12.863493,8.342893,8.675679,17.155079,8.675679,8.342893,1
136.100000,7,4.970258,0.449658,8.675679,17.155079,4.970258,0.449658,1
136.600000,5,9.569297,5.048697,12.030874,20.510274,9.569297,5.048697,1
136.600000,6,10.518352,5.997752,12.030874,20.510274,10.518352,5.997752,1
136.600000,7,11.953299,7.432699,12.030874,20.510274,11.953299,7.432699,1
137.100000,5,11.662675,7.142075,14.166181,22.645581,11.662675,7.142075,1
137.100000,6,11.589451,7.068851,14.166181,22.645581,11.589451,7.068851,1
137.100000,7,9.155919,4.635319,14.166181,22.645581,9.155919,4.635319,1
137.600000,5,13.810365,9.289765,17.575077,26.054477,13.810365,9.289765,1
137.600000,6,12.602972,8.082372,17.575077,26.054477,12.602972,8.082372,1
137.600000,7,14.507365,9.986765,17.575077,26.054477,14.507365,9.986765,1
138.100000,5,8.298652,3.778052,16.721508,25.200908,8.298652,3.778052,1
138.100000,6,14.362132,9.841532,16.721508,25.200908,14.362132,9.841532,1
138.100000,7,9.262518,4.741918,16.721508,25.200908,9.262518,4.741918,1
138.600000,5,13.784016,9.263416,17.939951,26.419351,13.784016,9.263416,1
138.600000,6,11.697767,7.177167,17.939951,26.419351,11.697767,7.177167,1
138.600000,7,13.092632,8.572032,17.939951,26.419351,13.092632,8.572032,1
139.100000,5,6.083401,1.562801,16.301364,24.780764,6.083401,1.562801,1
139.100000,6,13.402664,8.882064,16.301364,24.780764,13.402664,8.882064,1
139.100000,7,13.927430,9.406830,16.301364,24.780764,13.927430,9.406830,1
139.600000,5,12.994657,8.474057,15.850486,24.329886,12.994657,8.474057,1
139.600000,6,12.036965,7.516366,15.850486,24.329886,12.036965,7.516366,1
139.600000,7,11.954698,7.434098,15.850486,24.329886,11.954698,7.434098,1
140.100000,5,10.848425,6.327825,17.364026,25.843426,10.848425,6.327825,1
140.100000,6,10.660438,6.139838,17.364026,25.843426,10.660438,6.139838,1
140.100000,7,10.298781,5.778181,17.364026,25.843426,10.298781,5.778181,1
140.600000,5,14.611311,10.090712,21.416836,29.896236,14.611311,10.090712,1
140.600000,6,14.033851,9.513251,21.416836,29.896236,14.033851,9.513251,1
140.600000,7,13.287696,8.767096,21.416836,29.896236,13.287696,8.767096,1
141.100000,5,10.612691,6.092091,13.192312,21.671712,10.612691,6.092091,1
141.100000,6,12.565966,8.045366,13.192312,21.671712,12.565966,8.045366,1
141.100000,7,10.286976,5.766376,13.192312,21.671712,10.286976,5.766376,1
141.600000,5,13.159092,8.638492,18.980264,27.459664,13.159092,8.638492,1
141.600000,6,13.297552,8.776952,18.980264,27.459664,13.297552,8.776952,1
141.600000,7,16.123791,11.603191,18.980264,27.459664,16.123791,11.603191,1
142.100000,5,13.851187,9.330587,20.674329,29.153729,13.851187,9.330587,1
142.100000,6,14.173089,9.652489,20.674329,29.153729,14.173089,9.652489,1
142.100000,7,13.008169,8.487569,20.674329,29.153729,13.008169,8.487569,1
142.600000,5,13.855441,9.334841,16.163078,24.642478,13.855441,9.334841,1
142.600000,6,15.069133,10.548533,16.163078,24.642478,15.069133,10.548533,1
142.600000,7,10.292472,5.771872,16.163078,24.642478,10.292472,5.771872,1
143.100000,5,15.115463,10.594863,19.507990,27.987390,15.115463,10.594863,1
143.100000,6,9.248899,4.728299,19.507990,27.987390,9.248899,4.728299,1
143.100000,7,14.952384,10.431784,19.507990,27.987390,14.952384,10.431784,1
143.600000,5,12.273159,7.752560,19.295514,27.774914,12.273159,7.752560,1
143.600000,6,14.496216,9.975616,19.295514,27.774914,14.496216,9.975616,1
143.600000,7,16.217837,11.697237,19.295514,27.774914,16.217837,11.697237,1
144.100000,5,11.455713,6.935113,16.909545,25.388945,11.455713,6.935113,1
144.100000,6,8.888559,4.367959,16.909545,25.388945,8.888559,4.367959,1
144.100000,7,12.160449,7.639849,16.909545,25.388945,12.160449,7.639849,1
144.600000,5,14.066599,9.545999,19.286524,27.765924,14.066599,9.545999,1
144.600000,6,11.832677,7.312077,19.286524,27.765924,11.832677,7.312077,1
144.600000,7,10.450506,5.929906,19.286524,27.765924,10.450506,5.929906,1
145.100000,5,11.287744,6.767144,16.724301,25.203701,11.287744,6.767144,1
145.100000,6,12.070225,7.549625,16.724301,25.203701,12.070225,7.549625,1
145.100000,7,11.756332,7.235732,16.724301,25.203701,11.756332,7.235732,1
145.600000,5,10.727372,6.206772,19.260606,27.740007,10.727372,6.206772,1
145.600000,6,12.703382,8.182782,19.260606,27.740007,12.703382,8.182782,1
145.600000,7,10.832220,6.311620,19.260606,27.740007,10.832220,6.311620,1
146.100000,5,12.714690,8.194091,17.007420,25.486820,12.714690,8.194091,1
146.100000,6,10.808696,6.288096,17.007420,25.486820,10.808696,6.288096,1
146.100000,7,14.574057,10.053457,17.007420,25.486820,14.574057,10.053457,1
146.600000,5,13.828439,9.307839,19.449243,27.928643,13.828439,9.307839,1
146.600000,6,12.784104,8.263504,19.449243,27.928643,12.784104,8.263504,1
146.600000,7,13.855869,9.335269,19.449243,27.928643,13.855869,9.335269,1
147.100000,5,12.500329,7.979729,14.099527,22.578927,12.500329,7.979729,1
147.100000,6,12.184559,7.663959,14.099527,22.578927,12.184559,7.663959,1
147.100000,7,11.805018,7.284418,14.099527,22.578927,11.805018,7.284418,1
147.600000,5,12.738574,8.217975,18.731465,27.210865,12.738574,8.217975,1
147.600000,6,13.939451,9.418851,18.731465,27.210865,13.939451,9.418851,1
147.600000,7,10.585897,6.065297,18.731465,27.210865,10.585897,6.065297,1
148.100000,5,11.856145,7.335545,16.379470,24.858870,11.856145,7.335545,1
148.100000,6,14.229814,9.709214,16.379470,24.858870,14.229814,9.709214,1
148.100000,7,11.721978,7.201378,16.379470,24.858870,11.721978,7.201378,1
148.600000,5,14.164730,9.644131,20.488480,28.967880,14.164730,9.644131,1
148.600000,6,8.040504,3.519904,20.488480,28.967880,8.040504,3.519904,1
148.600000,7,10.035751,5.515151,20.488480,28.967880,10.035751,5.515151,1
149.100000,5,11.915407,7.394807,17.165986,25.645386,11.915407,7.394807,1
149.100000,6,7.934874,3.414274,17.165986,25.645386,7.934874,3.414274,1
149.100000,7,13.331781,8.811181,17.165986,25.645386,13.331781,8.811181,1
149.600000,5,11.514148,6.993548,16.166110,24.645510,11.514148,6.993548,1
149.600000,6,14.466732,9.946132,16.166110,24.645510,14.466732,9.946132,1
149.600000,7,10.449208,5.928608,16.166110,24.645510,10.449208,5.928608,1
150.100000,5,14.688756,10.168156,16.511533,24.990933,14.688756,10.168156,1
150.100000,6,9.830379,5.309779,16.511533,24.990933,9.830379,5.309779,1
150.100000,7,10.364760,5.844160,16.511533,24.990933,10.364760,5.844160,1
150.600000,5,11.639244,7.118644,16.107961,24.587361,11.639244,7.118644,1
150.600000,6,10.208757,5.688157,16.107961,24.587361,10.208757,5.688157,1
150.600000,7,10.438747,5.918147,16.107961,24.587361,10.438747,5.918147,1
151.100000,5,13.889477,9.368877,15.421445,23.900845,13.889477,9.368877,1
151.100000,6,9.549762,5.029162,15.421445,23.900845,9.549762,5.029162,1
151.100000,7,14.823935,10.303336,15.421445,23.900845,14.823935,10.303336,1
151.600000,5,12.844990,8.324390,18.313448,26.792848,12.844990,8.324390,1
151.600000,6,4.880364,0.359764,18.313448,26.792848,4.880364,0.359764,1
151.600000,7,14.178769,9.658169,18.313448,26.792848,14.178769,9.658169,1
152.100000,5,12.579918,8.059319,15.489482,23.968882,12.579918,8.059319,1
152.100000,6,12.358019,7.837419,15.489482,23.968882,12.358019,7.837419,1
152.100000,7,14.152943,9.632343,15.489482,23.968882,14.152943,9.632343,1
152.600000,5,12.626302,8.105702,17.574829,26.054229,12.626302,8.105702,1
152.600000,6,13.632861,9.112261,17.574829,26.054229,13.632861,9.112261,1
152.600000,7,6.664475,2.143875,17.574829,26.054229,6.664475,2.143875,1
153.100000,5,12.813371,8.292771,17.690293,26.169694,12.813371,8.292771,1
153.100000,6,15.088624,10.568024,17.690293,26.169694,15.088624,10.568024,1
153.100000,7,12.740179,8.219579,17.690293,26.169694,12.740179,8.219579,1
153.600000,5,9.290440,4.769840,13.874942,22.354342,9.290440,4.769840,1
153.600000,6,12.114253,7.593653,13.874942,22.354342,12.114253,7.593653,1
153.600000,7,13.775160,9.254561,13.874942,22.354342,13.775160,9.254561,1
154.100000,5,13.779228,9.258628,17.155447,25.634847,13.779228,9.258628,1
154.100000,6,12.135298,7.614698,17.155447,25.634847,12.135298,7.614698,1
154.100000,7,10.934308,6.413708,17.155447,25.634847,10.934308,6.413708,1
154.600000,5,14.057013,9.536413,15.763927,24.243327,14.057013,9.536413,1
154.600000,6,12.155098,7.634498,15.763927,24.243327,12.155098,7.634498,1
154.600000,7,11.936181,7.415581,15.763927,24.243327,11.936181,7.415581,1
155.100000,5,10.934590,6.413990,16.835044,25.314444,10.934590,6.413990,1
155.100000,6,13.882797,9.362197,16.835044,25.314444,13.882797,9.362197,1
155.100000,7,8.272109,3.751510,16.835044,25.314444,8.272109,3.751510,1
155.600000,5,8.680241,4.159641,15.385688,23.865088,8.680241,4.159641,1
155.600000,6,9.368045,4.847445,15.385688,23.865088,9.368045,4.847445,1
155.600000,7,12.245143,7.724543,15.385688,23.865088,12.245143,7.724543,1
156.100000,5,14.230996,9.710396,17.299942,25.779342,14.230996,9.710396,1
156.100000,6,14.123574,9.602974,17.299942,25.779342,14.123574,9.602974,1
156.100000,7,15.240099,10.719499,17.299942,25.779342,15.240099,10.719499,1
156.600000,5,10.129334,5.608734,18.070108,26.549508,10.129334,5.608734,1
156.600000,6,12.088747,7.568147,18.070108,26.549508,12.088747,7.568147,1
156.600000,7,13.239734,8.719134,18.070108,26.549508,13.239734,8.719134,1
157.100000,5,9.052953,4.532353,16.605046,25.084446,9.052953,4.532353,1
157.100000,6,12.340648,7.820048,16.605046,25.084446,12.340648,7.820048,1
157.100000,7,10.352822,5.832222,16.605046,25.084446,10.352822,5.832222,1
157.600000,5,9.556662,5.036062,17.886826,26.366227,9.556662,5.036062,1
157.600000,6,10.245505,5.724905,17.886826,26.366227,10.245505,5.724905,1
157.600000,7,12.200873,7.680273,17.886826,26.366227,12.200873,7.680273,1
158.100000,5,12.200581,7.679981,18.098215,26.577615,12.200581,7.679981,1
158.100000,6,11.110243,6.589643,18.098215,26.577615,11.110243,6.589643,1
158.100000,7,13.987052,9.466452,18.098215,26.577615,13.987052,9.466452,1
158.600000,5,12.908314,8.387714,14.472508,22.951908,12.908314,8.387714,1
158.600000,6,9.231834,4.711234,14.472508,22.951908,9.231834,4.711234,1
158.600000,7,14.303905,9.783305,14.472508,22.951908,14.303905,9.783305,1
159.100000,5,12.338681,7.818081,17.815364,26.294764,12.338681,7.818081,1
159.100000,6,11.614371,7.093771,17.815364,26.294764,11.614371,7.093771,1
159.100000,7,10.730616,6.210016,17.815364,26.294764,10.730616,6.210016,1
159.600000,5,10.468428,5.947828,18.118522,26.597922,10.468428,5.947828,1
159.600000,6,6.445095,1.924495,18.118522,26.597922,6.445095,1.924495,1
159.600000,7,13.100706,8.580106,18.118522,26.597922,13.100706,8.580106,1
160.100000,5,13.305658,8.785058,16.913770,25.393170,13.305658,8.785058,1
160.100000,6,7.362298,2.841698,16.913770,25.393170,7.362298,2.841698,1
160.100000,7,12.000545,7.479945,16.913770,25.393170,12.000545,7.479945,1
160.600000,5,11.786649,7.266049,15.649968,24.129368,11.786649,7.266049,1
160.600000,6,12.411356,7.890756,15.649968,24.129368,12.411356,7.890756,1
160.600000,7,13.321541,8.800941,15.649968,24.129368,13.321541,8.800941,1
161.100000,5,12.305412,7.784812,19.687743,28.167143,12.305412,7.784812,1
161.100000,6,10.243244,5.722644,19.687743,28.167143,10.243244,5.722644,1
161.100000,7,12.252968,7.732368,19.687743,28.167143,12.252968,7.732368,1
161.600000,5,10.130798,5.610198,17.729259,26.208659,10.130798,5.610198,1
161.600000,6,9.850720,5.330120,17.729259,26.208659,9.850720,5.330120,1
161.600000,7,10.862613,6.342013,17.729259,26.208659,10.862613,6.342013,1
162.100000,5,10.386559,5.865959,17.779434,26.258834,10.386559,5.865959,1
162.100000,6,14.885047,10.364447,17.779434,26.258834,14.885047,10.364447,1
162.100000,7,15.078156,10.557556,17.779434,26.258834,15.078156,10.557556,1
162.600000,5,12.369738,7.849138,19.208151,27.687551,12.369738,7.849138,1
162.600000,6,13.354812,8.834212,19.208151,27.687551,13.354812,8.834212,1
162.600000,7,11.761772,7.241173,19.208151,27.687551,11.761772,7.241173,1
163.100000,5,11.215489,6.694889,19.898516,28.377916,11.215489,6.694889,1
163.100000,6,14.828035,10.307435,19.898516,28.377916,14.828035,10.307435,1
163.100000,7,12.838092,8.317492,19.898516,28.377916,12.838092,8.317492,1
163.600000,5,14.827372,10.306772,18.871403,27.350804,14.827372,10.306772,1
163.600000,6,14.003937,9.483337,18.871403,27.350804,14.003937,9.483337,1
163.600000,7,9.145499,4.624900,18.871403,27.350804,9.145499,4.624900,1
164.100000,5,11.317227,6.796627,18.119166,26.598566,11.317227,6.796627,1
164.100000,6,7.321255,2.800655,18.119166,26.598566,7.321255,2.800655,1
164.100000,7,12.354845,7.834245,18.119166,26.598566,12.354845,7.834245,1
164.600000,5,12.694663,8.174063,18.145042,26.624442,12.694663,8.174063,1
164.600000,6,12.332118,7.811518,18.145042,26.624442,12.332118,7.811518,1
164.600000,7,12.973116,8.452516,18.145042,26.624442,12.973116,8.452516,1
165.100000,5,12.996212,8.475612,16.989182,25.468582,12.996212,8.475612,1
165.100000,6,10.100751,5.580151,16.989182,25.468582,10.100751,5.580151,1
165.100000,7,10.746866,6.226266,16.989182,25.468582,10.746866,6.226266,1
165.600000,5,10.492752,5.972152,16.199164,24.678564,10.492752,5.972152,1
165.600000,6,14.086995,9.566395,16.199164,24.678564,14.086995,9.566395,1
165.600000,7,12.010020,7.489420,16.199164,24.678564,12.010020,7.489420,1
166.100000,5,8.418823,3.898223,16.654538,25.133938,8.418823,3.898223,1
166.100000,6,12.567542,8.046942,16.654538,25.133938,12.567542,8.046942,1
166.100000,7,14.590779,10.070179,16.654538,25.133938,14.590779,10.070179,1
166.600000,5,11.833124,7.312524,18.349417,26.828817,11.833124,7.312524,1
166.600000,6,13.075867,8.555267,18.349417,26.828817,13.075867,8.555267,1
166.600000,7,11.793822,7.273222,18.349417,26.828817,11.793822,7.273222,1
167.100000,5,11.641304,7.120704,14.002375,22.481775,11.641304,7.120704,1
167.100000,6,12.764727,8.244127,14.002375,22.481775,12.764727,8.244127,1
167.100000,7,13.661049,9.140449,14.002375,22.481775,13.661049,9.140449,1
167.600000,5,7.772588,3.251988,14.536455,23.015855,7.772588,3.251988,1
167.600000,6,12.836203,8.315603,14.536455,23.015855,12.836203,8.315603,1
167.600000,7,13.861988,9.341388,14.536455,23.015855,13.861988,9.341388,1
168.100000,5,9.156068,4.635468,15.792742,24.272142,9.156068,4.635468,1
168.100000,6,10.055915,5.535315,15.792742,24.272142,10.055915,5.535315,1
168.100000,7,13.092950,8.572350,15.792742,24.272142,13.092950,8.572350,1
168.600000,5,11.223764,6.703164,17.102415,25.581815,11.223764,6.703164,1
168.600000,6,7.290914,2.770314,17.102415,25.581815,7.290914,2.770314,1
168.600000,7,16.158113,11.637513,17.102415,25.581815,16.158113,11.637513,1
169.100000,5,12.620628,8.100028,17.394608,25.874009,12.620628,8.100028,1
169.100000,6,13.854832,9.334232,17.394608,25.874009,13.854832,9.334232,1
169.100000,7,10.215492,5.694892,17.394608,25.874009,10.215492,5.694892,1
169.600000,5,13.419101,8.898501,17.756979,26.236379,13.419101,8.898501,1
169.600000,6,9.776367,5.255767,17.756979,26.236379,9.776367,5.255767,1
169.600000,7,13.481418,8.960818,17.756979,26.236379,13.481418,8.960818,1
170.100000,5,12.863788,8.343188,18.031169,26.510569,12.863788,8.343188,1
170.100000,6,10.531128,6.010529,18.031169,26.510569,10.531128,6.010529,1
170.100000,7,11.498331,6.977731,18.031169,26.510569,11.498331,6.977731,1
170.600000,5,12.763599,8.242999,19.213647,27.693047,12.763599,8.242999,1
170.600000,6,12.010427,7.489827,19.213647,27.693047,12.010427,7.489827,1
170.600000,7,10.334671,5.814072,19.213647,27.693047,10.334671,5.814072,1
171.100000,5,6.359290,1.838690,20.084532,28.563932,6.359290,1.838690,1
171.100000,6,10.421345,5.900745,20.084532,28.563932,10.421345,5.900745,1
171.100000,7,12.963457,8.442857,20.084532,28.563932,12.963457,8.442857,1
171.600000,5,13.279132,8.758532,16.940043,25.419443,13.279132,8.758532,1
171.600000,6,11.521837,7.001237,16.940043,25.419443,11.521837,7.001237,1
171.600000,7,12.541014,8.020414,16.940043,25.419443,12.541014,8.020414,1
172.100000,5,6.925628,2.405028,16.375061,24.854461,6.925628,2.405028,1
172.100000,6,13.587189,9.066589,16.375061,24.854461,13.587189,9.066589,1
172.100000,7,12.420734,7.900134,16.375061,24.854461,12.420734,7.900134,1
172.600000,5,13.226088,8.705488,17.474345,25.953745,13.226088,8.705488,1
172.600000,6,15.929450,11.408850,17.474345,25.953745,15.929450,11.408850,1
172.600000,7,10.831020,6.310420,17.474345,25.953745,10.831020,6.310420,1
173.100000,5,14.910741,10.390141,18.830364,27.309764,14.910741,10.390141,1
173.100000,6,10.695165,6.174566,18.830364,27.309764,10.695165,6.174566,1
173.100000,7,13.739598,9.218998,18.830364,27.309764,13.739598,9.218998,1
173.600000,5,10.074811,5.554211,18.345640,26.825040,10.074811,5.554211,1
173.600000,6,11.792088,7.271488,18.345640,26.825040,11.792088,7.271488,1
173.600000,7,14.295808,9.775208,18.345640,26.825040,14.295808,9.775208,1
174.100000,5,11.850637,7.330038,16.889932,25.369332,11.850637,7.330038,1
174.100000,6,12.120446,7.599846,16.889932,25.369332,12.120446,7.599846,1
174.100000,7,12.994391,8.473791,16.889932,25.369332,12.994391,8.473791,1
174.600000,5,14.354102,9.833502,17.291340,25.770740,14.354102,9.833502,1
174.600000,6,16.236166,11.715566,17.291340,25.770740,16.236166,11.715566,1
174.600000,7,14.178776,9.658176,17.291340,25.770740,14.178776,9.658176,1
175.100000,5,11.808725,7.288125,16.632429,25.111829,11.808725,7.288125,1
175.100000,6,16.007455,11.486855,16.632429,25.111829,16.007455,11.486855,1
175.100000,7,11.956334,7.435734,16.632429,25.111829,11.956334,7.435734,1
175.600000,5,13.471832,8.951232,18.250648,26.730048,13.471832,8.951232,1
175.600000,6,11.243924,6.723324,18.250648,26.730048,11.243924,6.723324,1
175.600000,7,13.778273,9.257673,18.250648,26.730048,13.778273,9.257673,1
176.100000,5,12.596964,8.076364,16.100654,24.580054,12.596964,8.076364,1
176.100000,6,11.846313,7.325713,16.100654,24.580054,11.846313,7.325713,1
176.100000,7,14.261388,9.740788,16.100654,24.580054,14.261388,9.740788,1
176.600000,5,12.957382,8.436782,17.039167,25.518567,12.957382,8.436782,1
176.600000,6,15.805327,11.284727,17.039167,25.518567,15.805327,11.284727,1
176.600000,7,12.762758,8.242158,17.039167,25.518567,12.762758,8.242158,1
177.100000,5,13.541280,9.020680,14.238415,22.717815,13.541280,9.020680,1
177.100000,6,12.537769,8.017169,14.238415,22.717815,12.537769,8.017169,1
177.100000,7,13.618004,9.097404,14.238415,22.717815,13.618004,9.097404,1
177.600000,5,10.437032,5.916432,13.624434,22.103834,10.437032,5.916432,1
177.600000,6,12.401287,7.880687,13.624434,22.103834,12.401287,7.880687,1
177.600000,7,13.748460,9.227860,13.624434,22.103834,13.624434,9.227860,1
178.100000,5,12.984889,8.464289,17.038368,25.517768,12.984889,8.464289,1
178.100000,6,9.722654,5.202054,17.038368,25.517768,9.722654,5.202054,1
178.100000,7,11.511454,6.990854,17.038368,25.517768,11.511454,6.990854,1
178.600000,5,12.175235,7.654635,15.372701,23.852101,12.175235,7.654635,1
178.600000,6,11.625928,7.105329,15.372701,23.852101,11.625928,7.105329,1
178.600000,7,15.508175,10.987576,15.372701,23.852101,15.372701,10.987576,1
179.100000,5,11.120305,6.599705,19.468180,27.947580,11.120305,6.599705,1
179.100000,6,10.267110,5.746510,19.468180,27.947580,10.267110,5.746510,1
179.100000,7,12.326026,7.805426,19.468180,27.947580,12.326026,7.805426,1
179.600000,5,11.193158,6.672558,15.304488,23.783888,11.193158,6.672558,1
179.600000,6,13.443884,8.923284,15.304488,23.783888,13.443884,8.923284,1
179.600000,7,14.059921,9.539321,15.304488,23.783888,14.059921,9.539321,1
180.100000,5,9.164362,4.643762,17.981119,26.460519,9.164362,4.643762,1
180.100000,6,6.872551,2.351951,17.981119,26.460519,6.872551,2.351951,1
180.100000,7,8.139018,3.618418,17.981119,26.460519,8.139018,3.618418,1
180.600000,5,11.683616,7.163016,16.934196,25.413597,11.683616,7.163016,1
180.600000,6,10.225087,5.704488,16.934196,25.413597,10.225087,5.704488,1
180.600000,7,10.655709,6.135109,16.934196,25.413597,10.655709,6.135109,1
181.100000,5,9.357842,4.837242,18.009154,26.488554,9.357842,4.837242,1
181.100000,6,12.721059,8.200459,18.009154,26.488554,12.721059,8.200459,1
181.100000,7,12.420426,7.899826,18.009154,26.488554,12.420426,7.899826,1
181.600000,5,11.727740,7.207140,16.035098,24.514498,11.727740,7.207140,1
181.600000,6,10.589783,6.069184,16.035098,24.514498,10.589783,6.069184,1
181.600000,7,13.245599,8.724999,16.035098,24.514498,13.245599,8.724999,1
182.100000,5,13.983956,9.463356,18.809151,27.288551,13.983956,9.463356,1
182.100000,6,13.683796,9.163196,18.809151,27.288551,13.683796,9.163196,1
182.100000,7,12.304830,7.784230,18.809151,27.288551,12.304830,7.784230,1
182.600000,5,13.462911,8.942311,18.275440,26.754840,13.462911,8.942311,1
182.600000,6,16.120359,11.599759,18.275440,26.754840,16.120359,11.599759,1
182.600000,7,12.430902,7.910302,18.275440,26.754840,12.430902,7.910302,1
183.100000,5,12.793225,8.272625,16.364007,24.843407,12.793225,8.272625,1
183.100000,6,12.289094,7.768494,16.364007,24.843407,12.289094,7.768494,1
183.100000,7,12.572355,8.051755,16.364007,24.843407,12.572355,8.051755,1
183.600000,5,12.766519,8.245919,19.497373,27.976773,12.766519,8.245919,1
183.600000,6,11.511082,6.990482,19.497373,27.976773,11.511082,6.990482,1
183.600000,7,10.436114,5.915514,19.497373,27.976773,10.436114,5.915514,1
184.100000,5,7.453705,2.933105,16.996578,25.475978,7.453705,2.933105,1
184.100000,6,12.135756,7.615157,16.996578,25.475978,12.135756,7.615157,1
184.100000,7,14.339081,9.818481,16.996578,25.475978,14.339081,9.818481,1
184.600000,5,11.520991,7.000391,17.507548,25.986948,11.520991,7.000391,1
184.600000,6,11.945340,7.424740,17.507548,25.986948,11.945340,7.424740,1
184.600000,7,12.587786,8.067186,17.507548,25.986948,12.587786,8.067186,1
185.100000,5,9.412000,4.891400,16.681817,25.161217,9.412000,4.891400,1
185.100000,6,11.050835,6.530235,16.681817,25.161217,11.050835,6.530235,1
185.100000,7,11.967867,7.447267,16.681817,25.161217,11.967867,7.447267,1
185.600000,5,12.749718,8.229118,18.915324,27.394724,12.749718,8.229118,1
185.600000,6,12.545916,8.025316,18.915324,27.394724,12.545916,8.025316,1
185.600000,7,11.096324,6.575724,18.915324,27.394724,11.096324,6.575724,1
186.100000,5,11.661599,7.140999,16.763752,25.243152,11.661599,7.140999,1
186.100000,6,10.385945,5.865345,16.763752,25.243152,10.385945,5.865345,1
186.100000,7,10.943249,6.422649,16.763752,25.243152,10.943249,6.422649,1
186.600000,5,13.630127,9.109527,16.156627,24.636027,13.630127,9.109527,1
186.600000,6,9.819711,5.299111,16.156627,24.636027,9.819711,5.299111,1
186.600000,7,13.263221,8.742621,16.156627,24.636027,13.263221,8.742621,1
187.100000,5,11.924267,7.403667,17.915596,26.394996,11.924267,7.403667,1
187.100000,6,13.090152,8.569552,17.915596,26.394996,13.090152,8.569552,1
187.100000,7,14.925672,10.405072,17.915596,26.394996,14.925672,10.405072,1
187.600000,5,14.097561,9.576961,15.238176,23.717576,14.097561,9.576961,1
187.600000,6,11.366811,6.846211,15.238176,23.717576,11.366811,6.846211,1
187.600000,7,12.630610,8.110010,15.238176,23.717576,12.630610,8.110010,1
188.100000,5,13.064702,8.544102,19.870330,28.349730,13.064702,8.544102,1
188.100000,6,14.651202,10.130602,19.870330,28.349730,14.651202,10.130602,1
188.100000,7,14.493277,9.972677,19.870330,28.349730,14.493277,9.972677,1
188.600000,5,15.381896,10.861296,17.240487,25.719887,15.381896,10.861296,1
188.600000,6,11.524697,7.004097,17.240487,25.719887,11.524697,7.004097,1
188.600000,7,12.131657,7.611057,17.240487,25.719887,12.131657,7.611057,1
189.100000,5,12.588007,8.067407,19.041296,27.520696,12.588007,8.067407,1
189.100000,6,13.197377,8.676777,19.041296,27.520696,13.197377,8.676777,1
189.100000,7,12.668575,8.147975,19.041296,27.520696,12.668575,8.147975,1
189.600000,5,7.765421,3.244821,16.436743,24.916143,7.765421,3.244821,1
189.600000,6,14.582125,10.061525,16.436743,24.916143,14.582125,10.061525,1
189.600000,7,12.460875,7.940275,16.436743,24.916143,12.460875,7.940275,1
190.100000,5,10.585880,6.065280,14.817345,23.296745,10.585880,6.065280,1
190.100000,6,12.256317,7.735717,14.817345,23.296745,12.256317,7.735717,1
190.100000,7,13.919274,9.398674,14.817345,23.296745,13.919274,9.398674,1
190.600000,5,13.801045,9.280445,17.125570,25.604970,13.801045,9.280445,1
190.600000,6,14.906592,10.385992,17.125570,25.604970,14.906592,10.385992,1
190.600000,7,12.736646,8.216046,17.125570,25.604970,12.736646,8.216046,1
191.100000,5,10.397207,5.876607,20.056071,28.535471,10.397207,5.876607,1
191.100000,6,10.354041,5.833441,20.056071,28.535471,10.354041,5.833441,1
191.100000,7,13.271600,8.751000,20.056071,28.535471,13.271600,8.751000,1
191.600000,5,12.815014,8.294414,16.843957,25.323357,12.815014,8.294414,1
191.600000,6,12.895414,8.374814,16.843957,25.323357,12.895414,8.374814,1
191.600000,7,12.385518,7.864918,16.843957,25.323357,12.385518,7.864918,1
192.100000,5,15.119424,10.598824,16.619687,25.099087,15.119424,10.598824,1
192.100000,6,12.122928,7.602328,16.619687,25.099087,12.122928,7.602328,1
192.100000,7,8.001096,3.480496,16.619687,25.099087,8.001096,3.480496,1
192.600000,5,12.968682,8.448082,20.371316,28.850716,12.968682,8.448082,1
192.600000,6,10.970325,6.449725,20.371316,28.850716,10.970325,6.449725,1
192.600000,7,10.947382,6.426782,20.371316,28.850716,10.947382,6.426782,1
193.100000,5,11.524217,7.003617,17.587767,26.067167,11.524217,7.003617,1
193.100000,6,12.059001,7.538401,17.587767,26.067167,12.059001,7.538401,1
193.100000,7,12.839367,8.318767,17.587767,26.067167,12.839367,8.318767,1
193.600000,5,10.850209,6.329609,19.407781,27.887182,10.850209,6.329609,1
193.600000,6,11.350218,6.829618,19.407781,27.887182,11.350218,6.829618,1
193.600000,7,11.570122,7.049522,19.407781,27.887182,11.570122,7.049522,1
194.100000,5,12.293792,7.773192,17.807920,26.287320,12.293792,7.773192,1
194.100000,6,10.553538,6.032938,17.807920,26.287320,10.553538,6.032938,1
194.100000,7,12.281211,7.760611,17.807920,26.287320,12.281211,7.760611,1
194.600000,5,13.109696,8.589096,21.281932,29.761332,13.109696,8.589096,1
194.600000,6,13.089050,8.568450,21.281932,29.761332,13.089050,8.568450,1
194.600000,7,12.209255,7.688655,21.281932,29.761332,12.209255,7.688655,1
195.100000,5,12.343230,7.822630,15.320555,23.799955,12.343230,7.822630,1
195.100000,6,14.281900,9.761300,15.320555,23.799955,14.281900,9.761300,1
195.100000,7,12.616911,8.096311,15.320555,23.799955,12.616911,8.096311,1
195.600000,5,10.187086,5.666486,18.673477,27.152877,10.187086,5.666486,1
195.600000,6,14.205752,9.685152,18.673477,27.152877,14.205752,9.685152,1
195.600000,7,7.378959,2.858359,18.673477,27.152877,7.378959,2.858359,1
196.100000,5,13.579809,9.059209,13.841461,22.320861,13.579809,9.059209,1
196.100000,6,14.723097,10.202497,13.841461,22.320861,13.841461,10.202497,1
196.100000,7,15.218192,10.697592,13.841461,22.320861,13.841461,10.697592,1
196.600000,5,12.043407,7.522807,19.022654,27.502054,12.043407,7.522807,1
196.600000,6,10.203331,5.682731,19.022654,27.502054,10.203331,5.682731,1
196.600000,7,13.256175,8.735575,19.022654,27.502054,13.256175,8.735575,1
197.100000,5,12.385639,7.865039,16.116318,24.595719,12.385639,7.865039,1
197.100000,6,12.142875,7.622275,16.116318,24.595719,12.142875,7.622275,1
197.100000,7,12.065474,7.544874,16.116318,24.595719,12.065474,7.544874,1
197.600000,5,12.492477,7.971878,15.702212,24.181612,12.492477,7.971878,1
197.600000,6,14.126509,9.605909,15.702212,24.181612,14.126509,9.605909,1
197.600000,7,13.069927,8.549327,15.702212,24.181612,13.069927,8.549327,1
198.100000,5,13.390789,8.870189,19.785923,28.265323,13.390789,8.870189,1
198.100000,6,12.635821,8.115221,19.785923,28.265323,12.635821,8.115221,1
198.100000,7,13.084286,8.563686,19.785923,28.265323,13.084286,8.563686,1
198.600000,5,13.770395,9.249795,13.419036,21.898436,13.419036,9.249795,1
198.600000,6,14.460124,9.939524,13.419036,21.898436,13.419036,9.939524,1
198.600000,7,10.491211,5.970611,13.419036,21.898436,10.491211,5.970611,1
199.100000,5,13.186363,8.665763,18.615745,27.095145,13.186363,8.665763,1
199.100000,6,10.118042,5.597442,18.615745,27.095145,10.118042,5.597442,1
199.100000,7,12.593843,8.073243,18.615745,27.095145,12.593843,8.073243,1
199.600000,5,11.096400,6.575800,14.226412,22.705812,11.096400,6.575800,1
199.600000,6,14.119961,9.599361,14.226412,22.705812,14.119961,9.599361,1
199.600000,7,10.884641,6.364041,14.226412,22.705812,10.884641,6.364041,1
