Time,CellId,ServiceDlSnrDb,ServiceUlSnrDb,FeederDlSnrDb,FeederUlSnrDb,BackhaulDlSnrDb,BackhaulUlSnrDb,BackhaulHealthy
0.100000,5,11.555797,7.035197,19.073782,27.553182,11.555797,7.035197,1
0.100000,6,8.412336,3.891736,19.073782,27.553182,8.412336,3.891736,1
0.100000,7,10.603924,6.083324,19.073782,27.553182,10.603924,6.083324,1
0.600000,5,14.611756,10.091156,16.313028,24.792428,14.611756,10.091156,1
0.600000,6,9.929436,5.408836,16.313028,24.792428,9.929436,5.408836,1
0.600000,7,12.702811,8.182211,16.313028,24.792428,12.702811,8.182211,1
1.100000,5,7.473986,2.953386,20.087901,28.567301,7.473986,2.953386,1
1.100000,6,12.504665,7.984065,20.087901,28.567301,12.504665,7.984065,1
1.100000,7,12.153772,7.633172,20.087901,28.567301,12.153772,7.633172,1
1.600000,5,12.145005,7.624405,16.193869,24.673269,12.145005,7.624405,1
1.600000,6,11.953727,7.433127,16.193869,24.673269,11.953727,7.433127,1
1.600000,7,12.521451,8.000851,16.193869,24.673269,12.521451,8.000851,1
2.100000,5,9.580895,5.060295,16.428311,24.907711,9.580895,5.060295,1
2.100000,6,8.841377,4.320777,16.428311,24.907711,8.841377,4.320777,1
2.100000,7,12.856657,8.336057,16.428311,24.907711,12.856657,8.336057,1
2.600000,5,13.305064,8.784464,14.800431,23.279831,13.305064,8.784464,1
2.600000,6,9.897110,5.376510,14.800431,23.279831,9.897110,5.376510,1
2.600000,7,10.422301,5.901701,14.800431,23.279831,10.422301,5.901701,1
3.100000,5,11.181455,6.660855,17.483224,25.962624,11.181455,6.660855,1
3.100000,6,8.457865,3.937265,17.483224,25.962624,8.457865,3.937265,1
3.100000,7,13.667139,9.146539,17.483224,25.962624,13.667139,9.146539,1
3.600000,5,13.344623,8.824023,17.234508,25.713908,13.344623,8.824023,1
3.600000,6,8.269501,3.748901,17.234508,25.713908,8.269501,3.748901,1
3.600000,7,13.324352,8.803752,17.234508,25.713908,13.324352,8.803752,1
4.100000,5,13.318762,8.798162,16.270549,24.749949,13.318762,8.798162,1
4.100000,6,12.081659,7.561059,16.270549,24.749949,12.081659,7.561059,1
4.100000,7,16.887056,12.366457,16.270549,24.749949,16.270549,12.366457,1
4.600000,5,10.457676,5.937076,18.191016,26.670416,10.457676,5.937076,1
4.600000,6,11.856111,7.335511,18.191016,26.670416,11.856111,7.335511,1
4.600000,7,11.404364,6.883764,18.191016,26.670416,11.404364,6.883764,1
5.100000,5,10.775439,6.254839,18.039774,26.519174,10.775439,6.254839,1
5.100000,6,11.358162,6.837562,18.039774,26.519174,11.358162,6.837562,1
5.100000,7,11.515738,6.995138,18.039774,26.519174,11.515738,6.995138,1
5.600000,5,12.102059,7.581459,20.978478,29.457879,12.102059,7.581459,1
5.600000,6,13.816230,9.295630,20.978478,29.457879,13.816230,9.295630,1
5.600000,7,13.975126,9.454526,20.978478,29.457879,13.975126,9.454526,1
6.100000,5,10.799310,6.278710,15.052621,23.532021,10.799310,6.278710,1
6.100000,6,13.380381,8.859781,15.052621,23.532021,13.380381,8.859781,1
6.100000,7,14.905320,10.384720,15.052621,23.532021,14.905320,10.384720,1
6.600000,5,13.854529,9.333929,19.472973,27.952373,13.854529,9.333929,1
6.600000,6,12.759655,8.239056,19.472973,27.952373,12.759655,8.239056,1
6.600000,7,9.795519,5.274919,19.472973,27.952373,9.795519,5.274919,1
7.100000,5,11.669920,7.149320,17.456591,25.935991,11.669920,7.149320,1
7.100000,6,14.566141,10.045542,17.456591,25.935991,14.566141,10.045542,1
7.100000,7,10.020512,5.499912,17.456591,25.935991,10.020512,5.499912,1
7.600000,5,8.050859,3.530260,19.281645,27.761045,8.050859,3.530260,1
7.600000,6,14.825267,10.304668,19.281645,27.761045,14.825267,10.304668,1
7.600000,7,10.464609,5.944009,19.281645,27.761045,10.464609,5.944009,1
8.100000,5,13.716066,9.195466,15.299744,23.779144,13.716066,9.195466,1
8.100000,6,14.078453,9.557853,15.299744,23.779144,14.078453,9.557853,1
8.100000,7,13.201155,8.680555,15.299744,23.779144,13.201155,8.680555,1
8.600000,5,12.480945,7.960345,17.124784,25.604184,12.480945,7.960345,1
8.600000,6,11.874178,7.353578,17.124784,25.604184,11.874178,7.353578,1
8.600000,7,13.657654,9.137054,17.124784,25.604184,13.657654,9.137054,1
9.100000,5,12.350180,7.829580,19.302431,27.781831,12.350180,7.829580,1
9.100000,6,13.073490,8.552890,19.302431,27.781831,13.073490,8.552890,1
9.100000,7,5.857277,1.336677,19.302431,27.781831,5.857277,1.336677,1
9.600000,5,13.489812,8.969212,19.041094,27.520494,13.489812,8.969212,1
9.600000,6,12.615123,8.094524,19.041094,27.520494,12.615123,8.094524,1
9.600000,7,12.695915,8.175315,19.041094,27.520494,12.695915,8.175315,1
10.100000,5,13.848281,9.327681,20.282672,28.762072,13.848281,9.327681,1
10.100000,6,11.972118,7.451518,20.282672,28.762072,11.972118,7.451518,1
10.100000,7,11.209751,6.689151,20.282672,28.762072,11.209751,6.689151,1
10.600000,5,14.495008,9.974408,19.703307,28.182707,14.495008,9.974408,1
10.600000,6,13.215469,8.694869,19.703307,28.182707,13.215469,8.694869,1
10.600000,7,11.707092,7.186492,19.703307,28.182707,11.707092,7.186492,1
11.100000,5,14.089749,9.569149,12.846591,21.325991,12.846591,9.569149,1
11.100000,6,13.304043,8.783443,12.846591,21.325991,12.846591,8.783443,1
11.100000,7,12.939305,8.418705,12.846591,21.325991,12.846591,8.418705,1
11.600000,5,12.689139,8.168539,17.437629,25.917029,12.689139,8.168539,1
11.600000,6,12.591000,8.070400,17.437629,25.917029,12.591000,8.070400,1
11.600000,7,11.434612,6.914012,17.437629,25.917029,11.434612,6.914012,1
12.100000,5,10.212245,5.691645,16.907862,25.387262,10.212245,5.691645,1
12.100000,6,11.337474,6.816874,16.907862,25.387262,11.337474,6.816874,1
12.100000,7,8.521408,4.000808,16.907862,25.387262,8.521408,4.000808,1
12.600000,5,13.854638,9.334038,16.960358,25.439758,13.854638,9.334038,1
12.600000,6,9.701583,5.180983,16.960358,25.439758,9.701583,5.180983,1
12.600000,7,7.786387,3.265787,16.960358,25.439758,7.786387,3.265787,1
13.100000,5,10.891692,6.371092,20.284460,28.763860,10.891692,6.371092,1
13.100000,6,14.615849,10.095249,20.284460,28.763860,14.615849,10.095249,1
13.100000,7,15.400251,10.879651,20.284460,28.763860,15.400251,10.879651,1
13.600000,5,14.447562,9.926962,18.208977,26.688377,14.447562,9.926962,1
13.600000,6,12.646765,8.126165,18.208977,26.688377,12.646765,8.126165,1
13.600000,7,12.617946,8.097346,18.208977,26.688377,12.617946,8.097346,1
14.100000,5,15.399853,10.879253,16.684637,25.164037,15.399853,10.879253,1
14.100000,6,13.167345,8.646745,16.684637,25.164037,13.167345,8.646745,1
14.100000,7,13.917583,9.396983,16.684637,25.164037,13.917583,9.396983,1
14.600000,5,12.029370,7.508770,17.809698,26.289098,12.029370,7.508770,1
14.600000,6,11.682683,7.162083,17.809698,26.289098,11.682683,7.162083,1
14.600000,7,11.926748,7.406148,17.809698,26.289098,11.926748,7.406148,1
15.100000,5,14.855913,10.335313,18.333366,26.812766,14.855913,10.335313,1
15.100000,6,14.932174,10.411574,18.333366,26.812766,14.932174,10.411574,1
15.100000,7,12.699691,8.179091,18.333366,26.812766,12.699691,8.179091,1
15.600000,5,13.217151,8.696551,13.705446,22.184846,13.217151,8.696551,1
15.600000,6,13.842483,9.321884,13.705446,22.184846,13.705446,9.321884,1
15.600000,7,14.001650,9.481050,13.705446,22.184846,13.705446,9.481050,1
16.100000,5,15.426872,10.906272,20.485680,28.965080,15.426872,10.906272,1
16.100000,6,12.197939,7.677339,20.485680,28.965080,12.197939,7.677339,1
16.100000,7,12.846595,8.325995,20.485680,28.965080,12.846595,8.325995,1
16.600000,5,12.699651,8.179051,17.791222,26.270622,12.699651,8.179051,1
16.600000,6,14.745003,10.224404,17.791222,26.270622,14.745003,10.224404,1
16.600000,7,11.175879,6.655279,17.791222,26.270622,11.175879,6.655279,1
17.100000,5,13.381125,8.860525,20.558295,29.037695,13.381125,8.860525,1
17.100000,6,10.269880,5.749281,20.558295,29.037695,10.269880,5.749281,1
17.100000,7,9.503315,4.982715,20.558295,29.037695,9.503315,4.982715,1
17.600000,5,13.125001,8.604401,19.509444,27.988844,13.125001,8.604401,1
17.600000,6,12.458900,7.938300,19.509444,27.988844,12.458900,7.938300,1
17.600000,7,11.802427,7.281827,19.509444,27.988844,11.802427,7.281827,1
18.100000,5,13.155008,8.634408,15.833381,24.312781,13.155008,8.634408,1
18.100000,6,10.496927,5.976327,15.833381,24.312781,10.496927,5.976327,1
18.100000,7,11.720829,7.200229,15.833381,24.312781,11.720829,7.200229,1
18.600000,5,12.369309,7.848709,18.105202,26.584602,12.369309,7.848709,1
18.600000,6,9.234303,4.713703,18.105202,26.584602,9.234303,4.713703,1
18.600000,7,9.519858,4.999258,18.105202,26.584602,9.519858,4.999258,1
19.100000,5,9.607003,5.086403,16.681438,25.160839,9.607003,5.086403,1
19.100000,6,14.210821,9.690221,16.681438,25.160839,14.210821,9.690221,1
19.100000,7,13.767658,9.247058,16.681438,25.160839,13.767658,9.247058,1
19.600000,5,11.892199,7.371599,15.054290,23.533690,11.892199,7.371599,1
19.600000,6,11.315712,6.795112,15.054290,23.533690,11.315712,6.795112,1
19.600000,7,10.282164,5.761564,15.054290,23.533690,10.282164,5.761564,1
20.100000,5,14.160927,9.640327,15.202199,23.681599,14.160927,9.640327,1
20.100000,6,13.106573,8.585973,15.202199,23.681599,13.106573,8.585973,1
20.100000,7,11.230637,6.710037,15.202199,23.681599,11.230637,6.710037,1
20.600000,5,12.313209,7.792609,13.376991,21.856391,12.313209,7.792609,1
20.600000,6,12.109368,7.588768,13.376991,21.856391,12.109368,7.588768,1
20.600000,7,11.115657,6.595057,13.376991,21.856391,11.115657,6.595057,1
21.100000,5,15.160380,10.639780,16.425267,24.904667,15.160380,10.639780,1
21.100000,6,13.362330,8.841730,16.425267,24.904667,13.362330,8.841730,1
21.100000,7,13.688184,9.167584,16.425267,24.904667,13.688184,9.167584,1
21.600000,5,10.469012,5.948412,18.670242,27.149642,10.469012,5.948412,1
21.600000,6,10.717372,6.196772,18.670242,27.149642,10.717372,6.196772,1
21.600000,7,10.866333,6.345734,18.670242,27.149642,10.866333,6.345734,1
22.100000,5,13.106059,8.585459,19.926726,28.406126,13.106059,8.585459,1
22.100000,6,10.746072,6.225472,19.926726,28.406126,10.746072,6.225472,1
22.100000,7,13.251936,8.731336,19.926726,28.406126,13.251936,8.731336,1
22.600000,5,12.652740,8.132140,14.242406,22.721806,12.652740,8.132140,1
22.600000,6,11.513728,6.993128,14.242406,22.721806,11.513728,6.993128,1
22.600000,7,13.161414,8.640814,14.242406,22.721806,13.161414,8.640814,1
23.100000,5,12.407506,7.886906,18.002112,26.481512,12.407506,7.886906,1
23.100000,6,13.171028,8.650428,18.002112,26.481512,13.171028,8.650428,1
23.100000,7,13.674138,9.153538,18.002112,26.481512,13.674138,9.153538,1
23.600000,5,13.932555,9.411955,19.238602,27.718002,13.932555,9.411955,1
23.600000,6,12.740618,8.220018,19.238602,27.718002,12.740618,8.220018,1
23.600000,7,12.754825,8.234225,19.238602,27.718002,12.754825,8.234225,1
24.100000,5,13.553179,9.032579,11.093637,19.573038,11.093637,9.032579,1
24.100000,6,13.647536,9.126936,11.093637,19.573038,11.093637,9.126936,1
24.100000,7,14.067663,9.547064,11.093637,19.573038,11.093637,9.547064,1
24.600000,5,12.016622,7.496022,14.756733,23.236133,12.016622,7.496022,1
24.600000,6,11.286167,6.765567,14.756733,23.236133,11.286167,6.765567,1
24.600000,7,11.570972,7.050372,14.756733,23.236133,11.570972,7.050372,1
25.100000,5,7.161158,2.640558,17.592098,26.071498,7.161158,2.640558,1
25.100000,6,10.302871,5.782271,17.592098,26.071498,10.302871,5.782271,1
25.100000,7,13.558252,9.037652,17.592098,26.071498,13.558252,9.037652,1
25.600000,5,12.085297,7.564697,18.711410,27.190810,12.085297,7.564697,1
25.600000,6,10.109613,5.589013,18.711410,27.190810,10.109613,5.589013,1
25.600000,7,15.154017,10.633417,18.711410,27.190810,15.154017,10.633417,1
26.100000,5,12.591879,8.071279,18.265810,26.745210,12.591879,8.071279,1
26.100000,6,9.096409,4.575809,18.265810,26.745210,9.096409,4.575809,1
26.100000,7,12.076721,7.556121,18.265810,26.745210,12.076721,7.556121,1
26.600000,5,11.083566,6.562966,15.880443,24.359843,11.083566,6.562966,1
26.600000,6,10.467287,5.946687,15.880443,24.359843,10.467287,5.946687,1
26.600000,7,14.368712,9.848112,15.880443,24.359843,14.368712,9.848112,1
27.100000,5,14.961500,10.440900,16.789757,25.269157,14.961500,10.440900,1
27.100000,6,12.140348,7.619748,16.789757,25.269157,12.140348,7.619748,1
27.100000,7,13.549707,9.029107,16.789757,25.269157,13.549707,9.029107,1
27.600000,5,12.786943,8.266343,15.497608,23.977008,12.786943,8.266343,1
27.600000,6,14.111010,9.590410,15.497608,23.977008,14.111010,9.590410,1
27.600000,7,15.355842,10.835242,15.497608,23.977008,15.355842,10.835242,1
28.100000,5,12.486691,7.966092,16.838884,25.318284,12.486691,7.966092,1
28.100000,6,11.633521,7.112922,16.838884,25.318284,11.633521,7.112922,1
28.100000,7,12.057717,7.537117,16.838884,25.318284,12.057717,7.537117,1
28.600000,5,14.072371,9.551771,17.780934,26.260334,14.072371,9.551771,1
28.600000,6,15.598705,11.078105,17.780934,26.260334,15.598705,11.078105,1
28.600000,7,11.125560,6.604960,17.780934,26.260334,11.125560,6.604960,1
29.100000,5,13.549406,9.028806,16.331116,24.810516,13.549406,9.028806,1
29.100000,6,11.599298,7.078698,16.331116,24.810516,11.599298,7.078698,1
29.100000,7,10.580721,6.060121,16.331116,24.810516,10.580721,6.060121,1
29.600000,5,13.316535,8.795935,13.886049,22.365449,13.316535,8.795935,1
29.600000,6,12.172903,7.652304,13.886049,22.365449,12.172903,7.652304,1
29.600000,7,13.924565,9.403965,13.886049,22.365449,13.886049,9.403965,1
30.100000,5,13.897409,9.376809,18.763736,27.243137,13.897409,9.376809,1
30.100000,6,11.962841,7.442242,18.763736,27.243137,11.962841,7.442242,1
30.100000,7,12.197570,7.676971,18.763736,27.243137,12.197570,7.676971,1
30.600000,5,9.196727,4.676127,16.097681,24.577081,9.196727,4.676127,1
30.600000,6,12.366556,7.845956,16.097681,24.577081,12.366556,7.845956,1
30.600000,7,12.560525,8.039926,16.097681,24.577081,12.560525,8.039926,1
31.100000,5,8.756079,4.235479,11.384524,19.863924,8.756079,4.235479,1
31.100000,6,14.765367,10.244767,11.384524,19.863924,11.384524,10.244767,1
31.100000,7,11.063880,6.543280,11.384524,19.863924,11.063880,6.543280,1
31.600000,5,11.198333,6.677734,15.472015,23.951415,11.198333,6.677734,1
31.600000,6,16.016282,11.495682,15.472015,23.951415,15.472015,11.495682,1
31.600000,7,12.813223,8.292623,15.472015,23.951415,12.813223,8.292623,1
32.100000,5,9.256512,4.735912,19.569635,28.049035,9.256512,4.735912,1
32.100000,6,12.393743,7.873144,19.569635,28.049035,12.393743,7.873144,1
32.100000,7,15.101726,10.581126,19.569635,28.049035,15.101726,10.581126,1
32.600000,5,7.864407,3.343807,17.227785,25.707185,7.864407,3.343807,1
32.600000,6,13.966216,9.445616,17.227785,25.707185,13.966216,9.445616,1
32.600000,7,12.206210,7.685610,17.227785,25.707185,12.206210,7.685610,1
33.100000,5,10.572203,6.051603,20.533545,29.012945,10.572203,6.051603,1
33.100000,6,15.271571,10.750971,20.533545,29.012945,15.271571,10.750971,1
33.100000,7,12.088874,7.568274,20.533545,29.012945,12.088874,7.568274,1
33.600000,5,15.371933,10.851333,18.856904,27.336304,15.371933,10.851333,1
33.600000,6,12.064451,7.543851,18.856904,27.336304,12.064451,7.543851,1
33.600000,7,12.231244,7.710644,18.856904,27.336304,12.231244,7.710644,1
34.100000,5,11.134397,6.613798,18.608483,27.087883,11.134397,6.613798,1
34.100000,6,11.844099,7.323499,18.608483,27.087883,11.844099,7.323499,1
34.100000,7,13.552283,9.031683,18.608483,27.087883,13.552283,9.031683,1
34.600000,5,13.015073,8.494473,18.239970,26.719370,13.015073,8.494473,1
34.600000,6,11.311393,6.790793,18.239970,26.719370,11.311393,6.790793,1
34.600000,7,8.992732,4.472133,18.239970,26.719370,8.992732,4.472133,1
35.100000,5,11.591498,7.070898,15.343429,23.822829,11.591498,7.070898,1
35.100000,6,13.994996,9.474396,15.343429,23.822829,13.994996,9.474396,1
35.100000,7,12.663463,8.142863,15.343429,23.822829,12.663463,8.142863,1
35.600000,5,13.362970,8.842370,13.475661,21.955061,13.362970,8.842370,1
35.600000,6,11.954541,7.433941,13.475661,21.955061,11.954541,7.433941,1
35.600000,7,10.418340,5.897740,13.475661,21.955061,10.418340,5.897740,1
36.100000,5,12.703086,8.182486,17.131055,25.610455,12.703086,8.182486,1
36.100000,6,13.374684,8.854084,17.131055,25.610455,13.374684,8.854084,1
36.100000,7,9.205017,4.684417,17.131055,25.610455,9.205017,4.684417,1
36.600000,5,11.109432,6.588832,18.139988,26.619388,11.109432,6.588832,1
36.600000,6,12.871325,8.350725,18.139988,26.619388,12.871325,8.350725,1
36.600000,7,12.434313,7.913713,18.139988,26.619388,12.434313,7.913713,1
37.100000,5,13.906679,9.386080,19.104682,27.584082,13.906679,9.386080,1
37.100000,6,12.471632,7.951032,19.104682,27.584082,12.471632,7.951032,1
37.100000,7,11.475267,6.954667,19.104682,27.584082,11.475267,6.954667,1
37.600000,5,9.577613,5.057013,18.490676,26.970076,9.577613,5.057013,1
37.600000,6,8.956781,4.436181,18.490676,26.970076,8.956781,4.436181,1
37.600000,7,12.249930,7.729330,18.490676,26.970076,12.249930,7.729330,1
38.100000,5,14.496872,9.976272,16.688120,25.167520,14.496872,9.976272,1
38.100000,6,12.679974,8.159374,16.688120,25.167520,12.679974,8.159374,1
38.100000,7,11.612766,7.092166,16.688120,25.167520,11.612766,7.092166,1
38.600000,5,7.299421,2.778821,15.842023,24.321423,7.299421,2.778821,1
38.600000,6,15.518569,10.997969,15.842023,24.321423,15.518569,10.997969,1
38.600000,7,10.767380,6.246780,15.842023,24.321423,10.767380,6.246780,1
39.100000,5,14.921777,10.401177,17.313122,25.792522,14.921777,10.401177,1
39.100000,6,12.210725,7.690125,17.313122,25.792522,12.210725,7.690125,1
39.100000,7,13.769049,9.248449,17.313122,25.792522,13.769049,9.248449,1
39.600000,5,8.609198,4.088598,17.733627,26.213027,8.609198,4.088598,1
39.600000,6,15.472975,10.952375,17.733627,26.213027,15.472975,10.952375,1
39.600000,7,14.036661,9.516061,17.733627,26.213027,14.036661,9.516061,1
40.100000,5,11.048009,6.527409,18.912729,27.392129,11.048009,6.527409,1
40.100000,6,12.191418,7.670818,18.912729,27.392129,12.191418,7.670818,1
40.100000,7,15.221889,10.701289,18.912729,27.392129,15.221889,10.701289,1
40.600000,5,13.087881,8.567281,16.883397,25.362798,13.087881,8.567281,1
40.600000,6,11.252248,6.731649,16.883397,25.362798,11.252248,6.731649,1
40.600000,7,14.106907,9.586307,16.883397,25.362798,14.106907,9.586307,1
41.100000,5,8.190051,3.669451,16.094414,24.573814,8.190051,3.669451,1
41.100000,6,9.832957,5.312357,16.094414,24.573814,9.832957,5.312357,1
41.100000,7,13.952739,9.432139,16.094414,24.573814,13.952739,9.432139,1
41.600000,5,12.679633,8.159033,16.938433,25.417833,12.679633,8.159033,1
41.600000,6,16.411445,11.890845,16.938433,25.417833,16.411445,11.890845,1
41.600000,7,9.466538,4.945938,16.938433,25.417833,9.466538,4.945938,1
42.100000,5,10.723644,6.203044,18.076954,26.556354,10.723644,6.203044,1
42.100000,6,11.730325,7.209725,18.076954,26.556354,11.730325,7.209725,1
42.100000,7,10.951207,6.430608,18.076954,26.556354,10.951207,6.430608,1
42.600000,5,9.438371,4.917771,20.149511,28.628911,9.438371,4.917771,1
42.600000,6,16.024440,11.503840,20.149511,28.628911,16.024440,11.503840,1
42.600000,7,12.926594,8.405994,20.149511,28.628911,12.926594,8.405994,1
43.100000,5,11.664308,7.143708,15.442398,23.921798,11.664308,7.143708,1
43.100000,6,12.319403,7.798803,15.442398,23.921798,12.319403,7.798803,1
43.100000,7,12.519725,7.999125,15.442398,23.921798,12.519725,7.999125,1
43.600000,5,13.801067,9.280467,17.673480,26.152880,13.801067,9.280467,1
43.600000,6,15.630510,11.109910,17.673480,26.152880,15.630510,11.109910,1
43.600000,7,11.474897,6.954297,17.673480,26.152880,11.474897,6.954297,1
44.100000,5,10.946868,6.426268,19.618754,28.098154,10.946868,6.426268,1
44.100000,6,13.866472,9.345872,19.618754,28.098154,13.866472,9.345872,1
44.100000,7,13.749499,9.228899,19.618754,28.098154,13.749499,9.228899,1
44.600000,5,12.130276,7.609676,16.531922,25.011322,12.130276,7.609676,1
44.600000,6,14.190985,9.670385,16.531922,25.011322,14.190985,9.670385,1
44.600000,7,10.541364,6.020764,16.531922,25.011322,10.541364,6.020764,1
45.100000,5,13.428206,8.907606,15.054606,23.534006,13.428206,8.907606,1
45.100000,6,8.952027,4.431427,15.054606,23.534006,8.952027,4.431427,1
45.100000,7,15.654585,11.133985,15.054606,23.534006,15.054606,11.133985,1
45.600000,5,12.659050,8.138451,18.656991,27.136391,12.659050,8.138451,1
45.600000,6,12.556139,8.035539,18.656991,27.136391,12.556139,8.035539,1
45.600000,7,10.077226,5.556626,18.656991,27.136391,10.077226,5.556626,1
46.100000,5,11.085749,6.565150,19.086577,27.565978,11.085749,6.565150,1
46.100000,6,13.263947,8.743347,19.086577,27.565978,13.263947,8.743347,1
46.100000,7,11.384872,6.864272,19.086577,27.565978,11.384872,6.864272,1
46.600000,5,13.654997,9.134397,16.762660,25.242060,13.654997,9.134397,1
46.600000,6,12.958619,8.438020,16.762660,25.242060,12.958619,8.438020,1
46.600000,7,11.461846,6.941247,16.762660,25.242060,11.461846,6.941247,1
47.100000,5,8.475559,3.954959,16.534113,25.013513,8.475559,3.954959,1
47.100000,6,12.566313,8.045713,16.534113,25.013513,12.566313,8.045713,1
47.100000,7,12.216715,7.696115,16.534113,25.013513,12.216715,7.696115,1
47.600000,5,9.439308,4.918708,17.427315,25.906715,9.439308,4.918708,1
47.600000,6,10.860624,6.340025,17.427315,25.906715,10.860624,6.340025,1
47.600000,7,11.030183,6.509583,17.427315,25.906715,11.030183,6.509583,1
48.100000,5,11.809876,7.289276,18.087043,26.566443,11.809876,7.289276,1
48.100000,6,12.240616,7.720016,18.087043,26.566443,12.240616,7.720016,1
48.100000,7,12.729471,8.208871,18.087043,26.566443,12.729471,8.208871,1
48.600000,5,11.147744,6.627144,20.717728,29.197128,11.147744,6.627144,1
48.600000,6,12.768027,8.247427,20.717728,29.197128,12.768027,8.247427,1
48.600000,7,14.284000,9.763400,20.717728,29.197128,14.284000,9.763400,1
49.100000,5,11.945125,7.424525,16.498432,24.977832,11.945125,7.424525,1
49.100000,6,15.792928,11.272328,16.498432,24.977832,15.792928,11.272328,1
49.100000,7,13.420284,8.899684,16.498432,24.977832,13.420284,8.899684,1
49.600000,5,14.401446,9.880846,17.367484,25.846884,14.401446,9.880846,1
49.600000,6,11.667817,7.147217,17.367484,25.846884,11.667817,7.147217,1
49.600000,7,13.717923,9.197323,17.367484,25.846884,13.717923,9.197323,1
50.100000,5,13.335108,8.814508,19.975701,28.455101,13.335108,8.814508,1
50.100000,6,13.636163,9.115563,19.975701,28.455101,13.636163,9.115563,1
50.100000,7,14.326605,9.806005,19.975701,28.455101,14.326605,9.806005,1
50.600000,5,12.405500,7.884901,18.109589,26.588989,12.405500,7.884901,1
50.600000,6,11.323962,6.803362,18.109589,26.588989,11.323962,6.803362,1
50.600000,7,12.084043,7.563443,18.109589,26.588989,12.084043,7.563443,1
51.100000,5,10.947099,6.426499,16.587729,25.067129,10.947099,6.426499,1
51.100000,6,9.732489,5.211889,16.587729,25.067129,9.732489,5.211889,1
51.100000,7,11.438340,6.917740,16.587729,25.067129,11.438340,6.917740,1
51.600000,5,12.660995,8.140395,19.607716,28.087116,12.660995,8.140395,1
51.600000,6,13.341855,8.821255,19.607716,28.087116,13.341855,8.821255,1
51.600000,7,9.539369,5.018769,19.607716,28.087116,9.539369,5.018769,1
52.100000,5,13.095420,8.574820,16.288299,24.767699,13.095420,8.574820,1
52.100000,6,10.704362,6.183762,16.288299,24.767699,10.704362,6.183762,1
52.100000,7,12.525325,8.004725,16.288299,24.767699,12.525325,8.004725,1
52.600000,5,14.687710,10.167110,17.776196,26.255596,14.687710,10.167110,1
52.600000,6,8.591385,4.070785,17.776196,26.255596,8.591385,4.070785,1
52.600000,7,14.334277,9.813677,17.776196,26.255596,14.334277,9.813677,1
53.100000,5,11.360037,6.839437,19.879431,28.358831,11.360037,6.839437,1
53.100000,6,12.027358,7.506758,19.879431,28.358831,12.027358,7.506758,1
53.100000,7,13.456878,8.936278,19.879431,28.358831,13.456878,8.936278,1
53.600000,5,10.071797,5.551197,15.621441,24.100842,10.071797,5.551197,1
53.600000,6,10.870763,6.350164,15.621441,24.100842,10.870763,6.350164,1
53.600000,7,8.679135,4.158535,15.621441,24.100842,8.679135,4.158535,1
54.100000,5,14.968794,10.448194,18.044320,26.523720,14.968794,10.448194,1
54.100000,6,12.266595,7.745995,18.044320,26.523720,12.266595,7.745995,1
54.100000,7,14.416988,9.896388,18.044320,26.523720,14.416988,9.896388,1
54.600000,5,13.576683,9.056083,18.660087,27.139487,13.576683,9.056083,1
54.600000,6,12.851663,8.331063,18.660087,27.139487,12.851663,8.331063,1
54.600000,7,11.005150,6.484550,18.660087,27.139487,11.005150,6.484550,1
55.100000,5,12.426157,7.905557,17.819425,26.298825,12.426157,7.905557,1
55.100000,6,12.015158,7.494559,17.819425,26.298825,12.015158,7.494559,1
55.100000,7,13.547558,9.026958,17.819425,26.298825,13.547558,9.026958,1
55.600000,5,10.156729,5.636129,18.237065,26.716465,10.156729,5.636129,1
55.600000,6,14.403019,9.882419,18.237065,26.716465,14.403019,9.882419,1
55.600000,7,13.653737,9.133137,18.237065,26.716465,13.653737,9.133137,1
56.100000,5,11.895096,7.374496,18.473217,26.952617,11.895096,7.374496,1
56.100000,6,13.322229,8.801629,18.473217,26.952617,13.322229,8.801629,1
56.100000,7,12.053241,7.532641,18.473217,26.952617,12.053241,7.532641,1
56.600000,5,12.994917,8.474317,17.587161,26.066561,12.994917,8.474317,1
56.600000,6,12.976458,8.455858,17.587161,26.066561,12.976458,8.455858,1
56.600000,7,13.458920,8.938321,17.587161,26.066561,13.458920,8.938321,1
57.100000,5,9.006493,4.485893,17.937850,26.417250,9.006493,4.485893,1
57.100000,6,11.422309,6.901709,17.937850,26.417250,11.422309,6.901709,1
57.100000,7,13.761346,9.240746,17.937850,26.417250,13.761346,9.240746,1
57.600000,5,12.997001,8.476401,15.789741,24.269141,12.997001,8.476401,1
57.600000,6,14.323635,9.803035,15.789741,24.269141,14.323635,9.803035,1
57.600000,7,14.906698,10.386098,15.789741,24.269141,14.906698,10.386098,1
58.100000,5,10.075458,5.554858,16.583691,25.063091,10.075458,5.554858,1
58.100000,6,8.744767,4.224167,16.583691,25.063091,8.744767,4.224167,1
58.100000,7,10.803515,6.282915,16.583691,25.063091,10.803515,6.282915,1
58.600000,5,11.946983,7.426384,16.412673,24.892073,11.946983,7.426384,1
58.600000,6,10.020629,5.500030,16.412673,24.892073,10.020629,5.500030,1
58.600000,7,9.570714,5.050114,16.412673,24.892073,9.570714,5.050114,1
59.100000,5,12.156355,7.635755,17.532578,26.011978,12.156355,7.635755,1
59.100000,6,10.675095,6.154495,17.532578,26.011978,10.675095,6.154495,1
59.100000,7,12.348689,7.828089,17.532578,26.011978,12.348689,7.828089,1
59.600000,5,13.926407,9.405807,17.683511,26.162911,13.926407,9.405807,1
59.600000,6,14.255761,9.735161,17.683511,26.162911,14.255761,9.735161,1
59.600000,7,11.480079,6.959479,17.683511,26.162911,11.480079,6.959479,1
60.100000,5,9.392924,4.872324,15.824561,24.303962,9.392924,4.872324,1
60.100000,6,11.826895,7.306295,15.824561,24.303962,11.826895,7.306295,1
60.100000,7,13.476026,8.955426,15.824561,24.303962,13.476026,8.955426,1
60.600000,5,13.234316,8.713716,19.562934,28.042335,13.234316,8.713716,1
60.600000,6,9.602462,5.081862,19.562934,28.042335,9.602462,5.081862,1
60.600000,7,14.043480,9.522880,19.562934,28.042335,14.043480,9.522880,1
61.100000,5,11.632678,7.112078,17.910584,26.389984,11.632678,7.112078,1
61.100000,6,9.763406,5.242806,17.910584,26.389984,9.763406,5.242806,1
61.100000,7,9.608019,5.087419,17.910584,26.389984,9.608019,5.087419,1
61.600000,5,12.847935,8.327335,18.384801,26.864201,12.847935,8.327335,1
61.600000,6,11.880707,7.360107,18.384801,26.864201,11.880707,7.360107,1
61.600000,7,11.768702,7.248102,18.384801,26.864201,11.768702,7.248102,1
62.100000,5,10.905815,6.385215,17.186331,25.665731,10.905815,6.385215,1
62.100000,6,11.774333,7.253733,17.186331,25.665731,11.774333,7.253733,1
62.100000,7,15.148185,10.627585,17.186331,25.665731,15.148185,10.627585,1
62.600000,5,10.241649,5.721049,19.375624,27.855024,10.241649,5.721049,1
62.600000,6,11.630246,7.109647,19.375624,27.855024,11.630246,7.109647,1
62.600000,7,8.680636,4.160036,19.375624,27.855024,8.680636,4.160036,1
63.100000,5,11.185640,6.665040,17.119504,25.598904,11.185640,6.665040,1
63.100000,6,14.585926,10.065326,17.119504,25.598904,14.585926,10.065326,1
63.100000,7,13.256233,8.735634,17.119504,25.598904,13.256233,8.735634,1
63.600000,5,10.531243,6.010643,18.214695,26.694095,10.531243,6.010643,1
63.600000,6,16.259987,11.739387,18.214695,26.694095,16.259987,11.739387,1
63.600000,7,10.625925,6.105325,18.214695,26.694095,10.625925,6.105325,1
64.100000,5,12.851384,8.330785,18.324493,26.803893,12.851384,8.330785,1
64.100000,6,6.790196,2.269596,18.324493,26.803893,6.790196,2.269596,1
64.100000,7,10.275094,5.754494,18.324493,26.803893,10.275094,5.754494,1
64.600000,5,9.310265,4.789665,16.189563,24.668963,9.310265,4.789665,1
64.600000,6,10.081157,5.560557,16.189563,24.668963,10.081157,5.560557,1
64.600000,7,8.628781,4.108181,16.189563,24.668963,8.628781,4.108181,1
65.100000,5,12.768873,8.248273,14.745172,23.224572,12.768873,8.248273,1
65.100000,6,14.158217,9.637617,14.745172,23.224572,14.158217,9.637617,1
65.100000,7,10.154457,5.633858,14.745172,23.224572,10.154457,5.633858,1
65.600000,5,12.003988,7.483388,16.743386,25.222786,12.003988,7.483388,1
65.600000,6,13.979249,9.458649,16.743386,25.222786,13.979249,9.458649,1
65.600000,7,14.230225,9.709625,16.743386,25.222786,14.230225,9.709625,1
66.100000,5,15.438448,10.917848,18.719613,27.199013,15.438448,10.917848,1
66.100000,6,13.816235,9.295635,18.719613,27.199013,13.816235,9.295635,1
66.100000,7,13.920358,9.399758,18.719613,27.199013,13.920358,9.399758,1
66.600000,5,12.979127,8.458527,17.029705,25.509105,12.979127,8.458527,1
66.600000,6,9.578923,5.058323,17.029705,25.509105,9.578923,5.058323,1
66.600000,7,13.552771,9.032172,17.029705,25.509105,13.552771,9.032172,1
67.100000,5,12.570787,8.050187,17.066261,25.545662,12.570787,8.050187,1
67.100000,6,13.955060,9.434460,17.066261,25.545662,13.955060,9.434460,1
67.100000,7,11.615800,7.095200,17.066261,25.545662,11.615800,7.095200,1
67.600000,5,10.672334,6.151734,18.792143,27.271543,10.672334,6.151734,1
67.600000,6,13.293683,8.773083,18.792143,27.271543,13.293683,8.773083,1
67.600000,7,12.061017,7.540417,18.792143,27.271543,12.061017,7.540417,1
68.100000,5,14.086146,9.565546,17.239383,25.718783,14.086146,9.565546,1
68.100000,6,10.528191,6.007591,17.239383,25.718783,10.528191,6.007591,1
68.100000,7,9.685958,5.165358,17.239383,25.718783,9.685958,5.165358,1
68.600000,5,16.869249,12.348649,17.958108,26.437508,16.869249,12.348649,1
68.600000,6,11.545020,7.024420,17.958108,26.437508,11.545020,7.024420,1
68.600000,7,10.340999,5.820399,17.958108,26.437508,10.340999,5.820399,1
69.100000,5,13.823882,9.303282,19.018391,27.497791,13.823882,9.303282,1
69.100000,6,13.645543,9.124943,19.018391,27.497791,13.645543,9.124943,1
69.100000,7,15.593627,11.073027,19.018391,27.497791,15.593627,11.073027,1
69.600000,5,11.261184,6.740584,17.401122,25.880522,11.261184,6.740584,1
69.600000,6,6.427746,1.907146,17.401122,25.880522,6.427746,1.907146,1
69.600000,7,12.869661,8.349061,17.401122,25.880522,12.869661,8.349061,1
70.100000,5,13.380027,8.859427,17.913159,26.392559,13.380027,8.859427,1
70.100000,6,15.537257,11.016658,17.913159,26.392559,15.537257,11.016658,1
70.100000,7,11.293398,6.772798,17.913159,26.392559,11.293398,6.772798,1
70.600000,5,12.763414,8.242814,19.388135,27.867535,12.763414,8.242814,1
70.600000,6,12.726107,8.205507,19.388135,27.867535,12.726107,8.205507,1
70.600000,7,14.336633,9.816033,19.388135,27.867535,14.336633,9.816033,1
71.100000,5,13.976935,9.456335,17.548066,26.027466,13.976935,9.456335,1
71.100000,6,13.879760,9.359161,17.548066,26.027466,13.879760,9.359161,1
71.100000,7,12.524712,8.004112,17.548066,26.027466,12.524712,8.004112,1
71.600000,5,14.686109,10.165509,19.709171,28.188571,14.686109,10.165509,1
71.600000,6,14.456572,9.935972,19.709171,28.188571,14.456572,9.935972,1
71.600000,7,12.497659,7.977059,19.709171,28.188571,12.497659,7.977059,1
72.100000,5,9.775076,5.254476,17.015302,25.494702,9.775076,5.254476,1
72.100000,6,14.140261,9.619661,17.015302,25.494702,14.140261,9.619661,1
72.100000,7,8.105480,3.584880,17.015302,25.494702,8.105480,3.584880,1
72.600000,5,10.483133,5.962533,15.022662,23.502062,10.483133,5.962533,1
72.600000,6,10.223445,5.702845,15.022662,23.502062,10.223445,5.702845,1
72.600000,7,11.398742,6.878142,15.022662,23.502062,11.398742,6.878142,1
73.100000,5,13.020953,8.500353,15.647601,24.127002,13.020953,8.500353,1
73.100000,6,11.520367,6.999767,15.647601,24.127002,11.520367,6.999767,1
73.100000,7,14.285630,9.765030,15.647601,24.127002,14.285630,9.765030,1
73.600000,5,13.145542,8.624942,17.998653,26.478053,13.145542,8.624942,1
73.600000,6,10.638573,6.117973,17.998653,26.478053,10.638573,6.117973,1
73.600000,7,11.695781,7.175181,17.998653,26.478053,11.695781,7.175181,1
74.100000,5,10.113399,5.592799,17.127090,25.606490,10.113399,5.592799,1
74.100000,6,14.917631,10.397031,17.127090,25.606490,14.917631,10.397031,1
74.100000,7,13.050304,8.529704,17.127090,25.606490,13.050304,8.529704,1
74.600000,5,11.841211,7.320611,17.072425,25.551826,11.841211,7.320611,1
74.600000,6,8.792541,4.271941,17.072425,25.551826,8.792541,4.271941,1
74.600000,7,12.691469,8.170870,17.072425,25.551826,12.691469,8.170870,1
75.100000,5,10.756709,6.236109,13.456326,21.935727,10.756709,6.236109,1
75.100000,6,7.516844,2.996244,13.456326,21.935727,7.516844,2.996244,1
75.100000,7,11.283142,6.762542,13.456326,21.935727,11.283142,6.762542,1
75.600000,5,11.489537,6.968937,13.546881,22.026281,11.489537,6.968937,1
75.600000,6,12.710335,8.189735,13.546881,22.026281,12.710335,8.189735,1
75.600000,7,11.481556,6.960956,13.546881,22.026281,11.481556,6.960956,1
76.100000,5,13.848617,9.328017,17.352364,25.831764,13.848617,9.328017,1
76.100000,6,12.091552,7.570952,17.352364,25.831764,12.091552,7.570952,1
76.100000,7,12.486572,7.965972,17.352364,25.831764,12.486572,7.965972,1
76.600000,5,11.178607,6.658007,15.543150,24.022550,11.178607,6.658007,1
76.600000,6,10.791199,6.270600,15.543150,24.022550,10.791199,6.270600,1
76.600000,7,12.635829,8.115229,15.543150,24.022550,12.635829,8.115229,1
77.100000,5,14.773802,10.253202,17.841000,26.320400,14.773802,10.253202,1
77.100000,6,14.888616,10.368016,17.841000,26.320400,14.888616,10.368016,1
77.100000,7,12.237559,7.716959,17.841000,26.320400,12.237559,7.716959,1
77.600000,5,9.874051,5.353451,18.175408,26.654808,9.874051,5.353451,1
77.600000,6,9.508107,4.987507,18.175408,26.654808,9.508107,4.987507,1
77.600000,7,12.654528,8.133928,18.175408,26.654808,12.654528,8.133928,1
78.100000,5,12.384251,7.863651,18.331464,26.810865,12.384251,7.863651,1
78.100000,6,9.399528,4.878928,18.331464,26.810865,9.399528,4.878928,1
78.100000,7,11.682911,7.162311,18.331464,26.810865,11.682911,7.162311,1
78.600000,5,9.705971,5.185371,17.976415,26.455815,9.705971,5.185371,1
78.600000,6,13.390378,8.869778,17.976415,26.455815,13.390378,8.869778,1
78.600000,7,12.405969,7.885369,17.976415,26.455815,12.405969,7.885369,1
79.100000,5,8.848629,4.328029,15.492425,23.971825,8.848629,4.328029,1
79.100000,6,9.269898,4.749298,15.492425,23.971825,9.269898,4.749298,1
79.100000,7,12.204499,7.683899,15.492425,23.971825,12.204499,7.683899,1
79.600000,5,12.772955,8.252355,21.046966,29.526366,12.772955,8.252355,1
79.600000,6,11.519652,6.999052,21.046966,29.526366,11.519652,6.999052,1
79.600000,7,14.028613,9.508013,21.046966,29.526366,14.028613,9.508013,1
80.100000,5,11.599958,7.079358,15.508243,23.987643,11.599958,7.079358,1
80.100000,6,11.823703,7.303103,15.508243,23.987643,11.823703,7.303103,1
80.100000,7,11.998334,7.477735,15.508243,23.987643,11.998334,7.477735,1
80.600000,5,11.098203,6.577603,18.219849,26.699249,11.098203,6.577603,1
80.600000,6,10.530573,6.009973,18.219849,26.699249,10.530573,6.009973,1
80.600000,7,15.288438,10.767838,18.219849,26.699249,15.288438,10.767838,1
81.100000,5,13.224627,8.704027,17.639871,26.119271,13.224627,8.704027,1
81.100000,6,11.143272,6.622673,17.639871,26.119271,11.143272,6.622673,1
81.100000,7,12.007022,7.486422,17.639871,26.119271,12.007022,7.486422,1
81.600000,5,14.010226,9.489626,17.206177,25.685577,14.010226,9.489626,1
81.600000,6,13.076227,8.555627,17.206177,25.685577,13.076227,8.555627,1
81.600000,7,11.113730,6.593130,17.206177,25.685577,11.113730,6.593130,1
82.100000,5,14.265743,9.745143,17.796270,26.275670,14.265743,9.745143,1
82.100000,6,13.356174,8.835574,17.796270,26.275670,13.356174,8.835574,1
82.100000,7,14.918043,10.397443,17.796270,26.275670,14.918043,10.397443,1
82.600000,5,11.453378,6.932778,16.593918,25.073318,11.453378,6.932778,1
82.600000,6,12.292039,7.771439,16.593918,25.073318,12.292039,7.771439,1
82.600000,7,14.761740,10.241140,16.593918,25.073318,14.761740,10.241140,1
83.100000,5,11.524936,7.004337,19.538534,28.017934,11.524936,7.004337,1
83.100000,6,12.099403,7.578803,19.538534,28.017934,12.099403,7.578803,1
83.100000,7,11.052236,6.531636,19.538534,28.017934,11.052236,6.531636,1
83.600000,5,13.025599,8.504999,18.547795,27.027196,13.025599,8.504999,1
83.600000,6,11.830027,7.309427,18.547795,27.027196,11.830027,7.309427,1
83.600000,7,12.947023,8.426423,18.547795,27.027196,12.947023,8.426423,1
84.100000,5,12.769445,8.248845,16.508516,24.987916,12.769445,8.248845,1
84.100000,6,14.864955,10.344355,16.508516,24.987916,14.864955,10.344355,1
84.100000,7,12.530231,8.009632,16.508516,24.987916,12.530231,8.009632,1
84.600000,5,13.868309,9.347709,18.292807,26.772208,13.868309,9.347709,1
84.600000,6,11.117484,6.596884,18.292807,26.772208,11.117484,6.596884,1
84.600000,7,13.449161,8.928561,18.292807,26.772208,13.449161,8.928561,1
85.100000,5,14.792918,10.272318,17.767364,26.246764,14.792918,10.272318,1
85.100000,6,11.166335,6.645735,17.767364,26.246764,11.166335,6.645735,1
85.100000,7,12.648004,8.127404,17.767364,26.246764,12.648004,8.127404,1
85.600000,5,11.965612,7.445012,14.783332,23.262732,11.965612,7.445012,1
85.600000,6,10.888020,6.367420,14.783332,23.262732,10.888020,6.367420,1
85.600000,7,12.186609,7.666010,14.783332,23.262732,12.186609,7.666010,1
86.100000,5,13.134671,8.614071,19.610365,28.089765,13.134671,8.614071,1
86.100000,6,10.569282,6.048682,19.610365,28.089765,10.569282,6.048682,1
86.100000,7,12.585558,8.064958,19.610365,28.089765,12.585558,8.064958,1
86.600000,5,14.354775,9.834175,20.141716,28.621116,14.354775,9.834175,1
86.600000,6,12.849147,8.328547,20.141716,28.621116,12.849147,8.328547,1
86.600000,7,13.969206,9.448607,20.141716,28.621116,13.969206,9.448607,1
87.100000,5,13.355605,8.835005,17.036242,25.515642,13.355605,8.835005,1
87.100000,6,14.621704,10.101104,17.036242,25.515642,14.621704,10.101104,1
87.100000,7,12.649811,8.129211,17.036242,25.515642,12.649811,8.129211,1
87.600000,5,12.941296,8.420696,19.080954,27.560354,12.941296,8.420696,1
87.600000,6,14.324973,9.804373,19.080954,27.560354,14.324973,9.804373,1
87.600000,7,11.563669,7.043069,19.080954,27.560354,11.563669,7.043069,1
88.100000,5,12.305486,7.784886,18.469808,26.949208,12.305486,7.784886,1
88.100000,6,13.991007,9.470407,18.469808,26.949208,13.991007,9.470407,1
88.100000,7,14.807710,10.287110,18.469808,26.949208,14.807710,10.287110,1
88.600000,5,11.534166,7.013566,17.536822,26.016222,11.534166,7.013566,1
88.600000,6,11.982026,7.461426,17.536822,26.016222,11.982026,7.461426,1
88.600000,7,12.147896,7.627296,17.536822,26.016222,12.147896,7.627296,1
89.100000,5,12.214034,7.693435,16.827728,25.307128,12.214034,7.693435,1
89.100000,6,8.930193,4.409593,16.827728,25.307128,8.930193,4.409593,1
89.100000,7,11.359525,6.838925,16.827728,25.307128,11.359525,6.838925,1
89.600000,5,10.669997,6.149397,20.231247,28.710647,10.669997,6.149397,1
89.600000,6,12.522306,8.001706,20.231247,28.710647,12.522306,8.001706,1
89.600000,7,12.622642,8.102042,20.231247,28.710647,12.622642,8.102042,1
90.100000,5,12.167687,7.647088,16.430303,24.909703,12.167687,7.647088,1
90.100000,6,11.162155,6.641555,16.430303,24.909703,11.162155,6.641555,1
90.100000,7,11.939406,7.418807,16.430303,24.909703,11.939406,7.418807,1
90.600000,5,12.097116,7.576516,16.769765,25.249165,12.097116,7.576516,1
90.600000,6,11.121892,6.601292,16.769765,25.249165,11.121892,6.601292,1
90.600000,7,10.676147,6.155547,16.769765,25.249165,10.676147,6.155547,1
91.100000,5,11.873271,7.352671,17.802688,26.282088,11.873271,7.352671,1
91.100000,6,12.057614,7.537014,17.802688,26.282088,12.057614,7.537014,1
91.100000,7,9.306778,4.786178,17.802688,26.282088,9.306778,4.786178,1
91.600000,5,13.476824,8.956224,14.737763,23.217163,13.476824,8.956224,1
91.600000,6,12.629031,8.108431,14.737763,23.217163,12.629031,8.108431,1
91.600000,7,13.100137,8.579537,14.737763,23.217163,13.100137,8.579537,1
92.100000,5,11.765455,7.244855,17.214329,25.693729,11.765455,7.244855,1
92.100000,6,15.010328,10.489728,17.214329,25.693729,15.010328,10.489728,1
92.100000,7,8.830616,4.310016,17.214329,25.693729,8.830616,4.310016,1
92.600000,5,11.296353,6.775753,20.105937,28.585337,11.296353,6.775753,1
92.600000,6,11.400242,6.879642,20.105937,28.585337,11.400242,6.879642,1
92.600000,7,11.618162,7.097562,20.105937,28.585337,11.618162,7.097562,1
93.100000,5,13.150983,8.630383,17.581743,26.061143,13.150983,8.630383,1
93.100000,6,8.852545,4.331945,17.581743,26.061143,8.852545,4.331945,1
93.100000,7,14.784763,10.264163,17.581743,26.061143,14.784763,10.264163,1
93.600000,5,11.955053,7.434453,18.535551,27.014951,11.955053,7.434453,1
93.600000,6,10.461285,5.940686,18.535551,27.014951,10.461285,5.940686,1
93.600000,7,12.862298,8.341698,18.535551,27.014951,12.862298,8.341698,1
94.100000,5,11.052480,6.531880,18.910117,27.389517,11.052480,6.531880,1
94.100000,6,11.348949,6.828349,18.910117,27.389517,11.348949,6.828349,1
94.100000,7,12.411846,7.891246,18.910117,27.389517,12.411846,7.891246,1
94.600000,5,11.833483,7.312883,20.022333,28.501733,11.833483,7.312883,1
94.600000,6,10.332926,5.812326,20.022333,28.501733,10.332926,5.812326,1
94.600000,7,12.097249,7.576649,20.022333,28.501733,12.097249,7.576649,1
95.100000,5,12.172520,7.651920,16.430159,24.909559,12.172520,7.651920,1
95.100000,6,10.785013,6.264413,16.430159,24.909559,10.785013,6.264413,1
95.100000,7,13.928129,9.407529,16.430159,24.909559,13.928129,9.407529,1
95.600000,5,11.663573,7.142973,17.081616,25.561016,11.663573,7.142973,1
95.600000,6,13.696908,9.176308,17.081616,25.561016,13.696908,9.176308,1
95.600000,7,12.288701,7.768101,17.081616,25.561016,12.288701,7.768101,1
96.100000,5,11.054546,6.533946,18.288025,26.767425,11.054546,6.533946,1
96.100000,6,13.203404,8.682804,18.288025,26.767425,13.203404,8.682804,1
96.100000,7,11.750574,7.229974,18.288025,26.767425,11.750574,7.229974,1
96.600000,5,9.789692,5.269092,17.346949,25.826349,9.789692,5.269092,1
96.600000,6,11.821697,7.301097,17.346949,25.826349,11.821697,7.301097,1
96.600000,7,9.391297,4.870697,17.346949,25.826349,9.391297,4.870697,1
97.100000,5,13.801972,9.281373,18.771919,27.251319,13.801972,9.281373,1
97.100000,6,12.077184,7.556584,18.771919,27.251319,12.077184,7.556584,1
97.100000,7,11.423860,6.903260,18.771919,27.251319,11.423860,6.903260,1
97.600000,5,10.921170,6.400570,16.163352,24.642752,10.921170,6.400570,1
97.600000,6,12.688392,8.167792,16.163352,24.642752,12.688392,8.167792,1
97.600000,7,10.028109,5.507509,16.163352,24.642752,10.028109,5.507509,1
98.100000,5,12.886541,8.365941,17.868026,26.347427,12.886541,8.365941,1
98.100000,6,14.314331,9.793731,17.868026,26.347427,14.314331,9.793731,1
98.100000,7,10.211700,5.691100,17.868026,26.347427,10.211700,5.691100,1
98.600000,5,14.151468,9.630868,16.311451,24.790851,14.151468,9.630868,1
98.600000,6,11.081243,6.560643,16.311451,24.790851,11.081243,6.560643,1
98.600000,7,10.268247,5.747647,16.311451,24.790851,10.268247,5.747647,1
99.100000,5,12.735414,8.214814,18.577567,27.056967,12.735414,8.214814,1
99.100000,6,13.251492,8.730892,18.577567,27.056967,13.251492,8.730892,1
99.100000,7,12.680425,8.159825,18.577567,27.056967,12.680425,8.159825,1
99.600000,5,12.052898,7.532298,16.761804,25.241204,12.052898,7.532298,1
99.600000,6,14.813559,10.292959,16.761804,25.241204,14.813559,10.292959,1
99.600000,7,12.191950,7.671350,16.761804,25.241204,12.191950,7.671350,1
100.100000,5,13.631287,9.110687,15.958543,24.437944,13.631287,9.110687,1
100.100000,6,13.938410,9.417811,15.958543,24.437944,13.938410,9.417811,1
100.100000,7,9.955282,5.434682,15.958543,24.437944,9.955282,5.434682,1
100.600000,5,12.129770,7.609170,16.708979,25.188379,12.129770,7.609170,1
100.600000,6,13.231425,8.710825,16.708979,25.188379,13.231425,8.710825,1
100.600000,7,12.421399,7.900800,16.708979,25.188379,12.421399,7.900800,1
101.100000,5,14.231229,9.710629,17.415691,25.895091,14.231229,9.710629,1
101.100000,6,14.918137,10.397537,17.415691,25.895091,14.918137,10.397537,1
101.100000,7,13.535728,9.015128,17.415691,25.895091,13.535728,9.015128,1
101.600000,5,12.529566,8.008966,20.113512,28.592912,12.529566,8.008966,1
101.600000,6,15.665060,11.144460,20.113512,28.592912,15.665060,11.144460,1
101.600000,7,12.019742,7.499142,20.113512,28.592912,12.019742,7.499142,1
102.100000,5,14.850293,10.329694,16.998092,25.477492,14.850293,10.329694,1
102.100000,6,14.212014,9.691414,16.998092,25.477492,14.212014,9.691414,1
102.100000,7,11.971243,7.450643,16.998092,25.477492,11.971243,7.450643,1
102.600000,5,11.234811,6.714211,19.498409,27.977809,11.234811,6.714211,1
102.600000,6,10.460004,5.939404,19.498409,27.977809,10.460004,5.939404,1
102.600000,7,13.558696,9.038096,19.498409,27.977809,13.558696,9.038096,1
103.100000,5,13.030980,8.510380,15.258634,23.738034,13.030980,8.510380,1
103.100000,6,12.710523,8.189923,15.258634,23.738034,12.710523,8.189923,1
103.100000,7,15.216486,10.695886,15.258634,23.738034,15.216486,10.695886,1
103.600000,5,11.393716,6.873116,17.292794,25.772194,11.393716,6.873116,1
103.600000,6,11.950316,7.429716,17.292794,25.772194,11.950316,7.429716,1
103.600000,7,10.780528,6.259928,17.292794,25.772194,10.780528,6.259928,1
104.100000,5,11.817876,7.297276,19.708828,28.188228,11.817876,7.297276,1
104.100000,6,13.268019,8.747419,19.708828,28.188228,13.268019,8.747419,1
104.100000,7,12.613176,8.092576,19.708828,28.188228,12.613176,8.092576,1
104.600000,5,9.565019,5.044419,19.544635,28.024035,9.565019,5.044419,1
104.600000,6,9.715746,5.195146,19.544635,28.024035,9.715746,5.195146,1
104.600000,7,12.368482,7.847882,19.544635,28.024035,12.368482,7.847882,1
105.100000,5,13.713182,9.192582,15.873190,24.352590,13.713182,9.192582,1
105.100000,6,10.418521,5.897921,15.873190,24.352590,10.418521,5.897921,1
105.100000,7,13.139392,8.618792,15.873190,24.352590,13.139392,8.618792,1
105.600000,5,15.690186,11.169586,15.138146,23.617546,15.138146,11.169586,1
105.600000,6,13.258342,8.737742,15.138146,23.617546,13.258342,8.737742,1
105.600000,7,12.813083,8.292483,15.138146,23.617546,12.813083,8.292483,1
106.100000,5,12.772994,8.252394,19.763333,28.242733,12.772994,8.252394,1
106.100000,6,15.698205,11.177605,19.763333,28.242733,15.698205,11.177605,1
106.100000,7,8.806036,4.285436,19.763333,28.242733,8.806036,4.285436,1
106.600000,5,13.156818,8.636219,17.820506,26.299906,13.156818,8.636219,1
106.600000,6,10.813289,6.292689,17.820506,26.299906,10.813289,6.292689,1
106.600000,7,12.557578,8.036978,17.820506,26.299906,12.557578,8.036978,1
107.100000,5,12.930723,8.410124,18.310243,26.789643,12.930723,8.410124,1
107.100000,6,11.837571,7.316972,18.310243,26.789643,11.837571,7.316972,1
107.100000,7,14.390892,9.870292,18.310243,26.789643,14.390892,9.870292,1
107.600000,5,11.061450,6.540850,17.529055,26.008455,11.061450,6.540850,1
107.600000,6,9.317564,4.796964,17.529055,26.008455,9.317564,4.796964,1
107.600000,7,13.573795,9.053195,17.529055,26.008455,13.573795,9.053195,1
108.100000,5,12.047168,7.526568,16.495489,24.974889,12.047168,7.526568,1
108.100000,6,13.041781,8.521181,16.495489,24.974889,13.041781,8.521181,1
108.100000,7,10.993598,6.472998,16.495489,24.974889,10.993598,6.472998,1
108.600000,5,12.485633,7.965033,17.126292,25.605692,12.485633,7.965033,1
108.600000,6,10.092551,5.571951,17.126292,25.605692,10.092551,5.571951,1
108.600000,7,11.382280,6.861680,17.126292,25.605692,11.382280,6.861680,1
109.100000,5,8.479181,3.958581,17.414073,25.893473,8.479181,3.958581,1
109.100000,6,13.837754,9.317154,17.414073,25.893473,13.837754,9.317154,1
109.100000,7,11.090282,6.569682,17.414073,25.893473,11.090282,6.569682,1
109.600000,5,8.018004,3.497404,20.675337,29.154737,8.018004,3.497404,1
109.600000,6,11.536616,7.016016,20.675337,29.154737,11.536616,7.016016,1
109.600000,7,13.036766,8.516166,20.675337,29.154737,13.036766,8.516166,1
110.100000,5,10.288839,5.768239,17.576723,26.056123,10.288839,5.768239,1
110.100000,6,13.165617,8.645017,17.576723,26.056123,13.165617,8.645017,1
110.100000,7,13.037079,8.516479,17.576723,26.056123,13.037079,8.516479,1
110.600000,5,13.263769,8.743169,18.263433,26.742833,13.263769,8.743169,1
110.600000,6,10.856212,6.335612,18.263433,26.742833,10.856212,6.335612,1
110.600000,7,12.051256,7.530656,18.263433,26.742833,12.051256,7.530656,1
111.100000,5,10.164416,5.643816,18.231146,26.710546,10.164416,5.643816,1
111.100000,6,14.440986,9.920386,18.231146,26.710546,14.440986,9.920386,1
111.100000,7,8.810551,4.289951,18.231146,26.710546,8.810551,4.289951,1
111.600000,5,13.054406,8.533806,15.131977,23.611377,13.054406,8.533806,1
111.600000,6,13.193376,8.672776,15.131977,23.611377,13.193376,8.672776,1
111.600000,7,11.810542,7.289942,15.131977,23.611377,11.810542,7.289942,1
112.100000,5,11.263433,6.742833,17.972927,26.452327,11.263433,6.742833,1
112.100000,6,14.538722,10.018122,17.972927,26.452327,14.538722,10.018122,1
112.100000,7,10.761989,6.241389,17.972927,26.452327,10.761989,6.241389,1
112.600000,5,11.813130,7.292530,19.677416,28.156816,11.813130,7.292530,1
112.600000,6,11.632339,7.111739,19.677416,28.156816,11.632339,7.111739,1
112.600000,7,11.414037,6.893438,19.677416,28.156816,11.414037,6.893438,1
113.100000,5,10.004388,5.483788,16.283222,24.762622,10.004388,5.483788,1
113.100000,6,11.171653,6.651053,16.283222,24.762622,11.171653,6.651053,1
113.100000,7,9.309408,4.788808,16.283222,24.762622,9.309408,4.788808,1
113.600000,5,11.230654,6.710054,17.557720,26.037120,11.230654,6.710054,1
113.600000,6,11.623305,7.102705,17.557720,26.037120,11.623305,7.102705,1
113.600000,7,11.110577,6.589977,17.557720,26.037120,11.110577,6.589977,1
114.100000,5,9.806885,5.286285,20.877894,29.357294,9.806885,5.286285,1
114.100000,6,15.029711,10.509111,20.877894,29.357294,15.029711,10.509111,1
114.100000,7,9.400770,4.880170,20.877894,29.357294,9.400770,4.880170,1
114.600000,5,10.448705,5.928105,16.912850,25.392250,10.448705,5.928105,1
114.600000,6,11.063925,6.543325,16.912850,25.392250,11.063925,6.543325,1
114.600000,7,10.782634,6.262034,16.912850,25.392250,10.782634,6.262034,1
115.100000,5,10.420111,5.899511,18.897997,27.377397,10.420111,5.899511,1
115.100000,6,12.139710,7.619110,18.897997,27.377397,12.139710,7.619110,1
115.100000,7,11.841843,7.321243,18.897997,27.377397,11.841843,7.321243,1
115.600000,5,11.670142,7.149542,17.426661,25.906061,11.670142,7.149542,1
115.600000,6,12.926791,8.406191,17.426661,25.906061,12.926791,8.406191,1
115.600000,7,12.872445,8.351845,17.426661,25.906061,12.872445,8.351845,1
116.100000,5,15.103895,10.583295,16.967338,25.446738,15.103895,10.583295,1
116.100000,6,12.663592,8.142992,16.967338,25.446738,12.663592,8.142992,1
116.100000,7,13.170743,8.650143,16.967338,25.446738,13.170743,8.650143,1
116.600000,5,10.819377,6.298778,17.712496,26.191896,10.819377,6.298778,1
116.600000,6,11.153274,6.632675,17.712496,26.191896,11.153274,6.632675,1
116.600000,7,10.255038,5.734438,17.712496,26.191896,10.255038,5.734438,1
117.100000,5,12.693333,8.172733,21.339607,29.819007,12.693333,8.172733,1
117.100000,6,10.474166,5.953566,21.339607,29.819007,10.474166,5.953566,1
117.100000,7,8.834663,4.314063,21.339607,29.819007,8.834663,4.314063,1
117.600000,5,10.212476,5.691876,19.530438,28.009838,10.212476,5.691876,1
117.600000,6,12.879862,8.359262,19.530438,28.009838,12.879862,8.359262,1
117.600000,7,12.053783,7.533183,19.530438,28.009838,12.053783,7.533183,1
118.100000,5,9.284377,4.763777,18.527850,27.007250,9.284377,4.763777,1
118.100000,6,13.728787,9.208187,18.527850,27.007250,13.728787,9.208187,1
118.100000,7,10.745459,6.224859,18.527850,27.007250,10.745459,6.224859,1
118.600000,5,9.834273,5.313673,16.409666,24.889066,9.834273,5.313673,1
118.600000,6,12.326197,7.805597,16.409666,24.889066,12.326197,7.805597,1
118.600000,7,13.905271,9.384671,16.409666,24.889066,13.905271,9.384671,1
119.100000,5,12.590592,8.069992,20.661555,29.140955,12.590592,8.069992,1
119.100000,6,13.303286,8.782686,20.661555,29.140955,13.303286,8.782686,1
119.100000,7,12.806691,8.286091,20.661555,29.140955,12.806691,8.286091,1
119.600000,5,12.942853,8.422253,18.637473,27.116873,12.942853,8.422253,1
119.600000,6,13.769210,9.248610,18.637473,27.116873,13.769210,9.248610,1
119.600000,7,11.311298,6.790698,18.637473,27.116873,11.311298,6.790698,1
