Time,UE,Dir,Delay,Jitter,Throughput,PDR
4,0,DL,0,0,0,0
4,0,UL,0,0,0,0
4,1,DL,0,0,0,0
4,1,UL,0,0,0,0
4,2,DL,0,0,0,0
4,2,UL,0,0,0,0
4,3,DL,0,0,0,0
4,3,UL,0,0,0,0
4,4,DL,0,0,0,0
4,4,UL,0,0,0,0
4,5,DL,0,0,0,0
4,5,UL,0,0,0,0
4,6,DL,0,0,0,0
4,6,UL,0,0,0,0
4,7,DL,0,0,0,0
4,7,UL,0,0,0,0
4,8,DL,0,0,0,0
4,8,UL,0,0,0,0
4,9,DL,0,0,0,0
4,9,UL,0,0,0,0
4,10,DL,0,0,0,0
4,10,UL,0,0,0,0
4,11,DL,0,0,0,0
4,11,UL,0,0,0,0
4,12,DL,0,0,0,0
4,12,UL,0,0,0,0
4,13,DL,0,0,0,0
4,13,UL,0,0,0,0
4,14,DL,0,0,0,0
4,14,UL,0,0,0,0
4,15,DL,0,0,0,0
4,15,UL,0,0,0,0
4,16,DL,0,0,0,0
4,16,UL,0,0,0,0
4,17,DL,0,0,0,0
4,17,UL,0,0,0,0
4,18,DL,0,0,0,0
4,18,UL,0,0,0,0
4,19,DL,0,0,0,0
4,19,UL,0,0,0,0
4,20,DL,0,0,0,0
4,20,UL,0,0,0,0
4,21,DL,0,0,0,0
4,21,UL,0,0,0,0
4,22,DL,0,0,0,0
4,22,UL,0,0,0,0
4,23,DL,0,0,0,0
4,23,UL,0,0,0,0
4,24,DL,0,0,0,0
4,24,UL,0,0,0,0
4,25,DL,0,0,0,0
4,25,UL,0,0,0,0
4,26,DL,0,0,0,0
4,26,UL,0,0,0,0
4,27,DL,0,0,0,0
4,27,UL,0,0,0,0
4,28,DL,0,0,0,0
4,28,UL,0,0,0,0
4,29,DL,0,0,0,0
4,29,UL,0,0,0,0
4,30,DL,0,0,0,0
4,30,UL,0,0,0,0
4,31,DL,0,0,0,0
4,31,UL,0,0,0,0
4,32,DL,0,0,0,0
4,32,UL,0,0,0,0
4,33,DL,0,0,0,0
4,33,UL,0,0,0,0
4,34,DL,0,0,0,0
4,34,UL,0,0,0,0
4,35,DL,0,0,0,0
4,35,UL,0,0,0,0
4,36,DL,0,0,0,0
4,36,UL,0,0,0,0
4,37,DL,0,0,0,0
4,37,UL,0,0,0,0
4,38,DL,0,0,0,0
4,38,UL,0,0,0,0
4,39,DL,0,0,0,0
4,39,UL,0,0,0,0
4,40,DL,0,0,0,0
4,40,UL,0,0,0,0
4,41,DL,0,0,0,0
4,41,UL,0,0,0,0
4,42,DL,0,0,0,0
4,42,UL,0,0,0,0
4,43,DL,0,0,0,0
4,43,UL,0,0,0,0
4,44,DL,0,0,0,0
4,44,UL,0,0,0,0
4,45,DL,0,0,0,0
4,45,UL,0,0,0,0
4,46,DL,0,0,0,0
4,46,UL,0,0,0,0
4,47,DL,0,0,0,0
4,47,UL,0,0,0,0
4,48,DL,0,0,0,0
4,48,UL,0,0,0,0
4,49,DL,0,0,0,0
4,49,UL,0,0,0,0
4,50,DL,0,0,0,0
4,50,UL,0,0,0,0
4,51,DL,0,0,0,0
4,51,UL,0,0,0,0
4,52,DL,0,0,0,0
4,52,UL,0,0,0,0
4,53,DL,0,0,0,0
4,53,UL,0,0,0,0
4,54,DL,0,0,0,0
4,54,UL,0,0,0,0
4,55,DL,0,0,0,0
4,55,UL,0,0,0,0
4,56,DL,0,0,0,0
4,56,UL,0,0,0,0
4,57,DL,0,0,0,0
4,57,UL,0,0,0,0
4,58,DL,0,0,0,0
4,58,UL,0,0,0,0
4,59,DL,0,0,0,0
4,59,UL,0,0,0,0
6,0,DL,0.1151,0.03,0.015686,8
6,0,UL,0,0,0,0
6,1,DL,0.184806,0.0578824,0.0666656,34
6,1,UL,0,0,0,0
6,2,DL,0.02602,0.02254,0.196075,100
6,2,UL,0.0780304,0,0.00392151,10
6,3,DL,0,0,0,0
6,3,UL,0,0,0,0
6,4,DL,0.0346,0.0105,0.00784302,4
6,4,UL,0,0,0,0
6,5,DL,0.00643332,0.00233333,0.0117645,6
6,5,UL,0,0,0,0
6,6,DL,0.2921,0.0506667,0.0588226,30
6,6,UL,0,0,0,0
6,7,DL,0.145392,0.0489167,0.0941162,48
6,7,UL,0,0,0,0
6,8,DL,0,0,0,0
6,8,UL,0,0,0,0
6,9,DL,0.00809999,0.003,0.00784302,4
6,9,UL,0,0,0,0
6,10,DL,0.0661,0.041,0.00784302,4
6,10,UL,0,0,0,0
6,11,DL,0.2321,0.161545,0.0431366,22
6,11,UL,0,0,0,0
6,12,DL,0.0266,0.0045,0.00784302,4
6,12,UL,0,0,0,0
6,13,DL,0.1501,0.0481667,0.0705872,36
6,13,UL,0,0,0,0
6,14,DL,0,0,0,0
6,14,UL,0,0,0,0
6,15,DL,0.3811,0,0.00392151,2
6,15,UL,0,0,0,0
6,16,DL,1.4451,0,0.00392151,2
6,16,UL,0,0,0,0
6,17,DL,0.182177,0.0442308,0.0509796,26
6,17,UL,0,0,0,0
6,18,DL,0.0411,0.01,0.0117645,6
6,18,UL,0,0,0,0
6,19,DL,0.1749,0.0858,0.0196075,10
6,19,UL,0,0,0,0
6,20,DL,0.7971,0.0266667,0.0117645,6
6,20,UL,0,0,0,0
6,21,DL,0.0511,0.0286333,0.117645,60
6,21,UL,0,0,0,0
6,22,DL,0.0141,0.01,0.00784302,4
6,22,UL,0,0,0,0
6,23,DL,0.32985,0.02875,0.015686,8
6,23,UL,0,0,0,0
6,24,DL,0.0967896,0.0443103,0.113724,58
6,24,UL,0,0,0,0
6,25,DL,0,0,0,0
6,25,UL,0,0,0,0
6,26,DL,0,0,0,0
6,26,UL,0,0,0,0
6,27,DL,0.0271,0.005,0.00784302,4
6,27,UL,0,0,0,0
6,28,DL,0.0291,0.0188571,0.0274506,14
6,28,UL,0,0,0,0
6,29,DL,0,0,0,0
6,29,UL,0,0,0,0
6,30,DL,0.0197667,0.009,0.0117645,6
6,30,UL,0,0,0,0
6,31,DL,0,0,0,0
6,31,UL,0,0,0,0
6,32,DL,0.0466,0.0195,0.00784302,4
6,32,UL,0.0280304,0,0.00392151,10
6,33,DL,0,0,0,0
6,33,UL,0,0,0,0
6,34,DL,0.095,0.04205,0.0784302,40
6,34,UL,0,0,0,0
6,35,DL,0.433029,0.0842143,0.0549011,28
6,35,UL,0.0680304,0,0.00392151,10
6,36,DL,0.00643332,0.00233333,0.0117645,6
6,36,UL,0,0,0,0
6,37,DL,0.0259,0.0004,0.0196075,10
6,37,UL,0,0,0,0
6,38,DL,0.0853381,0.0433095,0.164703,84
6,38,UL,0,0,0,0
6,39,DL,0,0,0,0
6,39,UL,0,0,0,0
6,40,DL,0.0826937,0.0354375,0.125488,64
6,40,UL,0,0,0,0
6,41,DL,0,0,0,0
6,41,UL,0,0,0,0
6,42,DL,0.0171555,0.0181111,0.0705872,36
6,42,UL,0,0,0,0
6,43,DL,0.136814,0.0869286,0.0549011,28
6,43,UL,0,0,0,0
6,44,DL,0.0321,0,0.00392151,2
6,44,UL,0,0,0,0
6,45,DL,0,0,0,0
6,45,UL,0,0,0,0
6,46,DL,0.832077,0.0526512,0.168625,86
6,46,UL,0,0,0,0
6,47,DL,0.02508,0.02418,0.196075,100
6,47,UL,0,0,0,0
6,48,DL,0.03175,0.0235,0.0784302,40
6,48,UL,0,0,0,0
6,49,DL,0.284957,0.0905714,0.0274506,14
6,49,UL,0,0,0,0
6,50,DL,0.104939,0.0425806,0.121567,62
6,50,UL,0,0,0,0
6,51,DL,0.0431,0.02,0.00784302,4
6,51,UL,0,0,0,0
6,52,DL,0.0441,0.02,0.00784302,4
6,52,UL,0,0,0,0
6,53,DL,0.0136714,0.013,0.109802,56
6,53,UL,0,0,0,0
6,54,DL,0.0181625,0.019625,0.0627441,32
6,54,UL,0,0,0,0
6,55,DL,0,0,0,0
6,55,UL,0,0,0,0
6,56,DL,0,0,0,0
6,56,UL,0,0,0,0
6,57,DL,0.0581,0.0444286,0.0274506,14
6,57,UL,0,0,0,0
6,58,DL,0.00643332,0.00233333,0.0117645,6
6,58,UL,0.0279589,0,0.00392151,10
6,59,DL,0.4599,0.0778,0.0784302,40
6,59,UL,0,0,0,0
8,0,DL,0,0,0,0
8,0,UL,0,0,0,0
8,1,DL,0,0,0,0
8,1,UL,0,0,0,0
8,2,DL,0.180536,0.0723333,0.152939,78
8,2,UL,0,0,0,0
8,3,DL,0,0,0,0
8,3,UL,0,0,0,0
8,4,DL,0,0,0,0
8,4,UL,0,0,0,0
8,5,DL,0,0,0,0
8,5,UL,0,0,0,0
8,6,DL,0,0,0,0
8,6,UL,0,0,0,0
8,7,DL,0,0,0,0
8,7,UL,0,0,0,0
8,8,DL,0,0,0,0
8,8,UL,0,0,0,0
8,9,DL,0,0,0,0
8,9,UL,0,0,0,0
8,10,DL,0,0,0,0
8,10,UL,0,0,0,0
8,11,DL,0.659071,0.0756,0.137253,70
8,11,UL,0,0,0,0
8,12,DL,0,0,0,0
8,12,UL,0,0,0,0
8,13,DL,0,0,0,0
8,13,UL,0,0,0,0
8,14,DL,0,0,0,0
8,14,UL,0,0,0,0
8,15,DL,0,0,0,0
8,15,UL,0,0,0,0
8,16,DL,0,0,0,0
8,16,UL,0,0,0,0
8,17,DL,0,0,0,0
8,17,UL,0,0,0,0
8,18,DL,0,0,0,0
8,18,UL,0,0,0,0
8,19,DL,0,0,0,0
8,19,UL,0,0,0,0
8,20,DL,0,0,0,0
8,20,UL,0,0,0,0
8,21,DL,0.512586,0.139914,0.137253,70
8,21,UL,0,0,0,0
8,22,DL,0,0,0,0
8,22,UL,0,0,0,0
8,23,DL,0,0,0,0
8,23,UL,0,0,0,0
8,24,DL,0,0,0,0
8,24,UL,0,0,0,0
8,25,DL,0,0,0,0
8,25,UL,0,0,0,0
8,26,DL,0,0,0,0
8,26,UL,0,0,0,0
8,27,DL,0,0,0,0
8,27,UL,0,0,0,0
8,28,DL,0,0,0,0
8,28,UL,0,0,0,0
8,29,DL,0,0,0,0
8,29,UL,0,0,0,0
8,30,DL,0,0,0,0
8,30,UL,0,0,0,0
8,31,DL,0,0,0,0
8,31,UL,0,0,0,0
8,32,DL,0,0,0,0
8,32,UL,0,0,0,0
8,33,DL,0,0,0,0
8,33,UL,0,0,0,0
8,34,DL,0,0,0,0
8,34,UL,0,0,0,0
8,35,DL,0,0,0,0
8,35,UL,0,0,0,0
8,36,DL,0,0,0,0
8,36,UL,0,0,0,0
8,37,DL,0,0,0,0
8,37,UL,0,0,0,0
8,38,DL,0.151517,0.0554583,0.0941162,48
8,38,UL,0,0,0,0
8,39,DL,0,0,0,0
8,39,UL,0,0,0,0
8,40,DL,0,0,0,0
8,40,UL,0,0,0,0
8,41,DL,0,0,0,0
8,41,UL,0,0,0,0
8,42,DL,0,0,0,0
8,42,UL,0,0,0,0
8,43,DL,0,0,0,0
8,43,UL,0,0,0,0
8,44,DL,0,0,0,0
8,44,UL,0,0,0,0
8,45,DL,0,0,0,0
8,45,UL,0,0,0,0
8,46,DL,0,0,0,0
8,46,UL,0,0,0,0
8,47,DL,0.0615,0.05512,0.0980377,50
8,47,UL,0,0,0,0
8,48,DL,0,0,0,0
8,48,UL,0,0,0,0
8,49,DL,0,0,0,0
8,49,UL,0,0,0,0
8,50,DL,0,0,0,0
8,50,UL,0,0,0,0
8,51,DL,0,0,0,0
8,51,UL,0,0,0,0
8,52,DL,0,0,0,0
8,52,UL,0,0,0,0
8,53,DL,0,0,0,0
8,53,UL,0,0,0,0
8,54,DL,0,0,0,0
8,54,UL,0,0,0,0
8,55,DL,0,0,0,0
8,55,UL,0,0,0,0
8,56,DL,0,0,0,0
8,56,UL,0,0,0,0
8,57,DL,0,0,0,0
8,57,UL,0,0,0,0
8,58,DL,0,0,0,0
8,58,UL,0,0,0,0
8,59,DL,0,0,0,0
8,59,UL,0,0,0,0
10,0,DL,0,0,0,0
10,0,UL,0,0,0,0
10,1,DL,0,0,0,0
10,1,UL,0,0,0,0
10,2,DL,0.19881,0.0770645,0.121567,62
10,2,UL,0,0,0,0
10,3,DL,0.231957,0.0388667,0.0588226,30
10,3,UL,0,0,0,0
10,4,DL,0,0,0,0
10,4,UL,0,0,0,0
10,5,DL,0,0,0,0
10,5,UL,0,0,0,0
10,6,DL,0,0,0,0
10,6,UL,0,0,0,0
10,7,DL,0,0,0,0
10,7,UL,0,0,0,0
10,8,DL,0.2319,0.0396,0.0392151,20
10,8,UL,0,0,0,0
10,9,DL,0,0,0,0
10,9,UL,0,0,0,0
10,10,DL,0,0,0,0
10,10,UL,0,0,0,0
10,11,DL,0,0,0,0
10,11,UL,0,0,0,0
10,12,DL,0,0,0,0
10,12,UL,0,0,0,0
10,13,DL,0,0,0,0
10,13,UL,0,0,0,0
10,14,DL,0,0,0,0
10,14,UL,0,0,0,0
10,15,DL,0,0,0,0
10,15,UL,0,0,0,0
10,16,DL,0,0,0,0
10,16,UL,0,0,0,0
10,17,DL,0,0,0,0
10,17,UL,0,0,0,0
10,18,DL,0,0,0,0
10,18,UL,0,0,0,0
10,19,DL,0,0,0,0
10,19,UL,0,0,0,0
10,20,DL,0,0,0,0
10,20,UL,0,0,0,0
10,21,DL,0.163792,0.0684615,0.152939,78
10,21,UL,0,0,0,0
10,22,DL,0,0,0,0
10,22,UL,0,0,0,0
10,23,DL,0,0,0,0
10,23,UL,0,0,0,0
10,24,DL,0,0,0,0
10,24,UL,0,0,0,0
10,25,DL,0,0,0,0
10,25,UL,0,0,0,0
10,26,DL,0,0,0,0
10,26,UL,0,0,0,0
10,27,DL,0,0,0,0
10,27,UL,0,0,0,0
10,28,DL,0,0,0,0
10,28,UL,0,0,0,0
10,29,DL,0,0,0,0
10,29,UL,0,0,0,0
10,30,DL,0,0,0,0
10,30,UL,0,0,0,0
10,31,DL,0,0,0,0
10,31,UL,0,0,0,0
10,32,DL,0,0,0,0
10,32,UL,0,0,0,0
10,33,DL,0,0,0,0
10,33,UL,0,0,0,0
10,34,DL,0,0,0,0
10,34,UL,0,0,0,0
10,35,DL,0,0,0,0
10,35,UL,0,0,0,0
10,36,DL,0,0,0,0
10,36,UL,0,0,0,0
10,37,DL,0,0,0,0
10,37,UL,0,0,0,0
10,38,DL,0,0,0,0
10,38,UL,0,0,0,0
10,39,DL,0,0,0,0
10,39,UL,0,0,0,0
10,40,DL,0,0,0,0
10,40,UL,0,0,0,0
10,41,DL,0.0265167,0.0215,0.0470581,24
10,41,UL,0,0,0,0
10,42,DL,0,0,0,0
10,42,UL,0,0,0,0
10,43,DL,0,0,0,0
10,43,UL,0,0,0,0
10,44,DL,0.0201,0.0135,0.00784302,4
10,44,UL,0,0,0,0
10,45,DL,0.880457,0.02,0.00784302,4
10,45,UL,0,0,0,0
10,46,DL,0,0,0,0
10,46,UL,0,0,0,0
10,47,DL,0.56981,0.135484,0.121567,62
10,47,UL,0,0,0,0
10,48,DL,0,0,0,0
10,48,UL,0,0,0,0
10,49,DL,0,0,0,0
10,49,UL,0,0,0,0
10,50,DL,0,0,0,0
10,50,UL,0,0,0,0
10,51,DL,0,0,0,0
10,51,UL,0,0,0,0
10,52,DL,0,0,0,0
10,52,UL,0,0,0,0
10,53,DL,0,0,0,0
10,53,UL,0,0,0,0
10,54,DL,0,0,0,0
10,54,UL,0,0,0,0
10,55,DL,0,0,0,0
10,55,UL,0,0,0,0
10,56,DL,0,0,0,0
10,56,UL,0,0,0,0
10,57,DL,0,0,0,0
10,57,UL,0,0,0,0
10,58,DL,0,0,0,0
10,58,UL,0,0,0,0
10,59,DL,0,0,0,0
10,59,UL,0,0,0,0
12,0,DL,0,0,0,0
12,0,UL,0,0,0,0
12,1,DL,0,0,0,0
12,1,UL,0,0,0,0
12,2,DL,0,0,0,0
12,2,UL,0,0,0,0
12,3,DL,0,0,0,0
12,3,UL,0,0,0,0
12,4,DL,0,0,0,0
12,4,UL,0,0,0,0
12,5,DL,0,0,0,0
12,5,UL,0,0,0,0
12,6,DL,0,0,0,0
12,6,UL,0,0,0,0
12,7,DL,0.0434333,0.0481111,0.0352936,18
12,7,UL,0,0,0,0
12,8,DL,0,0,0,0
12,8,UL,0,0,0,0
12,9,DL,0,0,0,0
12,9,UL,0,0,0,0
12,10,DL,0,0,0,0
12,10,UL,0,0,0,0
12,11,DL,0,0,0,0
12,11,UL,0,0,0,0
12,12,DL,0,0,0,0
12,12,UL,0,0,0,0
12,13,DL,0,0,0,0
12,13,UL,0,0,0,0
12,14,DL,0,0,0,0
12,14,UL,0,0,0,0
12,15,DL,0,0,0,0
12,15,UL,0,0,0,0
12,16,DL,0,0,0,0
12,16,UL,0,0,0,0
12,17,DL,0,0,0,0
12,17,UL,0,0,0,0
12,18,DL,0,0,0,0
12,18,UL,0,0,0,0
12,19,DL,0,0,0,0
12,19,UL,0,0,0,0
12,20,DL,0,0,0,0
12,20,UL,0,0,0,0
12,21,DL,0,0,0,0
12,21,UL,0,0,0,0
12,22,DL,0,0,0,0
12,22,UL,0,0,0,0
12,23,DL,0,0,0,0
12,23,UL,0,0,0,0
12,24,DL,0,0,0,0
12,24,UL,0,0,0,0
12,25,DL,0,0,0,0
12,25,UL,0,0,0,0
12,26,DL,0.0236,0.01,0.015686,8
12,26,UL,0,0,0,0
12,27,DL,0,0,0,0
12,27,UL,0,0,0,0
12,28,DL,0,0,0,0
12,28,UL,0,0,0,0
12,29,DL,0,0,0,0
12,29,UL,0,0,0,0
12,30,DL,0,0,0,0
12,30,UL,0,0,0,0
12,31,DL,0,0,0,0
12,31,UL,0,0,0,0
12,32,DL,0,0,0,0
12,32,UL,0,0,0,0
12,33,DL,0,0,0,0
12,33,UL,0,0,0,0
12,34,DL,0,0,0,0
12,34,UL,0,0,0,0
12,35,DL,0,0,0,0
12,35,UL,0,0,0,0
12,36,DL,0,0,0,0
12,36,UL,0,0,0,0
12,37,DL,0,0,0,0
12,37,UL,0,0,0,0
12,38,DL,0,0,0,0
12,38,UL,0,0,0,0
12,39,DL,0,0,0,0
12,39,UL,0,0,0,0
12,40,DL,0,0,0,0
12,40,UL,0,0,0,0
12,41,DL,0,0,0,0
12,41,UL,0,0,0,0
12,42,DL,0,0,0,0
12,42,UL,0,0,0,0
12,43,DL,0,0,0,0
12,43,UL,0,0,0,0
12,44,DL,0,0,0,0
12,44,UL,0,0,0,0
12,45,DL,0,0,0,0
12,45,UL,0,0,0,0
12,46,DL,0,0,0,0
12,46,UL,0,0,0,0
12,47,DL,0,0,0,0
12,47,UL,0,0,0,0
12,48,DL,0,0,0,0
12,48,UL,0,0,0,0
12,49,DL,0,0,0,0
12,49,UL,0,0,0,0
12,50,DL,0,0,0,0
12,50,UL,0,0,0,0
12,51,DL,0,0,0,0
12,51,UL,0,0,0,0
12,52,DL,0,0,0,0
12,52,UL,0,0,0,0
12,53,DL,0,0,0,0
12,53,UL,0,0,0,0
12,54,DL,0,0,0,0
12,54,UL,0,0,0,0
12,55,DL,0,0,0,0
12,55,UL,0,0,0,0
12,56,DL,0,0,0,0
12,56,UL,0,0,0,0
12,57,DL,0,0,0,0
12,57,UL,0,0,0,0
12,58,DL,0,0,0,0
12,58,UL,0,0,0,0
12,59,DL,0,0,0,0
12,59,UL,0,0,0,0
14,0,DL,0,0,0,0
14,0,UL,0,0,0,0
14,1,DL,0,0,0,0
14,1,UL,0,0,0,0
14,2,DL,0,0,0,0
14,2,UL,0,0,0,0
14,3,DL,0,0,0,0
14,3,UL,0,0,0,0
14,4,DL,0,0,0,0
14,4,UL,0,0,0,0
14,5,DL,0,0,0,0
14,5,UL,0,0,0,0
14,6,DL,0.0655,0.0495,0.0784302,40
14,6,UL,0,0,0,0
14,7,DL,0,0,0,0
14,7,UL,0,0,0,0
14,8,DL,0,0,0,0
14,8,UL,0,0,0,0
14,9,DL,0,0,0,0
14,9,UL,0,0,0,0
14,10,DL,0,0,0,0
14,10,UL,0,0,0,0
14,11,DL,0,0,0,0
14,11,UL,0,0,0,0
14,12,DL,0,0,0,0
14,12,UL,0,0,0,0
14,13,DL,0,0,0,0
14,13,UL,0,0,0,0
14,14,DL,0,0,0,0
14,14,UL,0,0,0,0
14,15,DL,0,0,0,0
14,15,UL,0,0,0,0
14,16,DL,0,0,0,0
14,16,UL,0,0,0,0
14,17,DL,0,0,0,0
14,17,UL,0,0,0,0
14,18,DL,0,0,0,0
14,18,UL,0,0,0,0
14,19,DL,0,0,0,0
14,19,UL,0,0,0,0
14,20,DL,0,0,0,0
14,20,UL,0,0,0,0
14,21,DL,0,0,0,0
14,21,UL,0,0,0,0
14,22,DL,0,0,0,0
14,22,UL,0,0,0,0
14,23,DL,0,0,0,0
14,23,UL,0,0,0,0
14,24,DL,0,0,0,0
14,24,UL,0,0,0,0
14,25,DL,0,0,0,0
14,25,UL,0,0,0,0
14,26,DL,0,0,0,0
14,26,UL,0,0,0,0
14,27,DL,0,0,0,0
14,27,UL,0,0,0,0
14,28,DL,0,0,0,0
14,28,UL,0,0,0,0
14,29,DL,0,0,0,0
14,29,UL,0,0,0,0
14,30,DL,0,0,0,0
14,30,UL,0,0,0,0
14,31,DL,0,0,0,0
14,31,UL,0,0,0,0
14,32,DL,0,0,0,0
14,32,UL,0,0,0,0
14,33,DL,0,0,0,0
14,33,UL,0,0,0,0
14,34,DL,0,0,0,0
14,34,UL,0,0,0,0
14,35,DL,0,0,0,0
14,35,UL,0,0,0,0
14,36,DL,0.0918928,0.050769,0.117645,60
14,36,UL,0,0,0,0
14,37,DL,0,0,0,0
14,37,UL,0,0,0,0
14,38,DL,0,0,0,0
14,38,UL,0,0,0,0
14,39,DL,0.127121,0.0506071,0.0392151,20
14,39,UL,0,0,0,0
14,40,DL,0,0,0,0
14,40,UL,0,0,0,0
14,41,DL,0,0,0,0
14,41,UL,0,0,0,0
14,42,DL,0,0,0,0
14,42,UL,0,0,0,0
14,43,DL,0,0,0,0
14,43,UL,0,0,0,0
14,44,DL,0,0,0,0
14,44,UL,0,0,0,0
14,45,DL,0,0,0,0
14,45,UL,0,0,0,0
14,46,DL,0,0,0,0
14,46,UL,0,0,0,0
14,47,DL,0,0,0,0
14,47,UL,0,0,0,0
14,48,DL,0,0,0,0
14,48,UL,0,0,0,0
14,49,DL,0,0,0,0
14,49,UL,0,0,0,0
14,50,DL,0,0,0,0
14,50,UL,0,0,0,0
14,51,DL,0.0298187,0.0306562,0.125488,64
14,51,UL,0,0,0,0
14,52,DL,0,0,0,0
14,52,UL,0,0,0,0
14,53,DL,0,0,0,0
14,53,UL,0,0,0,0
14,54,DL,0,0,0,0
14,54,UL,0,0,0,0
14,55,DL,0,0,0,0
14,55,UL,0,0,0,0
14,56,DL,0,0,0,0
14,56,UL,0,0,0,0
14,57,DL,0,0,0,0
14,57,UL,0,0,0,0
14,58,DL,0,0,0,0
14,58,UL,0,0,0,0
14,59,DL,0,0,0,0
14,59,UL,0,0,0,0
16,0,DL,0,0,0,0
16,0,UL,0,0,0,0
16,1,DL,0,0,0,0
16,1,UL,0,0,0,0
16,2,DL,0,0,0,0
16,2,UL,0,0,0,0
16,3,DL,0,0,0,0
16,3,UL,0,0,0,0
16,4,DL,0,0,0,0
16,4,UL,0,0,0,0
16,5,DL,0,0,0,0
16,5,UL,0,0,0,0
16,6,DL,0,0,0,0
16,6,UL,0,0,0,0
16,7,DL,0,0,0,0
16,7,UL,0,0,0,0
16,8,DL,0,0,0,0
16,8,UL,0,0,0,0
16,9,DL,0,0,0,0
16,9,UL,0,0,0,0
16,10,DL,0,0,0,0
16,10,UL,0,0,0,0
16,11,DL,0,0,0,0
16,11,UL,0,0,0,0
16,12,DL,0,0,0,0
16,12,UL,0,0,0,0
16,13,DL,0,0,0,0
16,13,UL,0,0,0,0
16,14,DL,0,0,0,0
16,14,UL,0,0,0,0
16,15,DL,0,0,0,0
16,15,UL,0,0,0,0
16,16,DL,0,0,0,0
16,16,UL,0,0,0,0
16,17,DL,0,0,0,0
16,17,UL,0,0,0,0
16,18,DL,0,0,0,0
16,18,UL,0,0,0,0
16,19,DL,0,0,0,0
16,19,UL,0,0,0,0
16,20,DL,0.0208407,0.0512275,0.105881,54
16,20,UL,0,0,0,0
16,21,DL,0,0,0,0
16,21,UL,0,0,0,0
16,22,DL,0,0,0,0
16,22,UL,0,0,0,0
16,23,DL,0,0,0,0
16,23,UL,0,0,0,0
16,24,DL,0,0,0,0
16,24,UL,0,0,0,0
16,25,DL,0,0,0,0
16,25,UL,0,0,0,0
16,26,DL,0,0,0,0
16,26,UL,0,0,0,0
16,27,DL,0,0,0,0
16,27,UL,0,0,0,0
16,28,DL,0,0,0,0
16,28,UL,0,0,0,0
16,29,DL,0,0,0,0
16,29,UL,0,0,0,0
16,30,DL,0,0,0,0
16,30,UL,0,0,0,0
16,31,DL,0,0,0,0
16,31,UL,0,0,0,0
16,32,DL,0,0,0,0
16,32,UL,0,0,0,0
16,33,DL,0,0,0,0
16,33,UL,0,0,0,0
16,34,DL,0,0,0,0
16,34,UL,0,0,0,0
16,35,DL,0,0,0,0
16,35,UL,0,0,0,0
16,36,DL,0.256675,0.0914158,0.152939,78
16,36,UL,0,0,0,0
16,37,DL,0,0,0,0
16,37,UL,0,0,0,0
16,38,DL,0,0,0,0
16,38,UL,0,0,0,0
16,39,DL,0,0,0,0
16,39,UL,0,0,0,0
16,40,DL,0,0,0,0
16,40,UL,0,0,0,0
16,41,DL,0,0,0,0
16,41,UL,0,0,0,0
16,42,DL,0,0,0,0
16,42,UL,0,0,0,0
16,43,DL,0,0,0,0
16,43,UL,0,0,0,0
16,44,DL,0,0,0,0
16,44,UL,0,0,0,0
16,45,DL,0,0,0,0
16,45,UL,0,0,0,0
16,46,DL,0,0,0,0
16,46,UL,0,0,0,0
16,47,DL,0,0,0,0
16,47,UL,0,0,0,0
16,48,DL,0,0,0,0
16,48,UL,0,0,0,0
16,49,DL,0,0,0,0
16,49,UL,0,0,0,0
16,50,DL,0,0,0,0
16,50,UL,0,0,0,0
16,51,DL,0.179516,0.0631597,0.133331,68
16,51,UL,0,0,0,0
16,52,DL,0,0,0,0
16,52,UL,0,0,0,0
16,53,DL,0,0,0,0
16,53,UL,0,0,0,0
16,54,DL,0,0,0,0
16,54,UL,0,0,0,0
16,55,DL,0,0,0,0
16,55,UL,0,0,0,0
16,56,DL,0,0,0,0
16,56,UL,0,0,0,0
16,57,DL,0,0,0,0
16,57,UL,0,0,0,0
16,58,DL,0,0,0,0
16,58,UL,0,0,0,0
16,59,DL,0,0,0,0
16,59,UL,0,0,0,0
18,0,DL,0,0,0,0
18,0,UL,0,0,0,0
18,1,DL,0,0,0,0
18,1,UL,0,0,0,0
18,2,DL,0,0,0,0
18,2,UL,0,0,0,0
18,3,DL,0,0,0,0
18,3,UL,0,0,0,0
18,4,DL,0,0,0,0
18,4,UL,0,0,0,0
18,5,DL,0,0,0,0
18,5,UL,0,0,0,0
18,6,DL,0.0694048,0.046019,0.0588226,30
18,6,UL,0,0,0,0
18,7,DL,0,0,0,0
18,7,UL,0,0,0,0
18,8,DL,0,0,0,0
18,8,UL,0,0,0,0
18,9,DL,0,0,0,0
18,9,UL,0,0,0,0
18,10,DL,0,0,0,0
18,10,UL,0,0,0,0
18,11,DL,0,0,0,0
18,11,UL,0,0,0,0
18,12,DL,0,0,0,0
18,12,UL,0,0,0,0
18,13,DL,0.196961,0.0563939,0.12941,66
18,13,UL,0,0,0,0
18,14,DL,0,0,0,0
18,14,UL,0,0,0,0
18,15,DL,0,0,0,0
18,15,UL,0,0,0,0
18,16,DL,0,0,0,0
18,16,UL,0,0,0,0
18,17,DL,0,0,0,0
18,17,UL,0,0,0,0
18,18,DL,0,0,0,0
18,18,UL,0,0,0,0
18,19,DL,0,0,0,0
18,19,UL,0,0,0,0
18,20,DL,0,0,0,0
18,20,UL,0,0,0,0
18,21,DL,0,0,0,0
18,21,UL,0,0,0,0
18,22,DL,0,0,0,0
18,22,UL,0,0,0,0
18,23,DL,0,0,0,0
18,23,UL,0,0,0,0
18,24,DL,0,0,0,0
18,24,UL,0,0,0,0
18,25,DL,0,0,0,0
18,25,UL,0,0,0,0
18,26,DL,0.151485,0.0549231,0.0509796,26
18,26,UL,0,0,0,0
18,27,DL,0,0,0,0
18,27,UL,0,0,0,0
18,28,DL,0,0,0,0
18,28,UL,0,0,0,0
18,29,DL,0,0,0,0
18,29,UL,0,0,0,0
18,30,DL,0,0,0,0
18,30,UL,0,0,0,0
18,31,DL,0,0,0,0
18,31,UL,0,0,0,0
18,32,DL,0,0,0,0
18,32,UL,0,0,0,0
18,33,DL,0,0,0,0
18,33,UL,0,0,0,0
18,34,DL,0,0,0,0
18,34,UL,0,0,0,0
18,35,DL,0,0,0,0
18,35,UL,0,0,0,0
18,36,DL,0.549408,0.137699,0.0745087,38
18,36,UL,0,0,0,0
18,37,DL,0,0,0,0
18,37,UL,0,0,0,0
18,38,DL,0,0,0,0
18,38,UL,0,0,0,0
18,39,DL,0,0,0,0
18,39,UL,0,0,0,0
18,40,DL,0,0,0,0
18,40,UL,0,0,0,0
18,41,DL,0,0,0,0
18,41,UL,0,0,0,0
18,42,DL,0,0,0,0
18,42,UL,0,0,0,0
18,43,DL,0,0,0,0
18,43,UL,0,0,0,0
18,44,DL,0,0,0,0
18,44,UL,0,0,0,0
18,45,DL,0,0,0,0
18,45,UL,0,0,0,0
18,46,DL,0,0,0,0
18,46,UL,0,0,0,0
18,47,DL,0,0,0,0
18,47,UL,0,0,0,0
18,48,DL,0,0,0,0
18,48,UL,0,0,0,0
18,49,DL,0,0,0,0
18,49,UL,0,0,0,0
18,50,DL,0.0791555,0.0417222,0.0705872,36
18,50,UL,0,0,0,0
18,51,DL,0,0,0,0
18,51,UL,0,0,0,0
18,52,DL,0,0,0,0
18,52,UL,0,0,0,0
18,53,DL,0,0,0,0
18,53,UL,0,0,0,0
18,54,DL,0,0,0,0
18,54,UL,0,0,0,0
18,55,DL,0,0,0,0
18,55,UL,0,0,0,0
18,56,DL,0,0,0,0
18,56,UL,0,0,0,0
18,57,DL,0,0,0,0
18,57,UL,0,0,0,0
18,58,DL,0,0,0,0
18,58,UL,0,0,0,0
18,59,DL,0,0,0,0
18,59,UL,0,0,0,0
20,0,DL,0,0,0,0
20,0,UL,0,0,0,0
20,1,DL,0,0,0,0
20,1,UL,0,0,0,0
20,2,DL,0,0,0,0
20,2,UL,0,0,0,0
20,3,DL,0,0,0,0
20,3,UL,0,0,0,0
20,4,DL,0,0,0,0
20,4,UL,0,0,0,0
20,5,DL,0,0,0,0
20,5,UL,0,0,0,0
20,6,DL,0,0,0,0
20,6,UL,0,0,0,0
20,7,DL,0,0,0,0
20,7,UL,0,0,0,0
20,8,DL,0,0,0,0
20,8,UL,0,0,0,0
20,9,DL,0,0,0,0
20,9,UL,0,0,0,0
20,10,DL,0,0,0,0
20,10,UL,0,0,0,0
20,11,DL,0,0,0,0
20,11,UL,0,0,0,0
20,12,DL,0,0,0,0
20,12,UL,0,0,0,0
20,13,DL,0,0,0,0
20,13,UL,0,0,0,0
20,14,DL,0,0,0,0
20,14,UL,0,0,0,0
20,15,DL,0,0,0,0
20,15,UL,0,0,0,0
20,16,DL,0,0,0,0
20,16,UL,0,0,0,0
20,17,DL,0,0,0,0
20,17,UL,0,0,0,0
20,18,DL,0,0,0,0
20,18,UL,0,0,0,0
20,19,DL,0,0,0,0
20,19,UL,0,0,0,0
20,20,DL,0,0,0,0
20,20,UL,0,0,0,0
20,21,DL,0,0,0,0
20,21,UL,0,0,0,0
20,22,DL,0,0,0,0
20,22,UL,0,0,0,0
20,23,DL,0.0771,0.194,0.00392151,2
20,23,UL,0,0,0,0
20,24,DL,0,0,0,0
20,24,UL,0,0,0,0
20,25,DL,0,0,0,0
20,25,UL,0,0,0,0
20,26,DL,0,0,0,0
20,26,UL,0,0,0,0
20,27,DL,0,0,0,0
20,27,UL,0,0,0,0
20,28,DL,0,0,0,0
20,28,UL,0,0,0,0
20,29,DL,0,0,0,0
20,29,UL,0,0,0,0
20,30,DL,0,0,0,0
20,30,UL,0,0,0,0
20,31,DL,0,0,0,0
20,31,UL,0,0,0,0
20,32,DL,0,0,0,0
20,32,UL,0,0,0,0
20,33,DL,0,0,0,0
20,33,UL,0,0,0,0
20,34,DL,0,0,0,0
20,34,UL,0,0,0,0
20,35,DL,0,0,0,0
20,35,UL,0,0,0,0
20,36,DL,0,0,0,0
20,36,UL,0,0,0,0
20,37,DL,0,0,0,0
20,37,UL,0,0,0,0
20,38,DL,0,0,0,0
20,38,UL,0,0,0,0
20,39,DL,0,0,0,0
20,39,UL,0,0,0,0
20,40,DL,0,0,0,0
20,40,UL,0,0,0,0
20,41,DL,0,0,0,0
20,41,UL,0,0,0,0
20,42,DL,0,0,0,0
20,42,UL,0,0,0,0
20,43,DL,0,0,0,0
20,43,UL,0,0,0,0
20,44,DL,0,0,0,0
20,44,UL,0,0,0,0
20,45,DL,0,0,0,0
20,45,UL,0,0,0,0
20,46,DL,0,0,0,0
20,46,UL,0,0,0,0
20,47,DL,0,0,0,0
20,47,UL,0,0,0,0
20,48,DL,0,0,0,0
20,48,UL,0,0,0,0
20,49,DL,0,0,0,0
20,49,UL,0,0,0,0
20,50,DL,0,0,0,0
20,50,UL,0,0,0,0
20,51,DL,0,0,0,0
20,51,UL,0,0,0,0
20,52,DL,0,0,0,0
20,52,UL,0,0,0,0
20,53,DL,0,0,0,0
20,53,UL,0,0,0,0
20,54,DL,0,0,0,0
20,54,UL,0,0,0,0
20,55,DL,0,0,0,0
20,55,UL,0,0,0,0
20,56,DL,0.115767,0.05725,0.0941162,48
20,56,UL,0,0,0,0
20,57,DL,0,0,0,0
20,57,UL,0,0,0,0
20,58,DL,0,0,0,0
20,58,UL,0,0,0,0
20,59,DL,0,0,0,0
20,59,UL,0,0,0,0
22,0,DL,0,0,0,0
22,0,UL,0,0,0,0
22,1,DL,0,0,0,0
22,1,UL,0,0,0,0
22,2,DL,0,0,0,0
22,2,UL,0,0,0,0
22,3,DL,0,0,0,0
22,3,UL,0,0,0,0
22,4,DL,0,0,0,0
22,4,UL,0,0,0,0
22,5,DL,0,0,0,0
22,5,UL,0,0,0,0
22,6,DL,0,0,0,0
22,6,UL,0,0,0,0
22,7,DL,0,0,0,0
22,7,UL,0,0,0,0
22,8,DL,0,0,0,0
22,8,UL,0,0,0,0
22,9,DL,0,0,0,0
22,9,UL,0,0,0,0
22,10,DL,0,0,0,0
22,10,UL,0,0,0,0
22,11,DL,0,0,0,0
22,11,UL,0,0,0,0
22,12,DL,0,0,0,0
22,12,UL,0,0,0,0
22,13,DL,0,0,0,0
22,13,UL,0,0,0,0
22,14,DL,0,0,0,0
22,14,UL,0,0,0,0
22,15,DL,0,0,0,0
22,15,UL,0,0,0,0
22,16,DL,0,0,0,0
22,16,UL,0,0,0,0
22,17,DL,0,0,0,0
22,17,UL,0,0,0,0
22,18,DL,0,0,0,0
22,18,UL,0,0,0,0
22,19,DL,0,0,0,0
22,19,UL,0,0,0,0
22,20,DL,0,0,0,0
22,20,UL,0,0,0,0
22,21,DL,0,0,0,0
22,21,UL,0,0,0,0
22,22,DL,0,0,0,0
22,22,UL,0,0,0,0
22,23,DL,0,0,0,0
22,23,UL,0,0,0,0
22,24,DL,0.08235,0.0635,0.015686,8
22,24,UL,0,0,0,0
22,25,DL,0,0,0,0
22,25,UL,0,0,0,0
22,26,DL,0,0,0,0
22,26,UL,0,0,0,0
22,27,DL,0,0,0,0
22,27,UL,0,0,0,0
22,28,DL,0,0,0,0
22,28,UL,0,0,0,0
22,29,DL,0,0,0,0
22,29,UL,0,0,0,0
22,30,DL,0,0,0,0
22,30,UL,0,0,0,0
22,31,DL,0,0,0,0
22,31,UL,0,0,0,0
22,32,DL,0,0,0,0
22,32,UL,0,0,0,0
22,33,DL,0,0,0,0
22,33,UL,0,0,0,0
22,34,DL,0.3251,0.261,0.00392151,2
22,34,UL,0,0,0,0
22,35,DL,0,0,0,0
22,35,UL,0,0,0,0
22,36,DL,0,0,0,0
22,36,UL,0,0,0,0
22,37,DL,0,0,0,0
22,37,UL,0,0,0,0
22,38,DL,0,0,0,0
22,38,UL,0,0,0,0
22,39,DL,0,0,0,0
22,39,UL,0,0,0,0
22,40,DL,0,0,0,0
22,40,UL,0,0,0,0
22,41,DL,0,0,0,0
22,41,UL,0,0,0,0
22,42,DL,0,0,0,0
22,42,UL,0,0,0,0
22,43,DL,0,0,0,0
22,43,UL,0,0,0,0
22,44,DL,0,0,0,0
22,44,UL,0,0,0,0
22,45,DL,0,0,0,0
22,45,UL,0,0,0,0
22,46,DL,0,0,0,0
22,46,UL,0,0,0,0
22,47,DL,0,0,0,0
22,47,UL,0,0,0,0
22,48,DL,0,0,0,0
22,48,UL,0,0,0,0
22,49,DL,0,0,0,0
22,49,UL,0,0,0,0
22,50,DL,0,0,0,0
22,50,UL,0,0,0,0
22,51,DL,0,0,0,0
22,51,UL,0,0,0,0
22,52,DL,0,0,0,0
22,52,UL,0,0,0,0
22,53,DL,0,0,0,0
22,53,UL,0,0,0,0
22,54,DL,0,0,0,0
22,54,UL,0,0,0,0
22,55,DL,0,0,0,0
22,55,UL,0,0,0,0
22,56,DL,0.7955,0.2075,0.0392151,20
22,56,UL,0,0,0,0
22,57,DL,0,0,0,0
22,57,UL,0,0,0,0
22,58,DL,0,0,0,0
22,58,UL,0,0,0,0
22,59,DL,0,0,0,0
22,59,UL,0,0,0,0
24,0,DL,0,0,0,0
24,0,UL,0,0,0,0
24,1,DL,0,0,0,0
24,1,UL,0,0,0,0
24,2,DL,0.273535,0.0761739,0.0901947,46
24,2,UL,0,0,0,0
24,3,DL,0,0,0,0
24,3,UL,0,0,0,0
24,4,DL,0,0,0,0
24,4,UL,0,0,0,0
24,5,DL,0,0,0,0
24,5,UL,0,0,0,0
24,6,DL,0,0,0,0
24,6,UL,0,0,0,0
24,7,DL,0,0,0,0
24,7,UL,0,0,0,0
24,8,DL,0,0,0,0
24,8,UL,0,0,0,0
24,9,DL,0.0261,0.01525,0.015686,8
24,9,UL,0,0,0,0
24,10,DL,0,0,0,0
24,10,UL,0,0,0,0
24,11,DL,0,0,0,0
24,11,UL,0,0,0,0
24,12,DL,0,0,0,0
24,12,UL,0,0,0,0
24,13,DL,0,0,0,0
24,13,UL,0,0,0,0
24,14,DL,0,0,0,0
24,14,UL,0,0,0,0
24,15,DL,0,0,0,0
24,15,UL,0,0,0,0
24,16,DL,0,0,0,0
24,16,UL,0,0,0,0
24,17,DL,0,0,0,0
24,17,UL,0,0,0,0
24,18,DL,0,0,0,0
24,18,UL,0,0,0,0
24,19,DL,0,0,0,0
24,19,UL,0,0,0,0
24,20,DL,0,0,0,0
24,20,UL,0,0,0,0
24,21,DL,0,0,0,0
24,21,UL,0,0,0,0
24,22,DL,0,0,0,0
24,22,UL,0,0,0,0
24,23,DL,0,0,0,0
24,23,UL,0,0,0,0
24,24,DL,0,0,0,0
24,24,UL,0,0,0,0
24,25,DL,0,0,0,0
24,25,UL,0,0,0,0
24,26,DL,0,0,0,0
24,26,UL,0,0,0,0
24,27,DL,0,0,0,0
24,27,UL,0,0,0,0
24,28,DL,0,0,0,0
24,28,UL,0,0,0,0
24,29,DL,0,0,0,0
24,29,UL,0,0,0,0
24,30,DL,0,0,0,0
24,30,UL,0,0,0,0
24,31,DL,0,0,0,0
24,31,UL,0,0,0,0
24,32,DL,0,0,0,0
24,32,UL,0,0,0,0
24,33,DL,0,0,0,0
24,33,UL,0,0,0,0
24,34,DL,0.98235,0.08675,0.0784302,40
24,34,UL,0,0,0,0
24,35,DL,0,0,0,0
24,35,UL,0,0,0,0
24,36,DL,0,0,0,0
24,36,UL,0,0,0,0
24,37,DL,0,0,0,0
24,37,UL,0,0,0,0
24,38,DL,0,0,0,0
24,38,UL,0,0,0,0
24,39,DL,0.1011,0.0313304,0.0313721,16
24,39,UL,0,0,0,0
24,40,DL,0,0,0,0
24,40,UL,0,0,0,0
24,41,DL,0.0347429,0.0306429,0.00392151,2
24,41,UL,0,0,0,0
24,42,DL,0,0,0,0
24,42,UL,0,0,0,0
24,43,DL,0,0,0,0
24,43,UL,0,0,0,0
24,44,DL,0,0,0,0
24,44,UL,0,0,0,0
24,45,DL,0,0,0,0
24,45,UL,0,0,0,0
24,46,DL,0,0,0,0
24,46,UL,0,0,0,0
24,47,DL,0.03682,0.03728,0.0980377,50
24,47,UL,0,0,0,0
24,48,DL,0,0,0,0
24,48,UL,0,0,0,0
24,49,DL,0,0,0,0
24,49,UL,0,0,0,0
24,50,DL,0,0,0,0
24,50,UL,0,0,0,0
24,51,DL,0,0,0,0
24,51,UL,0,0,0,0
24,52,DL,0,0,0,0
24,52,UL,0,0,0,0
24,53,DL,0,0,0,0
24,53,UL,0,0,0,0
24,54,DL,0,0,0,0
24,54,UL,0,0,0,0
24,55,DL,0,0,0,0
24,55,UL,0,0,0,0
24,56,DL,0,0,0,0
24,56,UL,0,0,0,0
24,57,DL,0,0,0,0
24,57,UL,0,0,0,0
24,58,DL,0,0,0,0
24,58,UL,0,0,0,0
24,59,DL,0,0,0,0
24,59,UL,0,0,0,0
26,0,DL,0,0,0,0
26,0,UL,0,0,0,0
26,1,DL,0,0,0,0
26,1,UL,0,0,0,0
26,2,DL,0.2048,0.0753,0.0392151,20
26,2,UL,0,0,0,0
26,3,DL,0,0,0,0
26,3,UL,0,0,0,0
26,4,DL,0,0,0,0
26,4,UL,0,0,0,0
26,5,DL,0,0,0,0
26,5,UL,0,0,0,0
26,6,DL,0,0,0,0
26,6,UL,0,0,0,0
26,7,DL,0,0,0,0
26,7,UL,0,0,0,0
26,8,DL,0,0,0,0
26,8,UL,0,0,0,0
26,9,DL,0,0,0,0
26,9,UL,0,0,0,0
26,10,DL,0,0,0,0
26,10,UL,0,0,0,0
26,11,DL,0,0,0,0
26,11,UL,0,0,0,0
26,12,DL,0,0,0,0
26,12,UL,0,0,0,0
26,13,DL,0,0,0,0
26,13,UL,0,0,0,0
26,14,DL,0,0,0,0
26,14,UL,0,0,0,0
26,15,DL,0,0,0,0
26,15,UL,0,0,0,0
26,16,DL,0,0,0,0
26,16,UL,0,0,0,0
26,17,DL,0,0,0,0
26,17,UL,0,0,0,0
26,18,DL,0,0,0,0
26,18,UL,0,0,0,0
26,19,DL,0.5531,0.0824,0.0196075,10
26,19,UL,0,0,0,0
26,20,DL,0,0,0,0
26,20,UL,0,0,0,0
26,21,DL,0,0,0,0
26,21,UL,0,0,0,0
26,22,DL,0,0,0,0
26,22,UL,0,0,0,0
26,23,DL,0,0,0,0
26,23,UL,0,0,0,0
26,24,DL,0,0,0,0
26,24,UL,0,0,0,0
26,25,DL,0.122748,0.0550055,0.0509796,26
26,25,UL,0,0,0,0
26,26,DL,0.0248143,0.0226,0.0196075,10
26,26,UL,0,0,0,0
26,27,DL,0,0,0,0
26,27,UL,0,0,0,0
26,28,DL,0,0,0,0
26,28,UL,0,0,0,0
26,29,DL,0,0,0,0
26,29,UL,0,0,0,0
26,30,DL,0,0,0,0
26,30,UL,0,0,0,0
26,31,DL,0,0,0,0
26,31,UL,0,0,0,0
26,32,DL,0,0,0,0
26,32,UL,0,0,0,0
26,33,DL,0.117017,0.0551667,0.0941162,48
26,33,UL,0,0,0,0
26,34,DL,0,0,0,0
26,34,UL,0,0,0,0
26,35,DL,0,0,0,0
26,35,UL,0,0,0,0
26,36,DL,0,0,0,0
26,36,UL,0,0,0,0
26,37,DL,0,0,0,0
26,37,UL,0,0,0,0
26,38,DL,0,0,0,0
26,38,UL,0,0,0,0
26,39,DL,0.634752,0.0832609,0.0901947,46
26,39,UL,0,0,0,0
26,40,DL,0,0,0,0
26,40,UL,0,0,0,0
26,41,DL,2.0731,0.455671,0.0196075,10
26,41,UL,0,0,0,0
26,42,DL,0,0,0,0
26,42,UL,0,0,0,0
26,43,DL,0,0,0,0
26,43,UL,0,0,0,0
26,44,DL,0,0,0,0
26,44,UL,0,0,0,0
26,45,DL,0,0,0,0
26,45,UL,0,0,0,0
26,46,DL,0,0,0,0
26,46,UL,0,0,0,0
26,47,DL,0,0,0,0
26,47,UL,0,0,0,0
26,48,DL,0,0,0,0
26,48,UL,0,0,0,0
26,49,DL,0,0,0,0
26,49,UL,0,0,0,0
26,50,DL,0,0,0,0
26,50,UL,0,0,0,0
26,51,DL,0,0,0,0
26,51,UL,0,0,0,0
26,52,DL,0,0,0,0
26,52,UL,0,0,0,0
26,53,DL,0,0,0,0
26,53,UL,0,0,0,0
26,54,DL,0,0,0,0
26,54,UL,0,0,0,0
26,55,DL,0,0,0,0
26,55,UL,0,0,0,0
26,56,DL,0.0121,0.008,0.00392151,2
26,56,UL,0,0,0,0
26,57,DL,0,0,0,0
26,57,UL,0,0,0,0
26,58,DL,0,0,0,0
26,58,UL,0,0,0,0
26,59,DL,0,0,0,0
26,59,UL,0,0,0,0
28,0,DL,0,0,0,0
28,0,UL,0,0,0,0
28,1,DL,0,0,0,0
28,1,UL,0,0,0,0
28,2,DL,0,0,0,0
28,2,UL,0,0,0,0
28,3,DL,0,0,0,0
28,3,UL,0,0,0,0
28,4,DL,0,0,0,0
28,4,UL,0,0,0,0
28,5,DL,0,0,0,0
28,5,UL,0,0,0,0
28,6,DL,0,0,0,0
28,6,UL,0,0,0,0
28,7,DL,0,0,0,0
28,7,UL,0,0,0,0
28,8,DL,0,0,0,0
28,8,UL,0,0,0,0
28,9,DL,0,0,0,0
28,9,UL,0,0,0,0
28,10,DL,0,0,0,0
28,10,UL,0,0,0,0
28,11,DL,0,0,0,0
28,11,UL,0,0,0,0
28,12,DL,0.0785097,0.0499832,0.133331,68
28,12,UL,0,0,0,0
28,13,DL,0,0,0,0
28,13,UL,0,0,0,0
28,14,DL,0,0,0,0
28,14,UL,0,0,0,0
28,15,DL,0,0,0,0
28,15,UL,0,0,0,0
28,16,DL,0,0,0,0
28,16,UL,0,0,0,0
28,17,DL,0,0,0,0
28,17,UL,0,0,0,0
28,18,DL,0,0,0,0
28,18,UL,0,0,0,0
28,19,DL,0,0,0,0
28,19,UL,0,0,0,0
28,20,DL,0.0293222,0.0355397,0.0352936,18
28,20,UL,0,0,0,0
28,21,DL,0,0,0,0
28,21,UL,0,0,0,0
28,22,DL,0,0,0,0
28,22,UL,0,0,0,0
28,23,DL,0,0,0,0
28,23,UL,0,0,0,0
28,24,DL,0,0,0,0
28,24,UL,0,0,0,0
28,25,DL,0,0,0,0
28,25,UL,0,0,0,0
28,26,DL,0,0,0,0
28,26,UL,0,0,0,0
28,27,DL,0,0,0,0
28,27,UL,0,0,0,0
28,28,DL,0,0,0,0
28,28,UL,0,0,0,0
28,29,DL,0,0,0,0
28,29,UL,0,0,0,0
28,30,DL,0,0,0,0
28,30,UL,0,0,0,0
28,31,DL,0,0,0,0
28,31,UL,0,0,0,0
28,32,DL,0,0,0,0
28,32,UL,0,0,0,0
28,33,DL,0,0,0,0
28,33,UL,0,0,0,0
28,34,DL,0,0,0,0
28,34,UL,0,0,0,0
28,35,DL,0,0,0,0
28,35,UL,0,0,0,0
28,36,DL,0,0,0,0
28,36,UL,0,0,0,0
28,37,DL,0,0,0,0
28,37,UL,0,0,0,0
28,38,DL,0,0,0,0
28,38,UL,0,0,0,0
28,39,DL,0,0,0,0
28,39,UL,0,0,0,0
28,40,DL,0,0,0,0
28,40,UL,0,0,0,0
28,41,DL,0,0,0,0
28,41,UL,0,0,0,0
28,42,DL,0,0,0,0
28,42,UL,0,0,0,0
28,43,DL,0,0,0,0
28,43,UL,0,0,0,0
28,44,DL,0,0,0,0
28,44,UL,0,0,0,0
28,45,DL,0,0,0,0
28,45,UL,0,0,0,0
28,46,DL,0,0,0,0
28,46,UL,0,0,0,0
28,47,DL,0,0,0,0
28,47,UL,0,0,0,0
28,48,DL,0,0,0,0
28,48,UL,0,0,0,0
28,49,DL,0,0,0,0
28,49,UL,0,0,0,0
28,50,DL,0,0,0,0
28,50,UL,0,0,0,0
28,51,DL,0,0,0,0
28,51,UL,0,0,0,0
28,52,DL,0,0,0,0
28,52,UL,0,0,0,0
28,53,DL,0,0,0,0
28,53,UL,0,0,0,0
28,54,DL,0,0,0,0
28,54,UL,0,0,0,0
28,55,DL,0,0,0,0
28,55,UL,0,0,0,0
28,56,DL,0,0,0,0
28,56,UL,0,0,0,0
28,57,DL,0,0,0,0
28,57,UL,0,0,0,0
28,58,DL,0.0671,0.0396667,0.0117645,6
28,58,UL,0,0,0,0
28,59,DL,0,0,0,0
28,59,UL,0,0,0,0
30,0,DL,0,0,0,0
30,0,UL,0,0,0,0
30,1,DL,0,0,0,0
30,1,UL,0,0,0,0
30,2,DL,0.0282429,0.0188214,0.00784302,4
30,2,UL,0,0,0,0
30,3,DL,0,0,0,0
30,3,UL,0,0,0,0
30,4,DL,0,0,0,0
30,4,UL,0,0,0,0
30,5,DL,0,0,0,0
30,5,UL,0,0,0,0
30,6,DL,0,0,0,0
30,6,UL,0,0,0,0
30,7,DL,0,0,0,0
30,7,UL,0,0,0,0
30,8,DL,0,0,0,0
30,8,UL,0,0,0,0
30,9,DL,0,0,0,0
30,9,UL,0,0,0,0
30,10,DL,0,0,0,0
30,10,UL,0,0,0,0
30,11,DL,0,0,0,0
30,11,UL,0,0,0,0
30,12,DL,0.103954,0.0585889,0.192154,98
30,12,UL,0,0,0,0
30,13,DL,0.0482428,0.0396429,0.0549011,28
30,13,UL,0,0,0,0
30,14,DL,0,0,0,0
30,14,UL,0,0,0,0
30,15,DL,0,0,0,0
30,15,UL,0,0,0,0
30,16,DL,0,0,0,0
30,16,UL,0,0,0,0
30,17,DL,0,0,0,0
30,17,UL,0,0,0,0
30,18,DL,0,0,0,0
30,18,UL,0,0,0,0
30,19,DL,0,0,0,0
30,19,UL,0,0,0,0
30,20,DL,0,0,0,0
30,20,UL,0,0,0,0
30,21,DL,0,0,0,0
30,21,UL,0,0,0,0
30,22,DL,0,0,0,0
30,22,UL,0,0,0,0
30,23,DL,0,0,0,0
30,23,UL,0,0,0,0
30,24,DL,0,0,0,0
30,24,UL,0,0,0,0
30,25,DL,0,0,0,0
30,25,UL,0,0,0,0
30,26,DL,0,0,0,0
30,26,UL,0,0,0,0
30,27,DL,0,0,0,0
30,27,UL,0,0,0,0
30,28,DL,0,0,0,0
30,28,UL,0,0,0,0
30,29,DL,0.02435,0.0155,0.015686,8
30,29,UL,0,0,0,0
30,30,DL,0,0,0,0
30,30,UL,0,0,0,0
30,31,DL,0,0,0,0
30,31,UL,0,0,0,0
30,32,DL,0,0,0,0
30,32,UL,0,0,0,0
30,33,DL,0.0305286,0.0344286,0.0274506,14
30,33,UL,0,0,0,0
30,34,DL,0,0,0,0
30,34,UL,0,0,0,0
30,35,DL,0,0,0,0
30,35,UL,0,0,0,0
30,36,DL,0,0,0,0
30,36,UL,0,0,0,0
30,37,DL,0,0,0,0
30,37,UL,0,0,0,0
30,38,DL,0,0,0,0
30,38,UL,0,0,0,0
30,39,DL,0,0,0,0
30,39,UL,0,0,0,0
30,40,DL,0,0,0,0
30,40,UL,0,0,0,0
30,41,DL,0,0,0,0
30,41,UL,0,0,0,0
30,42,DL,0,0,0,0
30,42,UL,0,0,0,0
30,43,DL,0,0,0,0
30,43,UL,0,0,0,0
30,44,DL,0,0,0,0
30,44,UL,0,0,0,0
30,45,DL,0,0,0,0
30,45,UL,0,0,0,0
30,46,DL,0,0,0,0
30,46,UL,0,0,0,0
30,47,DL,0,0,0,0
30,47,UL,0,0,0,0
30,48,DL,0,0,0,0
30,48,UL,0,0,0,0
30,49,DL,0,0,0,0
30,49,UL,0,0,0,0
30,50,DL,0,0,0,0
30,50,UL,0,0,0,0
30,51,DL,0,0,0,0
30,51,UL,0,0,0,0
30,52,DL,0,0,0,0
30,52,UL,0,0,0,0
30,53,DL,0,0,0,0
30,53,UL,0,0,0,0
30,54,DL,0,0,0,0
30,54,UL,0,0,0,0
30,55,DL,0,0,0,0
30,55,UL,0,0,0,0
30,56,DL,0,0,0,0
30,56,UL,0,0,0,0
30,57,DL,0,0,0,0
30,57,UL,0,0,0,0
30,58,DL,0,0,0,0
30,58,UL,0,0,0,0
30,59,DL,0,0,0,0
30,59,UL,0,0,0,0
32,0,DL,2.23581,0.372429,0.0549011,28
32,0,UL,0,0,0,0
32,1,DL,0,0,0,0
32,1,UL,0,0,0,0
32,2,DL,0,0,0,0
32,2,UL,0,0,0,0
32,3,DL,0,0,0,0
32,3,UL,0,0,0,0
32,4,DL,0,0,0,0
32,4,UL,0,0,0,0
32,5,DL,0,0,0,0
32,5,UL,0,0,0,0
32,6,DL,0,0,0,0
32,6,UL,0,0,0,0
32,7,DL,0,0,0,0
32,7,UL,0,0,0,0
32,8,DL,0,0,0,0
32,8,UL,0,0,0,0
32,9,DL,0,0,0,0
32,9,UL,0,0,0,0
32,10,DL,0,0,0,0
32,10,UL,0,0,0,0
32,11,DL,0,0,0,0
32,11,UL,0,0,0,0
32,12,DL,0.824566,0.147783,0.0901947,46
32,12,UL,0,0,0,0
32,13,DL,0,0,0,0
32,13,UL,0,0,0,0
32,14,DL,0,0,0,0
32,14,UL,0,0,0,0
32,15,DL,0,0,0,0
32,15,UL,0,0,0,0
32,16,DL,0,0,0,0
32,16,UL,0,0,0,0
32,17,DL,0,0,0,0
32,17,UL,0,0,0,0
32,18,DL,0,0,0,0
32,18,UL,0,0,0,0
32,19,DL,0,0,0,0
32,19,UL,0,0,0,0
32,20,DL,0,0,0,0
32,20,UL,0,0,0,0
32,21,DL,0,0,0,0
32,21,UL,0,0,0,0
32,22,DL,0,0,0,0
32,22,UL,0,0,0,0
32,23,DL,0,0,0,0
32,23,UL,0,0,0,0
32,24,DL,0,0,0,0
32,24,UL,0,0,0,0
32,25,DL,0,0,0,0
32,25,UL,0,0,0,0
32,26,DL,0,0,0,0
32,26,UL,0,0,0,0
32,27,DL,0,0,0,0
32,27,UL,0,0,0,0
32,28,DL,0,0,0,0
32,28,UL,0,0,0,0
32,29,DL,0,0,0,0
32,29,UL,0,0,0,0
32,30,DL,0,0,0,0
32,30,UL,0,0,0,0
32,31,DL,0,0,0,0
32,31,UL,0,0,0,0
32,32,DL,0,0,0,0
32,32,UL,0,0,0,0
32,33,DL,0,0,0,0
32,33,UL,0,0,0,0
32,34,DL,0,0,0,0
32,34,UL,0,0,0,0
32,35,DL,0,0,0,0
32,35,UL,0,0,0,0
32,36,DL,0,0,0,0
32,36,UL,0,0,0,0
32,37,DL,0,0,0,0
32,37,UL,0,0,0,0
32,38,DL,0.0472688,0.0466169,0.0862732,44
32,38,UL,0,0,0,0
32,39,DL,0,0,0,0
32,39,UL,0,0,0,0
32,40,DL,0,0,0,0
32,40,UL,0,0,0,0
32,41,DL,0.171485,0.212154,0.0509796,26
32,41,UL,0,0,0,0
32,42,DL,0,0,0,0
32,42,UL,0,0,0,0
32,43,DL,0,0,0,0
32,43,UL,0,0,0,0
32,44,DL,0,0,0,0
32,44,UL,0,0,0,0
32,45,DL,0,0,0,0
32,45,UL,0,0,0,0
32,46,DL,0,0,0,0
32,46,UL,0,0,0,0
32,47,DL,0,0,0,0
32,47,UL,0,0,0,0
32,48,DL,0,0,0,0
32,48,UL,0,0,0,0
32,49,DL,0,0,0,0
32,49,UL,0,0,0,0
32,50,DL,0,0,0,0
32,50,UL,0,0,0,0
32,51,DL,0,0,0,0
32,51,UL,0,0,0,0
32,52,DL,0,0,0,0
32,52,UL,0,0,0,0
32,53,DL,0,0,0,0
32,53,UL,0,0,0,0
32,54,DL,0,0,0,0
32,54,UL,0,0,0,0
32,55,DL,0,0,0,0
32,55,UL,0,0,0,0
32,56,DL,0,0,0,0
32,56,UL,0,0,0,0
32,57,DL,0,0,0,0
32,57,UL,0,0,0,0
32,58,DL,0,0,0,0
32,58,UL,0,0,0,0
32,59,DL,0,0,0,0
32,59,UL,0,0,0,0
34,0,DL,0,0,0,0
34,0,UL,0,0,0,0
34,1,DL,0,0,0,0
34,1,UL,0,0,0,0
34,2,DL,0,0,0,0
34,2,UL,0,0,0,0
34,3,DL,0,0,0,0
34,3,UL,0,0,0,0
34,4,DL,0,0,0,0
34,4,UL,0,0,0,0
34,5,DL,0,0,0,0
34,5,UL,0,0,0,0
34,6,DL,0,0,0,0
34,6,UL,0,0,0,0
34,7,DL,0,0,0,0
34,7,UL,0,0,0,0
34,8,DL,0,0,0,0
34,8,UL,0,0,0,0
34,9,DL,0,0,0,0
34,9,UL,0,0,0,0
34,10,DL,0,0,0,0
34,10,UL,0,0,0,0
34,11,DL,0.232833,0.0757667,0.117645,60
34,11,UL,0,0,0,0
34,12,DL,0.304726,0.105615,0.101959,52
34,12,UL,0,0,0,0
34,13,DL,0,0,0,0
34,13,UL,0,0,0,0
34,14,DL,0,0,0,0
34,14,UL,0,0,0,0
34,15,DL,0,0,0,0
34,15,UL,0,0,0,0
34,16,DL,0,0,0,0
34,16,UL,0,0,0,0
34,17,DL,0,0,0,0
34,17,UL,0,0,0,0
34,18,DL,0,0,0,0
34,18,UL,0,0,0,0
34,19,DL,0,0,0,0
34,19,UL,0,0,0,0
34,20,DL,0,0,0,0
34,20,UL,0,0,0,0
34,21,DL,0,0,0,0
34,21,UL,0,0,0,0
34,22,DL,0,0,0,0
34,22,UL,0,0,0,0
34,23,DL,0,0,0,0
34,23,UL,0,0,0,0
34,24,DL,0,0,0,0
34,24,UL,0,0,0,0
34,25,DL,0,0,0,0
34,25,UL,0,0,0,0
34,26,DL,0.0711769,0.0439231,0.0509796,26
34,26,UL,0,0,0,0
34,27,DL,0.0411,0.031,0.0196075,10
34,27,UL,0,0,0,0
34,28,DL,0,0,0,0
34,28,UL,0,0,0,0
34,29,DL,0,0,0,0
34,29,UL,0,0,0,0
34,30,DL,0,0,0,0
34,30,UL,0,0,0,0
34,31,DL,0,0,0,0
34,31,UL,0,0,0,0
34,32,DL,0.2301,0.105,0.00784302,4
34,32,UL,0,0,0,0
34,33,DL,0,0,0,0
34,33,UL,0,0,0,0
34,34,DL,0,0,0,0
34,34,UL,0,0,0,0
34,35,DL,0,0,0,0
34,35,UL,0,0,0,0
34,36,DL,0,0,0,0
34,36,UL,0,0,0,0
34,37,DL,0,0,0,0
34,37,UL,0,0,0,0
34,38,DL,0.449311,0.0998195,0.0745087,38
34,38,UL,0,0,0,0
34,39,DL,0,0,0,0
34,39,UL,0,0,0,0
34,40,DL,0,0,0,0
34,40,UL,0,0,0,0
34,41,DL,0,0,0,0
34,41,UL,0,0,0,0
34,42,DL,0,0,0,0
34,42,UL,0,0,0,0
34,43,DL,0,0,0,0
34,43,UL,0,0,0,0
34,44,DL,0,0,0,0
34,44,UL,0,0,0,0
34,45,DL,0,0,0,0
34,45,UL,0,0,0,0
34,46,DL,0,0,0,0
34,46,UL,0,0,0,0
34,47,DL,0,0,0,0
34,47,UL,0,0,0,0
34,48,DL,0.0176,0.0165,0.00784302,4
34,48,UL,0,0,0,0
34,49,DL,0,0,0,0
34,49,UL,0,0,0,0
34,50,DL,0,0,0,0
34,50,UL,0,0,0,0
34,51,DL,0,0,0,0
34,51,UL,0,0,0,0
34,52,DL,0,0,0,0
34,52,UL,0,0,0,0
34,53,DL,0.0476,0.041,0.00784302,4
34,53,UL,0,0,0,0
34,54,DL,0,0,0,0
34,54,UL,0,0,0,0
34,55,DL,0,0,0,0
34,55,UL,0,0,0,0
34,56,DL,0,0,0,0
34,56,UL,0,0,0,0
34,57,DL,0,0,0,0
34,57,UL,0,0,0,0
34,58,DL,0,0,0,0
34,58,UL,0,0,0,0
34,59,DL,0,0,0,0
34,59,UL,0,0,0,0
36,0,DL,0,0,0,0
36,0,UL,0,0,0,0
36,1,DL,0,0,0,0
36,1,UL,0,0,0,0
36,2,DL,0,0,0,0
36,2,UL,0,0,0,0
36,3,DL,0,0,0,0
36,3,UL,0,0,0,0
36,4,DL,0,0,0,0
36,4,UL,0,0,0,0
36,5,DL,0,0,0,0
36,5,UL,0,0,0,0
36,6,DL,0,0,0,0
36,6,UL,0,0,0,0
36,7,DL,0,0,0,0
36,7,UL,0,0,0,0
36,8,DL,0,0,0,0
36,8,UL,0,0,0,0
36,9,DL,0,0,0,0
36,9,UL,0,0,0,0
36,10,DL,0,0,0,0
36,10,UL,0,0,0,0
36,11,DL,0.479915,0.0848148,0.105881,54
36,11,UL,0,0,0,0
36,12,DL,0,0,0,0
36,12,UL,0,0,0,0
36,13,DL,0,0,0,0
36,13,UL,0,0,0,0
36,14,DL,0,0,0,0
36,14,UL,0,0,0,0
36,15,DL,0,0,0,0
36,15,UL,0,0,0,0
36,16,DL,0,0,0,0
36,16,UL,0,0,0,0
36,17,DL,0,0,0,0
36,17,UL,0,0,0,0
36,18,DL,0,0,0,0
36,18,UL,0,0,0,0
36,19,DL,0,0,0,0
36,19,UL,0,0,0,0
36,20,DL,0,0,0,0
36,20,UL,0,0,0,0
36,21,DL,0.0131,0.01,0.00392151,2
36,21,UL,0,0,0,0
36,22,DL,0.1461,0.142,0.00392151,2
36,22,UL,0,0,0,0
36,23,DL,0,0,0,0
36,23,UL,0,0,0,0
36,24,DL,0,0,0,0
36,24,UL,0,0,0,0
36,25,DL,0,0,0,0
36,25,UL,0,0,0,0
36,26,DL,0,0,0,0
36,26,UL,0,0,0,0
36,27,DL,0,0,0,0
36,27,UL,0,0,0,0
36,28,DL,0,0,0,0
36,28,UL,0,0,0,0
36,29,DL,0.1266,0.0603889,0.0352936,18
36,29,UL,0,0,0,0
36,30,DL,0.0111,0.007,0.00392151,2
36,30,UL,0,0,0,0
36,31,DL,0,0,0,0
36,31,UL,0,0,0,0
36,32,DL,0,0,0,0
36,32,UL,0,0,0,0
36,33,DL,0,0,0,0
36,33,UL,0,0,0,0
36,34,DL,0,0,0,0
36,34,UL,0,0,0,0
36,35,DL,0,0,0,0
36,35,UL,0,0,0,0
36,36,DL,0,0,0,0
36,36,UL,0,0,0,0
36,37,DL,0,0,0,0
36,37,UL,0,0,0,0
36,38,DL,0,0,0,0
36,38,UL,0,0,0,0
36,39,DL,0,0,0,0
36,39,UL,0,0,0,0
36,40,DL,0,0,0,0
36,40,UL,0,0,0,0
36,41,DL,0,0,0,0
36,41,UL,0,0,0,0
36,42,DL,0,0,0,0
36,42,UL,0,0,0,0
36,43,DL,0.6451,0.1748,0.0196075,10
36,43,UL,0,0,0,0
36,44,DL,0,0,0,0
36,44,UL,0,0,0,0
36,45,DL,0,0,0,0
36,45,UL,0,0,0,0
36,46,DL,0,0,0,0
36,46,UL,0,0,0,0
36,47,DL,0,0,0,0
36,47,UL,0,0,0,0
36,48,DL,0,0,0,0
36,48,UL,0,0,0,0
36,49,DL,0,0,0,0
36,49,UL,0,0,0,0
36,50,DL,0,0,0,0
36,50,UL,0,0,0,0
36,51,DL,0,0,0,0
36,51,UL,0,0,0,0
36,52,DL,0,0,0,0
36,52,UL,0,0,0,0
36,53,DL,1.3621,1.328,0.00392151,2
36,53,UL,0,0,0,0
36,54,DL,0,0,0,0
36,54,UL,0,0,0,0
36,55,DL,0,0,0,0
36,55,UL,0,0,0,0
36,56,DL,0,0,0,0
36,56,UL,0,0,0,0
36,57,DL,0,0,0,0
36,57,UL,0,0,0,0
36,58,DL,0,0,0,0
36,58,UL,0,0,0,0
36,59,DL,0,0,0,0
36,59,UL,0,0,0,0
38,0,DL,0,0,0,0
38,0,UL,0,0,0,0
38,1,DL,0,0,0,0
38,1,UL,0,0,0,0
38,2,DL,0,0,0,0
38,2,UL,0,0,0,0
38,3,DL,0,0,0,0
38,3,UL,0,0,0,0
38,4,DL,0,0,0,0
38,4,UL,0,0,0,0
38,5,DL,0,0,0,0
38,5,UL,0,0,0,0
38,6,DL,0,0,0,0
38,6,UL,0,0,0,0
38,7,DL,0,0,0,0
38,7,UL,0,0,0,0
38,8,DL,0,0,0,0
38,8,UL,0,0,0,0
38,9,DL,0.172736,0.0677727,0.0862732,44
38,9,UL,0,0,0,0
38,10,DL,0,0,0,0
38,10,UL,0,0,0,0
38,11,DL,1.04777,0.113778,0.0352936,18
38,11,UL,0,0,0,0
38,12,DL,0,0,0,0
38,12,UL,0,0,0,0
38,13,DL,0,0,0,0
38,13,UL,0,0,0,0
38,14,DL,0,0,0,0
38,14,UL,0,0,0,0
38,15,DL,0,0,0,0
38,15,UL,0,0,0,0
38,16,DL,0,0,0,0
38,16,UL,0,0,0,0
38,17,DL,0,0,0,0
38,17,UL,0,0,0,0
38,18,DL,0,0,0,0
38,18,UL,0,0,0,0
38,19,DL,0,0,0,0
38,19,UL,0,0,0,0
38,20,DL,0,0,0,0
38,20,UL,0,0,0,0
38,21,DL,0,0,0,0
38,21,UL,0,0,0,0
38,22,DL,0,0,0,0
38,22,UL,0,0,0,0
38,23,DL,0,0,0,0
38,23,UL,0,0,0,0
38,24,DL,0,0,0,0
38,24,UL,0,0,0,0
38,25,DL,0,0,0,0
38,25,UL,0,0,0,0
38,26,DL,0,0,0,0
38,26,UL,0,0,0,0
38,27,DL,0,0,0,0
38,27,UL,0,0,0,0
38,28,DL,0,0,0,0
38,28,UL,0,0,0,0
38,29,DL,0,0,0,0
38,29,UL,0,0,0,0
38,30,DL,0,0,0,0
38,30,UL,0,0,0,0
38,31,DL,0.0241,0,0.00392151,2
38,31,UL,0,0,0,0
38,32,DL,0,0,0,0
38,32,UL,0,0,0,0
38,33,DL,0,0,0,0
38,33,UL,0,0,0,0
38,34,DL,0,0,0,0
38,34,UL,0,0,0,0
38,35,DL,0,0,0,0
38,35,UL,0,0,0,0
38,36,DL,0,0,0,0
38,36,UL,0,0,0,0
38,37,DL,0,0,0,0
38,37,UL,0,0,0,0
38,38,DL,0,0,0,0
38,38,UL,0,0,0,0
38,39,DL,0,0,0,0
38,39,UL,0,0,0,0
38,40,DL,0,0,0,0
38,40,UL,0,0,0,0
38,41,DL,0,0,0,0
38,41,UL,0,0,0,0
38,42,DL,0.0121,0.005,0.00392151,2
38,42,UL,0,0,0,0
38,43,DL,1.7061,0.261,0.0196075,10
38,43,UL,0,0,0,0
38,44,DL,0,0,0,0
38,44,UL,0,0,0,0
38,45,DL,0,0,0,0
38,45,UL,0,0,0,0
38,46,DL,0,0,0,0
38,46,UL,0,0,0,0
38,47,DL,0,0,0,0
38,47,UL,0,0,0,0
38,48,DL,0,0,0,0
38,48,UL,0,0,0,0
38,49,DL,0,0,0,0
38,49,UL,0,0,0,0
38,50,DL,0,0,0,0
38,50,UL,0,0,0,0
38,51,DL,0,0,0,0
38,51,UL,0,0,0,0
38,52,DL,0,0,0,0
38,52,UL,0,0,0,0
38,53,DL,0,0,0,0
38,53,UL,0,0,0,0
38,54,DL,0,0,0,0
38,54,UL,0,0,0,0
38,55,DL,0,0,0,0
38,55,UL,0,0,0,0
38,56,DL,0,0,0,0
38,56,UL,0,0,0,0
38,57,DL,0,0,0,0
38,57,UL,0,0,0,0
38,58,DL,0,0,0,0
38,58,UL,0,0,0,0
38,59,DL,0,0,0,0
38,59,UL,0,0,0,0
40,0,DL,0,0,0,0
40,0,UL,0,0,0,0
40,1,DL,0,0,0,0
40,1,UL,0,0,0,0
40,2,DL,0,0,0,0
40,2,UL,0,0,0,0
40,3,DL,0,0,0,0
40,3,UL,0,0,0,0
40,4,DL,0,0,0,0
40,4,UL,0,0,0,0
40,5,DL,0,0,0,0
40,5,UL,0,0,0,0
40,6,DL,0,0,0,0
40,6,UL,0,0,0,0
40,7,DL,0,0,0,0
40,7,UL,0,0,0,0
40,8,DL,0,0,0,0
40,8,UL,0,0,0,0
40,9,DL,0,0,0,0
40,9,UL,0,0,0,0
40,10,DL,0,0,0,0
40,10,UL,0,0,0,0
40,11,DL,0.6227,0.12265,0.0784302,40
40,11,UL,0,0,0,0
40,12,DL,0,0,0,0
40,12,UL,0,0,0,0
40,13,DL,0,0,0,0
40,13,UL,0,0,0,0
40,14,DL,0,0,0,0
40,14,UL,0,0,0,0
40,15,DL,0,0,0,0
40,15,UL,0,0,0,0
40,16,DL,0,0,0,0
40,16,UL,0,0,0,0
40,17,DL,0,0,0,0
40,17,UL,0,0,0,0
40,18,DL,0,0,0,0
40,18,UL,0,0,0,0
40,19,DL,0,0,0,0
40,19,UL,0,0,0,0
40,20,DL,0,0,0,0
40,20,UL,0,0,0,0
40,21,DL,0,0,0,0
40,21,UL,0,0,0,0
40,22,DL,0.158017,0.0655,0.0470581,24
40,22,UL,0,0,0,0
40,23,DL,0,0,0,0
40,23,UL,0,0,0,0
40,24,DL,0,0,0,0
40,24,UL,0,0,0,0
40,25,DL,0,0,0,0
40,25,UL,0,0,0,0
40,26,DL,0,0,0,0
40,26,UL,0,0,0,0
40,27,DL,0,0,0,0
40,27,UL,0,0,0,0
40,28,DL,0,0,0,0
40,28,UL,0,0,0,0
40,29,DL,0,0,0,0
40,29,UL,0,0,0,0
40,30,DL,0,0,0,0
40,30,UL,0,0,0,0
40,31,DL,1.0231,0.238548,0.0823517,42
40,31,UL,0,0,0,0
40,32,DL,0,0,0,0
40,32,UL,0,0,0,0
40,33,DL,0.0249823,0.0329706,0.133331,68
40,33,UL,0,0,0,0
40,34,DL,0,0,0,0
40,34,UL,0,0,0,0
40,35,DL,0,0,0,0
40,35,UL,0,0,0,0
40,36,DL,0,0,0,0
40,36,UL,0,0,0,0
40,37,DL,0.505433,0.197,0.0117645,6
40,37,UL,0,0,0,0
40,38,DL,0,0,0,0
40,38,UL,0,0,0,0
40,39,DL,0,0,0,0
40,39,UL,0,0,0,0
40,40,DL,0,0,0,0
40,40,UL,0,0,0,0
40,41,DL,0,0,0,0
40,41,UL,0,0,0,0
40,42,DL,0,0,0,0
40,42,UL,0,0,0,0
40,43,DL,0,0,0,0
40,43,UL,0,0,0,0
40,44,DL,0,0,0,0
40,44,UL,0,0,0,0
40,45,DL,0,0,0,0
40,45,UL,0,0,0,0
40,46,DL,0,0,0,0
40,46,UL,0,0,0,0
40,47,DL,0,0,0,0
40,47,UL,0,0,0,0
40,48,DL,0,0,0,0
40,48,UL,0,0,0,0
40,49,DL,0,0,0,0
40,49,UL,0,0,0,0
40,50,DL,0,0,0,0
40,50,UL,0,0,0,0
40,51,DL,0,0,0,0
40,51,UL,0,0,0,0
40,52,DL,0,0,0,0
40,52,UL,0,0,0,0
40,53,DL,0,0,0,0
40,53,UL,0,0,0,0
40,54,DL,0,0,0,0
40,54,UL,0,0,0,0
40,55,DL,0,0,0,0
40,55,UL,0,0,0,0
40,56,DL,0,0,0,0
40,56,UL,0,0,0,0
40,57,DL,0,0,0,0
40,57,UL,0,0,0,0
40,58,DL,0,0,0,0
40,58,UL,0,0,0,0
40,59,DL,0.0309,0.0307,0.0392151,20
40,59,UL,0,0,0,0
42,0,DL,0,0,0,0
42,0,UL,0,0,0,0
42,1,DL,0,0,0,0
42,1,UL,0,0,0,0
42,2,DL,0,0,0,0
42,2,UL,0,0,0,0
42,3,DL,0,0,0,0
42,3,UL,0,0,0,0
42,4,DL,0,0,0,0
42,4,UL,0,0,0,0
42,5,DL,0,0,0,0
42,5,UL,0,0,0,0
42,6,DL,0,0,0,0
42,6,UL,0,0,0,0
42,7,DL,0,0,0,0
42,7,UL,0,0,0,0
42,8,DL,0,0,0,0
42,8,UL,0,0,0,0
42,9,DL,0,0,0,0
42,9,UL,0,0,0,0
42,10,DL,0,0,0,0
42,10,UL,0,0,0,0
42,11,DL,0,0,0,0
42,11,UL,0,0,0,0
42,12,DL,0,0,0,0
42,12,UL,0,0,0,0
42,13,DL,0,0,0,0
42,13,UL,0,0,0,0
42,14,DL,0,0,0,0
42,14,UL,0,0,0,0
42,15,DL,0,0,0,0
42,15,UL,0,0,0,0
42,16,DL,0,0,0,0
42,16,UL,0,0,0,0
42,17,DL,0,0,0,0
42,17,UL,0,0,0,0
42,18,DL,0,0,0,0
42,18,UL,0,0,0,0
42,19,DL,0,0,0,0
42,19,UL,0,0,0,0
42,20,DL,0,0,0,0
42,20,UL,0,0,0,0
42,21,DL,0,0,0,0
42,21,UL,0,0,0,0
42,22,DL,0,0,0,0
42,22,UL,0,0,0,0
42,23,DL,0.182656,0.0754444,0.0352936,18
42,23,UL,0,0,0,0
42,24,DL,0,0,0,0
42,24,UL,0,0,0,0
42,25,DL,0,0,0,0
42,25,UL,0,0,0,0
42,26,DL,0,0,0,0
42,26,UL,0,0,0,0
42,27,DL,0.0261,0.02125,0.015686,8
42,27,UL,0,0,0,0
42,28,DL,0,0,0,0
42,28,UL,0,0,0,0
42,29,DL,0,0,0,0
42,29,UL,0,0,0,0
42,30,DL,1.72118,0.342333,0.0470581,24
42,30,UL,0,0,0,0
42,31,DL,0,0,0,0
42,31,UL,0,0,0,0
42,32,DL,0,0,0,0
42,32,UL,0,0,0,0
42,33,DL,0.0780574,0.0546809,0.184311,94
42,33,UL,0,0,0,0
42,34,DL,0.1671,0.4625,0.00784302,4
42,34,UL,0,0,0,0
42,35,DL,0,0,0,0
42,35,UL,0,0,0,0
42,36,DL,0,0,0,0
42,36,UL,0,0,0,0
42,37,DL,0,0,0,0
42,37,UL,0,0,0,0
42,38,DL,0,0,0,0
42,38,UL,0,0,0,0
42,39,DL,0,0,0,0
42,39,UL,0,0,0,0
42,40,DL,0,0,0,0
42,40,UL,0,0,0,0
42,41,DL,0,0,0,0
42,41,UL,0,0,0,0
42,42,DL,0,0,0,0
42,42,UL,0,0,0,0
42,43,DL,0,0,0,0
42,43,UL,0,0,0,0
42,44,DL,0,0,0,0
42,44,UL,0,0,0,0
42,45,DL,0,0,0,0
42,45,UL,0,0,0,0
42,46,DL,0,0,0,0
42,46,UL,0,0,0,0
42,47,DL,0,0,0,0
42,47,UL,0,0,0,0
42,48,DL,0,0,0,0
42,48,UL,0,0,0,0
42,49,DL,0.0111,0.306,0.00392151,2
42,49,UL,0,0,0,0
42,50,DL,0,0,0,0
42,50,UL,0,0,0,0
42,51,DL,0,0,0,0
42,51,UL,0,0,0,0
42,52,DL,0,0,0,0
42,52,UL,0,0,0,0
42,53,DL,0,0,0,0
42,53,UL,0,0,0,0
42,54,DL,0,0,0,0
42,54,UL,0,0,0,0
42,55,DL,0,0,0,0
42,55,UL,0,0,0,0
42,56,DL,0,0,0,0
42,56,UL,0,0,0,0
42,57,DL,0,0,0,0
42,57,UL,0,0,0,0
42,58,DL,0,0,0,0
42,58,UL,0,0,0,0
42,59,DL,0.836995,0.0910526,0.0745087,38
42,59,UL,0,0,0,0
44,0,DL,0,0,0,0
44,0,UL,0,0,0,0
44,1,DL,0,0,0,0
44,1,UL,0,0,0,0
44,2,DL,0.259283,0.0853036,0.0627441,32
44,2,UL,0,0,0,0
44,3,DL,0,0,0,0
44,3,UL,0,0,0,0
44,4,DL,0,0,0,0
44,4,UL,0,0,0,0
44,5,DL,0,0,0,0
44,5,UL,0,0,0,0
44,6,DL,0,0,0,0
44,6,UL,0,0,0,0
44,7,DL,0,0,0,0
44,7,UL,0,0,0,0
44,8,DL,0,0,0,0
44,8,UL,0,0,0,0
44,9,DL,0,0,0,0
44,9,UL,0,0,0,0
44,10,DL,0,0,0,0
44,10,UL,0,0,0,0
44,11,DL,0,0,0,0
44,11,UL,0,0,0,0
44,12,DL,0,0,0,0
44,12,UL,0,0,0,0
44,13,DL,0,0,0,0
44,13,UL,0,0,0,0
44,14,DL,0,0,0,0
44,14,UL,0,0,0,0
44,15,DL,0,0,0,0
44,15,UL,0,0,0,0
44,16,DL,0,0,0,0
44,16,UL,0,0,0,0
44,17,DL,0,0,0,0
44,17,UL,0,0,0,0
44,18,DL,0,0,0,0
44,18,UL,0,0,0,0
44,19,DL,0,0,0,0
44,19,UL,0,0,0,0
44,20,DL,0,0,0,0
44,20,UL,0,0,0,0
44,21,DL,0,0,0,0
44,21,UL,0,0,0,0
44,22,DL,0,0,0,0
44,22,UL,0,0,0,0
44,23,DL,0,0,0,0
44,23,UL,0,0,0,0
44,24,DL,0,0,0,0
44,24,UL,0,0,0,0
44,25,DL,0,0,0,0
44,25,UL,0,0,0,0
44,26,DL,0,0,0,0
44,26,UL,0,0,0,0
44,27,DL,0,0,0,0
44,27,UL,0,0,0,0
44,28,DL,0,0,0,0
44,28,UL,0,0,0,0
44,29,DL,0,0,0,0
44,29,UL,0,0,0,0
44,30,DL,0,0,0,0
44,30,UL,0,0,0,0
44,31,DL,0,0,0,0
44,31,UL,0,0,0,0
44,32,DL,0,0,0,0
44,32,UL,0,0,0,0
44,33,DL,0,0,0,0
44,33,UL,0,0,0,0
44,34,DL,0,0,0,0
44,34,UL,0,0,0,0
44,35,DL,0,0,0,0
44,35,UL,0,0,0,0
44,36,DL,0,0,0,0
44,36,UL,0,0,0,0
44,37,DL,0,0,0,0
44,37,UL,0,0,0,0
44,38,DL,0,0,0,0
44,38,UL,0,0,0,0
44,39,DL,0,0,0,0
44,39,UL,0,0,0,0
44,40,DL,0,0,0,0
44,40,UL,0,0,0,0
44,41,DL,0,0,0,0
44,41,UL,0,0,0,0
44,42,DL,0,0,0,0
44,42,UL,0,0,0,0
44,43,DL,0,0,0,0
44,43,UL,0,0,0,0
44,44,DL,0,0,0,0
44,44,UL,0,0,0,0
44,45,DL,0,0,0,0
44,45,UL,0,0,0,0
44,46,DL,0.0638143,0.0596429,0.00784302,4
44,46,UL,0,0,0,0
44,47,DL,0,0,0,0
44,47,UL,0,0,0,0
44,48,DL,0,0,0,0
44,48,UL,0,0,0,0
44,49,DL,0,0,0,0
44,49,UL,0,0,0,0
44,50,DL,0,0,0,0
44,50,UL,0,0,0,0
44,51,DL,0,0,0,0
44,51,UL,0,0,0,0
44,52,DL,0,0,0,0
44,52,UL,0,0,0,0
44,53,DL,0,0,0,0
44,53,UL,0,0,0,0
44,54,DL,0,0,0,0
44,54,UL,0,0,0,0
44,55,DL,0,0,0,0
44,55,UL,0,0,0,0
44,56,DL,0,0,0,0
44,56,UL,0,0,0,0
44,57,DL,0.199725,0.182375,0.0313721,16
44,57,UL,0,0,0,0
44,58,DL,0,0,0,0
44,58,UL,0,0,0,0
44,59,DL,0,0,0,0
44,59,UL,0,0,0,0
46,0,DL,0,0,0,0
46,0,UL,0,0,0,0
46,1,DL,0,0,0,0
46,1,UL,0,0,0,0
46,2,DL,0.526343,0.1457,0.0392151,20
46,2,UL,0,0,0,0
46,3,DL,0,0,0,0
46,3,UL,0,0,0,0
46,4,DL,0,0,0,0
46,4,UL,0,0,0,0
46,5,DL,0,0,0,0
46,5,UL,0,0,0,0
46,6,DL,0,0,0,0
46,6,UL,0,0,0,0
46,7,DL,0,0,0,0
46,7,UL,0,0,0,0
46,8,DL,0,0,0,0
46,8,UL,0,0,0,0
46,9,DL,0,0,0,0
46,9,UL,0,0,0,0
46,10,DL,0,0,0,0
46,10,UL,0,0,0,0
46,11,DL,0,0,0,0
46,11,UL,0,0,0,0
46,12,DL,0,0,0,0
46,12,UL,0,0,0,0
46,13,DL,0,0,0,0
46,13,UL,0,0,0,0
46,14,DL,0,0,0,0
46,14,UL,0,0,0,0
46,15,DL,0,0,0,0
46,15,UL,0,0,0,0
46,16,DL,0,0,0,0
46,16,UL,0,0,0,0
46,17,DL,0,0,0,0
46,17,UL,0,0,0,0
46,18,DL,0,0,0,0
46,18,UL,0,0,0,0
46,19,DL,0,0,0,0
46,19,UL,0,0,0,0
46,20,DL,0,0,0,0
46,20,UL,0,0,0,0
46,21,DL,0,0,0,0
46,21,UL,0,0,0,0
46,22,DL,0,0,0,0
46,22,UL,0,0,0,0
46,23,DL,0,0,0,0
46,23,UL,0,0,0,0
46,24,DL,0,0,0,0
46,24,UL,0,0,0,0
46,25,DL,0,0,0,0
46,25,UL,0,0,0,0
46,26,DL,0,0,0,0
46,26,UL,0,0,0,0
46,27,DL,0.0851,0.061,0.00392151,2
46,27,UL,0,0,0,0
46,28,DL,0,0,0,0
46,28,UL,0,0,0,0
46,29,DL,0,0,0,0
46,29,UL,0,0,0,0
46,30,DL,0,0,0,0
46,30,UL,0,0,0,0
46,31,DL,0,0,0,0
46,31,UL,0,0,0,0
46,32,DL,0,0,0,0
46,32,UL,0,0,0,0
46,33,DL,0,0,0,0
46,33,UL,0,0,0,0
46,34,DL,0,0,0,0
46,34,UL,0,0,0,0
46,35,DL,0,0,0,0
46,35,UL,0,0,0,0
46,36,DL,0,0,0,0
46,36,UL,0,0,0,0
46,37,DL,0,0,0,0
46,37,UL,0,0,0,0
46,38,DL,0,0,0,0
46,38,UL,0,0,0,0
46,39,DL,0,0,0,0
46,39,UL,0,0,0,0
46,40,DL,0,0,0,0
46,40,UL,0,0,0,0
46,41,DL,0.0465,0.041,0.0196075,10
46,41,UL,0,0,0,0
46,42,DL,0,0,0,0
46,42,UL,0,0,0,0
46,43,DL,0.232386,0.287143,0.0274506,14
46,43,UL,0,0,0,0
46,44,DL,0,0,0,0
46,44,UL,0,0,0,0
46,45,DL,0,0,0,0
46,45,UL,0,0,0,0
46,46,DL,1.4256,0.180162,0.0431366,22
46,46,UL,0,0,0,0
46,47,DL,0,0,0,0
46,47,UL,0,0,0,0
46,48,DL,0,0,0,0
46,48,UL,0,0,0,0
46,49,DL,0,0,0,0
46,49,UL,0,0,0,0
46,50,DL,0,0,0,0
46,50,UL,0,0,0,0
46,51,DL,0,0,0,0
46,51,UL,0,0,0,0
46,52,DL,0,0,0,0
46,52,UL,0,0,0,0
46,53,DL,0,0,0,0
46,53,UL,0,0,0,0
46,54,DL,0,0,0,0
46,54,UL,0,0,0,0
46,55,DL,0,0,0,0
46,55,UL,0,0,0,0
46,56,DL,0.1026,0.0878333,0.0235291,12
46,56,UL,0,0,0,0
46,57,DL,1.31943,0.118,0.0117645,6
46,57,UL,0,0,0,0
46,58,DL,0,0,0,0
46,58,UL,0,0,0,0
46,59,DL,0,0,0,0
46,59,UL,0,0,0,0
48,0,DL,0,0,0,0
48,0,UL,0,0,0,0
48,1,DL,0,0,0,0
48,1,UL,0,0,0,0
48,2,DL,0,0,0,0
48,2,UL,0,0,0,0
48,3,DL,0,0,0,0
48,3,UL,0,0,0,0
48,4,DL,0.1991,0.098,0.00784302,4
48,4,UL,0,0,0,0
48,5,DL,0,0,0,0
48,5,UL,0,0,0,0
48,6,DL,0,0,0,0
48,6,UL,0,0,0,0
48,7,DL,0,0,0,0
48,7,UL,0,0,0,0
48,8,DL,0,0,0,0
48,8,UL,0,0,0,0
48,9,DL,0,0,0,0
48,9,UL,0,0,0,0
48,10,DL,0,0,0,0
48,10,UL,0,0,0,0
48,11,DL,0,0,0,0
48,11,UL,0,0,0,0
48,12,DL,0,0,0,0
48,12,UL,0,0,0,0
48,13,DL,0,0,0,0
48,13,UL,0,0,0,0
48,14,DL,0,0,0,0
48,14,UL,0,0,0,0
48,15,DL,0,0,0,0
48,15,UL,0,0,0,0
48,16,DL,0,0,0,0
48,16,UL,0,0,0,0
48,17,DL,0,0,0,0
48,17,UL,0,0,0,0
48,18,DL,0,0,0,0
48,18,UL,0,0,0,0
48,19,DL,0,0,0,0
48,19,UL,0,0,0,0
48,20,DL,0,0,0,0
48,20,UL,0,0,0,0
48,21,DL,0,0,0,0
48,21,UL,0,0,0,0
48,22,DL,0,0,0,0
48,22,UL,0,0,0,0
48,23,DL,0,0,0,0
48,23,UL,0,0,0,0
48,24,DL,0,0,0,0
48,24,UL,0,0,0,0
48,25,DL,0,0,0,0
48,25,UL,0,0,0,0
48,26,DL,0,0,0,0
48,26,UL,0,0,0,0
48,27,DL,0,0,0,0
48,27,UL,0,0,0,0
48,28,DL,0,0,0,0
48,28,UL,0,0,0,0
48,29,DL,0,0,0,0
48,29,UL,0,0,0,0
48,30,DL,0,0,0,0
48,30,UL,0,0,0,0
48,31,DL,0,0,0,0
48,31,UL,0,0,0,0
48,32,DL,0,0,0,0
48,32,UL,0,0,0,0
48,33,DL,0,0,0,0
48,33,UL,0,0,0,0
48,34,DL,0,0,0,0
48,34,UL,0,0,0,0
48,35,DL,0,0,0,0
48,35,UL,0,0,0,0
48,36,DL,0,0,0,0
48,36,UL,0,0,0,0
48,37,DL,0,0,0,0
48,37,UL,0,0,0,0
48,38,DL,0,0,0,0
48,38,UL,0,0,0,0
48,39,DL,0,0,0,0
48,39,UL,0,0,0,0
48,40,DL,0,0,0,0
48,40,UL,0,0,0,0
48,41,DL,0,0,0,0
48,41,UL,0,0,0,0
48,42,DL,0,0,0,0
48,42,UL,0,0,0,0
48,43,DL,0,0,0,0
48,43,UL,0,0,0,0
48,44,DL,0.165767,0.0741667,0.0235291,12
48,44,UL,0,0,0,0
48,45,DL,0,0,0,0
48,45,UL,0,0,0,0
48,46,DL,0,0,0,0
48,46,UL,0,0,0,0
48,47,DL,0,0,0,0
48,47,UL,0,0,0,0
48,48,DL,0,0,0,0
48,48,UL,0,0,0,0
48,49,DL,5.86243,0.703222,0.0352936,18
48,49,UL,0,0,0,0
48,50,DL,0,0,0,0
48,50,UL,0,0,0,0
48,51,DL,0,0,0,0
48,51,UL,0,0,0,0
48,52,DL,0,0,0,0
48,52,UL,0,0,0,0
48,53,DL,0,0,0,0
48,53,UL,0,0,0,0
48,54,DL,0,0,0,0
48,54,UL,0,0,0,0
48,55,DL,0,0,0,0
48,55,UL,0,0,0,0
48,56,DL,0,0,0,0
48,56,UL,0,0,0,0
48,57,DL,0,0,0,0
48,57,UL,0,0,0,0
48,58,DL,0,0,0,0
48,58,UL,0,0,0,0
48,59,DL,0,0,0,0
48,59,UL,0,0,0,0
50,0,DL,0,0,0,0
50,0,UL,0,0,0,0
50,1,DL,0,0,0,0
50,1,UL,0,0,0,0
50,2,DL,0,0,0,0
50,2,UL,0,0,0,0
50,3,DL,0,0,0,0
50,3,UL,0,0,0,0
50,4,DL,0,0,0,0
50,4,UL,0,0,0,0
50,5,DL,0,0,0,0
50,5,UL,0,0,0,0
50,6,DL,0,0,0,0
50,6,UL,0,0,0,0
50,7,DL,0,0,0,0
50,7,UL,0,0,0,0
50,8,DL,0,0,0,0
50,8,UL,0,0,0,0
50,9,DL,0,0,0,0
50,9,UL,0,0,0,0
50,10,DL,0,0,0,0
50,10,UL,0,0,0,0
50,11,DL,0,0,0,0
50,11,UL,0,0,0,0
50,12,DL,0,0,0,0
50,12,UL,0,0,0,0
50,13,DL,0,0,0,0
50,13,UL,0,0,0,0
50,14,DL,0,0,0,0
50,14,UL,0,0,0,0
50,15,DL,0,0,0,0
50,15,UL,0,0,0,0
50,16,DL,0,0,0,0
50,16,UL,0,0,0,0
50,17,DL,0,0,0,0
50,17,UL,0,0,0,0
50,18,DL,0,0,0,0
50,18,UL,0,0,0,0
50,19,DL,0,0,0,0
50,19,UL,0,0,0,0
50,20,DL,0,0,0,0
50,20,UL,0,0,0,0
50,21,DL,0,0,0,0
50,21,UL,0,0,0,0
50,22,DL,0,0,0,0
50,22,UL,0,0,0,0
50,23,DL,0,0,0,0
50,23,UL,0,0,0,0
50,24,DL,0,0,0,0
50,24,UL,0,0,0,0
50,25,DL,0,0,0,0
50,25,UL,0,0,0,0
50,26,DL,0,0,0,0
50,26,UL,0,0,0,0
50,27,DL,0,0,0,0
50,27,UL,0,0,0,0
50,28,DL,0,0,0,0
50,28,UL,0,0,0,0
50,29,DL,0,0,0,0
50,29,UL,0,0,0,0
50,30,DL,0,0,0,0
50,30,UL,0,0,0,0
50,31,DL,0,0,0,0
50,31,UL,0,0,0,0
50,32,DL,0,0,0,0
50,32,UL,0,0,0,0
50,33,DL,0,0,0,0
50,33,UL,0,0,0,0
50,34,DL,0,0,0,0
50,34,UL,0,0,0,0
50,35,DL,0,0,0,0
50,35,UL,0,0,0,0
50,36,DL,0,0,0,0
50,36,UL,0,0,0,0
50,37,DL,0.0241,0.443,0.00392151,2
50,37,UL,0,0,0,0
50,38,DL,0,0,0,0
50,38,UL,0,0,0,0
50,39,DL,0,0,0,0
50,39,UL,0,0,0,0
50,40,DL,0.0679571,0.0411429,0.0274506,14
50,40,UL,0,0,0,0
50,41,DL,0,0,0,0
50,41,UL,0,0,0,0
50,42,DL,0,0,0,0
50,42,UL,0,0,0,0
50,43,DL,0,0,0,0
50,43,UL,0,0,0,0
50,44,DL,0,0,0,0
50,44,UL,0,0,0,0
50,45,DL,0.155243,0.174337,0.0274506,14
50,45,UL,0,0,0,0
50,46,DL,0,0,0,0
50,46,UL,0,0,0,0
50,47,DL,0,0,0,0
50,47,UL,0,0,0,0
50,48,DL,0,0,0,0
50,48,UL,0,0,0,0
50,49,DL,0,0,0,0
50,49,UL,0,0,0,0
50,50,DL,0,0,0,0
50,50,UL,0,0,0,0
50,51,DL,0,0,0,0
50,51,UL,0,0,0,0
50,52,DL,0,0,0,0
50,52,UL,0,0,0,0
50,53,DL,0,0,0,0
50,53,UL,0,0,0,0
50,54,DL,0,0,0,0
50,54,UL,0,0,0,0
50,55,DL,0,0,0,0
50,55,UL,0,0,0,0
50,56,DL,0,0,0,0
50,56,UL,0,0,0,0
50,57,DL,0.0564333,0.245833,0.0235291,12
50,57,UL,0,0,0,0
50,58,DL,0,0,0,0
50,58,UL,0,0,0,0
50,59,DL,8.11884,2.73276,0.0117645,6
50,59,UL,0,0,0,0
52,0,DL,0,0,0,0
52,0,UL,0,0,0,0
52,1,DL,0,0,0,0
52,1,UL,0,0,0,0
52,2,DL,0,0,0,0
52,2,UL,0,0,0,0
52,3,DL,0,0,0,0
52,3,UL,0,0,0,0
52,4,DL,0,0,0,0
52,4,UL,0,0,0,0
52,5,DL,0,0,0,0
52,5,UL,0,0,0,0
52,6,DL,0,0,0,0
52,6,UL,0,0,0,0
52,7,DL,0,0,0,0
52,7,UL,0,0,0,0
52,8,DL,0,0,0,0
52,8,UL,0,0,0,0
52,9,DL,0,0,0,0
52,9,UL,0,0,0,0
52,10,DL,0,0,0,0
52,10,UL,0,0,0,0
52,11,DL,0,0,0,0
52,11,UL,0,0,0,0
52,12,DL,0,0,0,0
52,12,UL,0,0,0,0
52,13,DL,0,0,0,0
52,13,UL,0,0,0,0
52,14,DL,0,0,0,0
52,14,UL,0,0,0,0
52,15,DL,0,0,0,0
52,15,UL,0,0,0,0
52,16,DL,0,0,0,0
52,16,UL,0,0,0,0
52,17,DL,0,0,0,0
52,17,UL,0,0,0,0
52,18,DL,0,0,0,0
52,18,UL,0,0,0,0
52,19,DL,0,0,0,0
52,19,UL,0,0,0,0
52,20,DL,0,0,0,0
52,20,UL,0,0,0,0
52,21,DL,0,0,0,0
52,21,UL,0,0,0,0
52,22,DL,0,0,0,0
52,22,UL,0,0,0,0
52,23,DL,0,0,0,0
52,23,UL,0,0,0,0
52,24,DL,0,0,0,0
52,24,UL,0,0,0,0
52,25,DL,0,0,0,0
52,25,UL,0,0,0,0
52,26,DL,0,0,0,0
52,26,UL,0,0,0,0
52,27,DL,0,0,0,0
52,27,UL,0,0,0,0
52,28,DL,0.0121,0.094,0.00392151,2
52,28,UL,0,0,0,0
52,29,DL,0,0,0,0
52,29,UL,0,0,0,0
52,30,DL,0,0,0,0
52,30,UL,0,0,0,0
52,31,DL,0,0,0,0
52,31,UL,0,0,0,0
52,32,DL,0,0,0,0
52,32,UL,0,0,0,0
52,33,DL,0,0,0,0
52,33,UL,0,0,0,0
52,34,DL,0,0,0,0
52,34,UL,0,0,0,0
52,35,DL,0,0,0,0
52,35,UL,0,0,0,0
52,36,DL,0,0,0,0
52,36,UL,0,0,0,0
52,37,DL,0,0,0,0
52,37,UL,0,0,0,0
52,38,DL,0,0,0,0
52,38,UL,0,0,0,0
52,39,DL,0,0,0,0
52,39,UL,0,0,0,0
52,40,DL,1.10904,0.220611,0.0705872,36
52,40,UL,0,0,0,0
52,41,DL,0,0,0,0
52,41,UL,0,0,0,0
52,42,DL,0,0,0,0
52,42,UL,0,0,0,0
52,43,DL,0,0,0,0
52,43,UL,0,0,0,0
52,44,DL,0.0685167,0.0572917,0.0941162,48
52,44,UL,0,0,0,0
52,45,DL,0,0,0,0
52,45,UL,0,0,0,0
52,46,DL,0,0,0,0
52,46,UL,0,0,0,0
52,47,DL,0,0,0,0
52,47,UL,0,0,0,0
52,48,DL,0,0,0,0
52,48,UL,0,0,0,0
52,49,DL,0,0,0,0
52,49,UL,0,0,0,0
52,50,DL,0,0,0,0
52,50,UL,0,0,0,0
52,51,DL,0,0,0,0
52,51,UL,0,0,0,0
52,52,DL,0,0,0,0
52,52,UL,0,0,0,0
52,53,DL,0,0,0,0
52,53,UL,0,0,0,0
52,54,DL,0,0,0,0
52,54,UL,0,0,0,0
52,55,DL,0,0,0,0
52,55,UL,0,0,0,0
52,56,DL,0.3671,0.042,0.00392151,2
52,56,UL,0,0,0,0
52,57,DL,0,0,0,0
52,57,UL,0,0,0,0
52,58,DL,0,0,0,0
52,58,UL,0,0,0,0
52,59,DL,0,0,0,0
52,59,UL,0,0,0,0
54,0,DL,0,0,0,0
54,0,UL,0,0,0,0
54,1,DL,0,0,0,0
54,1,UL,0,0,0,0
54,2,DL,0,0,0,0
54,2,UL,0,0,0,0
54,3,DL,0,0,0,0
54,3,UL,0,0,0,0
54,4,DL,0,0,0,0
54,4,UL,0,0,0,0
54,5,DL,0,0,0,0
54,5,UL,0,0,0,0
54,6,DL,0,0,0,0
54,6,UL,0,0,0,0
54,7,DL,0,0,0,0
54,7,UL,0,0,0,0
54,8,DL,0,0,0,0
54,8,UL,0,0,0,0
54,9,DL,0,0,0,0
54,9,UL,0,0,0,0
54,10,DL,0,0,0,0
54,10,UL,0,0,0,0
54,11,DL,0,0,0,0
54,11,UL,0,0,0,0
54,12,DL,0,0,0,0
54,12,UL,0,0,0,0
54,13,DL,0,0,0,0
54,13,UL,0,0,0,0
54,14,DL,0,0,0,0
54,14,UL,0,0,0,0
54,15,DL,0,0,0,0
54,15,UL,0,0,0,0
54,16,DL,0,0,0,0
54,16,UL,0,0,0,0
54,17,DL,0,0,0,0
54,17,UL,0,0,0,0
54,18,DL,0,0,0,0
54,18,UL,0,0,0,0
54,19,DL,0,0,0,0
54,19,UL,0,0,0,0
54,20,DL,0,0,0,0
54,20,UL,0,0,0,0
54,21,DL,0,0,0,0
54,21,UL,0,0,0,0
54,22,DL,0,0,0,0
54,22,UL,0,0,0,0
54,23,DL,0,0,0,0
54,23,UL,0,0,0,0
54,24,DL,0,0,0,0
54,24,UL,0,0,0,0
54,25,DL,0,0,0,0
54,25,UL,0,0,0,0
54,26,DL,0,0,0,0
54,26,UL,0,0,0,0
54,27,DL,0,0,0,0
54,27,UL,0,0,0,0
54,28,DL,0,0,0,0
54,28,UL,0,0,0,0
54,29,DL,0.101,0.05155,0.0392151,20
54,29,UL,0,0,0,0
54,30,DL,0,0,0,0
54,30,UL,0,0,0,0
54,31,DL,0,0,0,0
54,31,UL,0,0,0,0
54,32,DL,0,0,0,0
54,32,UL,0,0,0,0
54,33,DL,0,0,0,0
54,33,UL,0,0,0,0
54,34,DL,0,0,0,0
54,34,UL,0,0,0,0
54,35,DL,0,0,0,0
54,35,UL,0,0,0,0
54,36,DL,0,0,0,0
54,36,UL,0,0,0,0
54,37,DL,0,0,0,0
54,37,UL,0,0,0,0
54,38,DL,0,0,0,0
54,38,UL,0,0,0,0
54,39,DL,0,0,0,0
54,39,UL,0,0,0,0
54,40,DL,0,0,0,0
54,40,UL,0,0,0,0
54,41,DL,0,0,0,0
54,41,UL,0,0,0,0
54,42,DL,0,0,0,0
54,42,UL,0,0,0,0
54,43,DL,0,0,0,0
54,43,UL,0,0,0,0
54,44,DL,0,0,0,0
54,44,UL,0,0,0,0
54,45,DL,0,0,0,0
54,45,UL,0,0,0,0
54,46,DL,0,0,0,0
54,46,UL,0,0,0,0
54,47,DL,0,0,0,0
54,47,UL,0,0,0,0
54,48,DL,0,0,0,0
54,48,UL,0,0,0,0
54,49,DL,0,0,0,0
54,49,UL,0,0,0,0
54,50,DL,0,0,0,0
54,50,UL,0,0,0,0
54,51,DL,0,0,0,0
54,51,UL,0,0,0,0
54,52,DL,0,0,0,0
54,52,UL,0,0,0,0
54,53,DL,0,0,0,0
54,53,UL,0,0,0,0
54,54,DL,0,0,0,0
54,54,UL,0,0,0,0
54,55,DL,0,0,0,0
54,55,UL,0,0,0,0
54,56,DL,0,0,0,0
54,56,UL,0,0,0,0
54,57,DL,0,0,0,0
54,57,UL,0,0,0,0
54,58,DL,0,0,0,0
54,58,UL,0,0,0,0
54,59,DL,0,0,0,0
54,59,UL,0,0,0,0
56,0,DL,0.0401,0.16,0.0117645,6
56,0,UL,0,0,0,0
56,1,DL,0,0,0,0
56,1,UL,0,0,0,0
56,2,DL,0,0,0,0
56,2,UL,0,0,0,0
56,3,DL,0,0,0,0
56,3,UL,0,0,0,0
56,4,DL,0,0,0,0
56,4,UL,0,0,0,0
56,5,DL,0,0,0,0
56,5,UL,0,0,0,0
56,6,DL,0,0,0,0
56,6,UL,0,0,0,0
56,7,DL,0,0,0,0
56,7,UL,0,0,0,0
56,8,DL,0,0,0,0
56,8,UL,0,0,0,0
56,9,DL,0,0,0,0
56,9,UL,0,0,0,0
56,10,DL,0,0,0,0
56,10,UL,0,0,0,0
56,11,DL,0,0,0,0
56,11,UL,0,0,0,0
56,12,DL,0,0,0,0
56,12,UL,0,0,0,0
56,13,DL,0,0,0,0
56,13,UL,0,0,0,0
56,14,DL,0,0,0,0
56,14,UL,0,0,0,0
56,15,DL,0,0,0,0
56,15,UL,0,0,0,0
56,16,DL,0,0,0,0
56,16,UL,0,0,0,0
56,17,DL,0,0,0,0
56,17,UL,0,0,0,0
56,18,DL,0,0,0,0
56,18,UL,0,0,0,0
56,19,DL,0,0,0,0
56,19,UL,0,0,0,0
56,20,DL,0,0,0,0
56,20,UL,0,0,0,0
56,21,DL,0,0,0,0
56,21,UL,0,0,0,0
56,22,DL,0,0,0,0
56,22,UL,0,0,0,0
56,23,DL,0,0,0,0
56,23,UL,0,0,0,0
56,24,DL,0,0,0,0
56,24,UL,0,0,0,0
56,25,DL,0,0,0,0
56,25,UL,0,0,0,0
56,26,DL,0.0111,0.003,0.00392151,2
56,26,UL,0,0,0,0
56,27,DL,0,0,0,0
56,27,UL,0,0,0,0
56,28,DL,0,0,0,0
56,28,UL,0,0,0,0
56,29,DL,0,0,0,0
56,29,UL,0,0,0,0
56,30,DL,0,0,0,0
56,30,UL,0,0,0,0
56,31,DL,0,0,0,0
56,31,UL,0,0,0,0
56,32,DL,0,0,0,0
56,32,UL,0,0,0,0
56,33,DL,0,0,0,0
56,33,UL,0,0,0,0
56,34,DL,0,0,0,0
56,34,UL,0,0,0,0
56,35,DL,0,0,0,0
56,35,UL,0,0,0,0
56,36,DL,0,0,0,0
56,36,UL,0,0,0,0
56,37,DL,0,0,0,0
56,37,UL,0,0,0,0
56,38,DL,0,0,0,0
56,38,UL,0,0,0,0
56,39,DL,0.2368,0.0488,0.0392151,20
56,39,UL,0,0,0,0
56,40,DL,0,0,0,0
56,40,UL,0,0,0,0
56,41,DL,0,0,0,0
56,41,UL,0,0,0,0
56,42,DL,0,0,0,0
56,42,UL,0,0,0,0
56,43,DL,0,0,0,0
56,43,UL,0,0,0,0
56,44,DL,0,0,0,0
56,44,UL,0,0,0,0
56,45,DL,0,0,0,0
56,45,UL,0,0,0,0
56,46,DL,0,0,0,0
56,46,UL,0,0,0,0
56,47,DL,0,0,0,0
56,47,UL,0,0,0,0
56,48,DL,0,0,0,0
56,48,UL,0,0,0,0
56,49,DL,0,0,0,0
56,49,UL,0,0,0,0
56,50,DL,0,0,0,0
56,50,UL,0,0,0,0
56,51,DL,0,0,0,0
56,51,UL,0,0,0,0
56,52,DL,0,0,0,0
56,52,UL,0,0,0,0
56,53,DL,0,0,0,0
56,53,UL,0,0,0,0
56,54,DL,0,0,0,0
56,54,UL,0,0,0,0
56,55,DL,0,0,0,0
56,55,UL,0,0,0,0
56,56,DL,0,0,0,0
56,56,UL,0,0,0,0
56,57,DL,0.0861,0.0576667,0.0117645,6
56,57,UL,0,0,0,0
56,58,DL,0,0,0,0
56,58,UL,0,0,0,0
56,59,DL,0,0,0,0
56,59,UL,0,0,0,0
58,0,DL,0,0,0,0
58,0,UL,0,0,0,0
58,1,DL,0,0,0,0
58,1,UL,0,0,0,0
58,2,DL,0,0,0,0
58,2,UL,0,0,0,0
58,3,DL,0,0,0,0
58,3,UL,0,0,0,0
58,4,DL,0,0,0,0
58,4,UL,0,0,0,0
58,5,DL,0,0,0,0
58,5,UL,0,0,0,0
58,6,DL,0,0,0,0
58,6,UL,0,0,0,0
58,7,DL,0,0,0,0
58,7,UL,0,0,0,0
58,8,DL,0,0,0,0
58,8,UL,0,0,0,0
58,9,DL,0,0,0,0
58,9,UL,0,0,0,0
58,10,DL,0,0,0,0
58,10,UL,0,0,0,0
58,11,DL,0,0,0,0
58,11,UL,0,0,0,0
58,12,DL,0,0,0,0
58,12,UL,0,0,0,0
58,13,DL,0,0,0,0
58,13,UL,0,0,0,0
58,14,DL,0,0,0,0
58,14,UL,0,0,0,0
58,15,DL,0,0,0,0
58,15,UL,0,0,0,0
58,16,DL,0,0,0,0
58,16,UL,0,0,0,0
58,17,DL,0,0,0,0
58,17,UL,0,0,0,0
58,18,DL,0,0,0,0
58,18,UL,0,0,0,0
58,19,DL,0,0,0,0
58,19,UL,0,0,0,0
58,20,DL,0,0,0,0
58,20,UL,0,0,0,0
58,21,DL,0,0,0,0
58,21,UL,0,0,0,0
58,22,DL,0,0,0,0
58,22,UL,0,0,0,0
58,23,DL,0,0,0,0
58,23,UL,0,0,0,0
58,24,DL,0,0,0,0
58,24,UL,0,0,0,0
58,25,DL,0,0,0,0
58,25,UL,0,0,0,0
58,26,DL,0,0,0,0
58,26,UL,0,0,0,0
58,27,DL,0.1411,0.0723333,0.0352936,18
58,27,UL,0,0,0,0
58,28,DL,0,0,0,0
58,28,UL,0,0,0,0
58,29,DL,0,0,0,0
58,29,UL,0,0,0,0
58,30,DL,0,0,0,0
58,30,UL,0,0,0,0
58,31,DL,0,0,0,0
58,31,UL,0,0,0,0
58,32,DL,0,0,0,0
58,32,UL,0,0,0,0
58,33,DL,0,0,0,0
58,33,UL,0,0,0,0
58,34,DL,0,0,0,0
58,34,UL,0,0,0,0
58,35,DL,0,0,0,0
58,35,UL,0,0,0,0
58,36,DL,0,0,0,0
58,36,UL,0,0,0,0
58,37,DL,0,0,0,0
58,37,UL,0,0,0,0
58,38,DL,0,0,0,0
58,38,UL,0,0,0,0
58,39,DL,0.93855,0.17545,0.0784302,40
58,39,UL,0,0,0,0
58,40,DL,0.104433,0.0476667,0.0235291,12
58,40,UL,0,0,0,0
58,41,DL,0,0,0,0
58,41,UL,0,0,0,0
58,42,DL,0,0,0,0
58,42,UL,0,0,0,0
58,43,DL,0,0,0,0
58,43,UL,0,0,0,0
58,44,DL,0,0,0,0
58,44,UL,0,0,0,0
58,45,DL,0,0,0,0
58,45,UL,0,0,0,0
58,46,DL,0,0,0,0
58,46,UL,0,0,0,0
58,47,DL,0,0,0,0
58,47,UL,0,0,0,0
58,48,DL,0,0,0,0
58,48,UL,0,0,0,0
58,49,DL,0,0,0,0
58,49,UL,0,0,0,0
58,50,DL,0,0,0,0
58,50,UL,0,0,0,0
58,51,DL,0,0,0,0
58,51,UL,0,0,0,0
58,52,DL,0,0,0,0
58,52,UL,0,0,0,0
58,53,DL,0,0,0,0
58,53,UL,0,0,0,0
58,54,DL,0,0,0,0
58,54,UL,0,0,0,0
58,55,DL,0,0,0,0
58,55,UL,0,0,0,0
58,56,DL,0,0,0,0
58,56,UL,0,0,0,0
58,57,DL,0,0,0,0
58,57,UL,0,0,0,0
58,58,DL,0,0,0,0
58,58,UL,0,0,0,0
58,59,DL,0,0,0,0
58,59,UL,0,0,0,0
60,0,DL,0,0,0,0
60,0,UL,0,0,0,0
60,1,DL,0,0,0,0
60,1,UL,0,0,0,0
60,2,DL,0.0916517,0.0571847,0.113724,58
60,2,UL,0,0,0,0
60,3,DL,0,0,0,0
60,3,UL,0,0,0,0
60,4,DL,0,0,0,0
60,4,UL,0,0,0,0
60,5,DL,0,0,0,0
60,5,UL,0,0,0,0
60,6,DL,0,0,0,0
60,6,UL,0,0,0,0
60,7,DL,0,0,0,0
60,7,UL,0,0,0,0
60,8,DL,0,0,0,0
60,8,UL,0,0,0,0
60,9,DL,0,0,0,0
60,9,UL,0,0,0,0
60,10,DL,0,0,0,0
60,10,UL,0,0,0,0
60,11,DL,0,0,0,0
60,11,UL,0,0,0,0
60,12,DL,0,0,0,0
60,12,UL,0,0,0,0
60,13,DL,0,0,0,0
60,13,UL,0,0,0,0
60,14,DL,0,0,0,0
60,14,UL,0,0,0,0
60,15,DL,0,0,0,0
60,15,UL,0,0,0,0
60,16,DL,0,0,0,0
60,16,UL,0,0,0,0
60,17,DL,0,0,0,0
60,17,UL,0,0,0,0
60,18,DL,0,0,0,0
60,18,UL,0,0,0,0
60,19,DL,0,0,0,0
60,19,UL,0,0,0,0
60,20,DL,0,0,0,0
60,20,UL,0,0,0,0
60,21,DL,0,0,0,0
60,21,UL,0,0,0,0
60,22,DL,0,0,0,0
60,22,UL,0,0,0,0
60,23,DL,0,0,0,0
60,23,UL,0,0,0,0
60,24,DL,0,0,0,0
60,24,UL,0,0,0,0
60,25,DL,0,0,0,0
60,25,UL,0,0,0,0
60,26,DL,0,0,0,0
60,26,UL,0,0,0,0
60,27,DL,0,0,0,0
60,27,UL,0,0,0,0
60,28,DL,0,0,0,0
60,28,UL,0,0,0,0
60,29,DL,0,0,0,0
60,29,UL,0,0,0,0
60,30,DL,0,0,0,0
60,30,UL,0,0,0,0
60,31,DL,0,0,0,0
60,31,UL,0,0,0,0
60,32,DL,0,0,0,0
60,32,UL,0,0,0,0
60,33,DL,0,0,0,0
60,33,UL,0,0,0,0
60,34,DL,0,0,0,0
60,34,UL,0,0,0,0
60,35,DL,0,0,0,0
60,35,UL,0,0,0,0
60,36,DL,0,0,0,0
60,36,UL,0,0,0,0
60,37,DL,0,0,0,0
60,37,UL,0,0,0,0
60,38,DL,0,0,0,0
60,38,UL,0,0,0,0
60,39,DL,0,0,0,0
60,39,UL,0,0,0,0
60,40,DL,0,0,0,0
60,40,UL,0,0,0,0
60,41,DL,0,0,0,0
60,41,UL,0,0,0,0
60,42,DL,0,0,0,0
60,42,UL,0,0,0,0
60,43,DL,0,0,0,0
60,43,UL,0,0,0,0
60,44,DL,0,0,0,0
60,44,UL,0,0,0,0
60,45,DL,0.1511,0.0551667,0.0235291,12
60,45,UL,0,0,0,0
60,46,DL,0,0,0,0
60,46,UL,0,0,0,0
60,47,DL,0,0,0,0
60,47,UL,0,0,0,0
60,48,DL,0,0,0,0
60,48,UL,0,0,0,0
60,49,DL,0,0,0,0
60,49,UL,0,0,0,0
60,50,DL,0,0,0,0
60,50,UL,0,0,0,0
60,51,DL,0,0,0,0
60,51,UL,0,0,0,0
60,52,DL,0,0,0,0
60,52,UL,0,0,0,0
60,53,DL,0,0,0,0
60,53,UL,0,0,0,0
60,54,DL,0,0,0,0
60,54,UL,0,0,0,0
60,55,DL,0,0,0,0
60,55,UL,0,0,0,0
60,56,DL,0,0,0,0
60,56,UL,0,0,0,0
60,57,DL,0,0,0,0
60,57,UL,0,0,0,0
60,58,DL,0.0321,0.011,0.00784302,4
60,58,UL,0,0,0,0
60,59,DL,0,0,0,0
60,59,UL,0,0,0,0
62,0,DL,0,0,0,0
62,0,UL,0,0,0,0
62,1,DL,0,0,0,0
62,1,UL,0,0,0,0
62,2,DL,0,0,0,0
62,2,UL,0,0,0,0
62,3,DL,0,0,0,0
62,3,UL,0,0,0,0
62,4,DL,0,0,0,0
62,4,UL,0,0,0,0
62,5,DL,0,0,0,0
62,5,UL,0,0,0,0
62,6,DL,0,0,0,0
62,6,UL,0,0,0,0
62,7,DL,0,0,0,0
62,7,UL,0,0,0,0
62,8,DL,0,0,0,0
62,8,UL,0,0,0,0
62,9,DL,0,0,0,0
62,9,UL,0,0,0,0
62,10,DL,0,0,0,0
62,10,UL,0,0,0,0
62,11,DL,0,0,0,0
62,11,UL,0,0,0,0
62,12,DL,0,0,0,0
62,12,UL,0,0,0,0
62,13,DL,0,0,0,0
62,13,UL,0,0,0,0
62,14,DL,0,0,0,0
62,14,UL,0,0,0,0
62,15,DL,0,0,0,0
62,15,UL,0,0,0,0
62,16,DL,0,0,0,0
62,16,UL,0,0,0,0
62,17,DL,0,0,0,0
62,17,UL,0,0,0,0
62,18,DL,0,0,0,0
62,18,UL,0,0,0,0
62,19,DL,0,0,0,0
62,19,UL,0,0,0,0
62,20,DL,0,0,0,0
62,20,UL,0,0,0,0
62,21,DL,0,0,0,0
62,21,UL,0,0,0,0
62,22,DL,0,0,0,0
62,22,UL,0,0,0,0
62,23,DL,0.0131,0.051,0.00392151,2
62,23,UL,0,0,0,0
62,24,DL,0,0,0,0
62,24,UL,0,0,0,0
62,25,DL,0,0,0,0
62,25,UL,0,0,0,0
62,26,DL,0.0811,0.0633333,0.0117645,6
62,26,UL,0,0,0,0
62,27,DL,0.0141,0.22,0.00392151,2
62,27,UL,0,0,0,0
62,28,DL,0,0,0,0
62,28,UL,0,0,0,0
62,29,DL,0.0963857,0.0512857,0.0549011,28
62,29,UL,0,0,0,0
62,30,DL,0,0,0,0
62,30,UL,0,0,0,0
62,31,DL,0,0,0,0
62,31,UL,0,0,0,0
62,32,DL,0,0,0,0
62,32,UL,0,0,0,0
62,33,DL,0,0,0,0
62,33,UL,0,0,0,0
62,34,DL,0,0,0,0
62,34,UL,0,0,0,0
62,35,DL,0,0,0,0
62,35,UL,0,0,0,0
62,36,DL,0,0,0,0
62,36,UL,0,0,0,0
62,37,DL,0,0,0,0
62,37,UL,0,0,0,0
62,38,DL,0,0,0,0
62,38,UL,0,0,0,0
62,39,DL,0,0,0,0
62,39,UL,0,0,0,0
62,40,DL,0,0,0,0
62,40,UL,0,0,0,0
62,41,DL,0,0,0,0
62,41,UL,0,0,0,0
62,42,DL,0,0,0,0
62,42,UL,0,0,0,0
62,43,DL,0,0,0,0
62,43,UL,0,0,0,0
62,44,DL,0,0,0,0
62,44,UL,0,0,0,0
62,45,DL,0,0,0,0
62,45,UL,0,0,0,0
62,46,DL,0,0,0,0
62,46,UL,0,0,0,0
62,47,DL,0,0,0,0
62,47,UL,0,0,0,0
62,48,DL,0,0,0,0
62,48,UL,0,0,0,0
62,49,DL,0,0,0,0
62,49,UL,0,0,0,0
62,50,DL,0,0,0,0
62,50,UL,0,0,0,0
62,51,DL,0,0,0,0
62,51,UL,0,0,0,0
62,52,DL,0,0,0,0
62,52,UL,0,0,0,0
62,53,DL,0,0,0,0
62,53,UL,0,0,0,0
62,54,DL,0,0,0,0
62,54,UL,0,0,0,0
62,55,DL,0,0,0,0
62,55,UL,0,0,0,0
62,56,DL,0,0,0,0
62,56,UL,0,0,0,0
62,57,DL,0,0,0,0
62,57,UL,0,0,0,0
62,58,DL,0,0,0,0
62,58,UL,0,0,0,0
62,59,DL,0,0,0,0
62,59,UL,0,0,0,0
64,0,DL,0,0,0,0
64,0,UL,0,0,0,0
64,1,DL,0,0,0,0
64,1,UL,0,0,0,0
64,2,DL,0,0,0,0
64,2,UL,0,0,0,0
64,3,DL,0,0,0,0
64,3,UL,0,0,0,0
64,4,DL,0,0,0,0
64,4,UL,0,0,0,0
64,5,DL,0,0,0,0
64,5,UL,0,0,0,0
64,6,DL,0,0,0,0
64,6,UL,0,0,0,0
64,7,DL,0,0,0,0
64,7,UL,0,0,0,0
64,8,DL,0,0,0,0
64,8,UL,0,0,0,0
64,9,DL,0.3393,0.0906,0.0392151,20
64,9,UL,0,0,0,0
64,10,DL,0,0,0,0
64,10,UL,0,0,0,0
64,11,DL,0,0,0,0
64,11,UL,0,0,0,0
64,12,DL,0,0,0,0
64,12,UL,0,0,0,0
64,13,DL,0,0,0,0
64,13,UL,0,0,0,0
64,14,DL,0,0,0,0
64,14,UL,0,0,0,0
64,15,DL,0,0,0,0
64,15,UL,0,0,0,0
64,16,DL,0,0,0,0
64,16,UL,0,0,0,0
64,17,DL,0,0,0,0
64,17,UL,0,0,0,0
64,18,DL,0,0,0,0
64,18,UL,0,0,0,0
64,19,DL,0,0,0,0
64,19,UL,0,0,0,0
64,20,DL,0,0,0,0
64,20,UL,0,0,0,0
64,21,DL,0,0,0,0
64,21,UL,0,0,0,0
64,22,DL,0,0,0,0
64,22,UL,0,0,0,0
64,23,DL,0,0,0,0
64,23,UL,0,0,0,0
64,24,DL,0,0,0,0
64,24,UL,0,0,0,0
64,25,DL,0,0,0,0
64,25,UL,0,0,0,0
64,26,DL,0,0,0,0
64,26,UL,0,0,0,0
64,27,DL,0,0,0,0
64,27,UL,0,0,0,0
64,28,DL,0,0,0,0
64,28,UL,0,0,0,0
64,29,DL,1.65174,1.63864,0.00392151,2
64,29,UL,0,0,0,0
64,30,DL,0,0,0,0
64,30,UL,0,0,0,0
64,31,DL,0,0,0,0
64,31,UL,0,0,0,0
64,32,DL,0,0,0,0
64,32,UL,0,0,0,0
64,33,DL,0,0,0,0
64,33,UL,0,0,0,0
64,34,DL,0,0,0,0
64,34,UL,0,0,0,0
64,35,DL,0,0,0,0
64,35,UL,0,0,0,0
64,36,DL,0,0,0,0
64,36,UL,0,0,0,0
64,37,DL,0,0,0,0
64,37,UL,0,0,0,0
64,38,DL,0,0,0,0
64,38,UL,0,0,0,0
64,39,DL,0,0,0,0
64,39,UL,0,0,0,0
64,40,DL,0.41935,0.122125,0.0627441,32
64,40,UL,0,0,0,0
64,41,DL,0,0,0,0
64,41,UL,0,0,0,0
64,42,DL,0,0,0,0
64,42,UL,0,0,0,0
64,43,DL,0,0,0,0
64,43,UL,0,0,0,0
64,44,DL,0,0,0,0
64,44,UL,0,0,0,0
64,45,DL,0,0,0,0
64,45,UL,0,0,0,0
64,46,DL,0,0,0,0
64,46,UL,0,0,0,0
64,47,DL,0,0,0,0
64,47,UL,0,0,0,0
64,48,DL,0,0,0,0
64,48,UL,0,0,0,0
64,49,DL,0,0,0,0
64,49,UL,0,0,0,0
64,50,DL,0,0,0,0
64,50,UL,0,0,0,0
64,51,DL,0,0,0,0
64,51,UL,0,0,0,0
64,52,DL,0,0,0,0
64,52,UL,0,0,0,0
64,53,DL,0,0,0,0
64,53,UL,0,0,0,0
64,54,DL,0,0,0,0
64,54,UL,0,0,0,0
64,55,DL,0,0,0,0
64,55,UL,0,0,0,0
64,56,DL,0,0,0,0
64,56,UL,0,0,0,0
64,57,DL,0,0,0,0
64,57,UL,0,0,0,0
64,58,DL,0,0,0,0
64,58,UL,0,0,0,0
64,59,DL,0,0,0,0
64,59,UL,0,0,0,0
66,0,DL,0,0,0,0
66,0,UL,0,0,0,0
66,1,DL,0,0,0,0
66,1,UL,0,0,0,0
66,2,DL,0,0,0,0
66,2,UL,0,0,0,0
66,3,DL,0,0,0,0
66,3,UL,0,0,0,0
66,4,DL,0,0,0,0
66,4,UL,0,0,0,0
66,5,DL,0,0,0,0
66,5,UL,0,0,0,0
66,6,DL,0,0,0,0
66,6,UL,0,0,0,0
66,7,DL,0.106433,0.067,0.0117645,6
66,7,UL,0,0,0,0
66,8,DL,0,0,0,0
66,8,UL,0,0,0,0
66,9,DL,0,0,0,0
66,9,UL,0,0,0,0
66,10,DL,0,0,0,0
66,10,UL,0,0,0,0
66,11,DL,0,0,0,0
66,11,UL,0,0,0,0
66,12,DL,0,0,0,0
66,12,UL,0,0,0,0
66,13,DL,0,0,0,0
66,13,UL,0,0,0,0
66,14,DL,0,0,0,0
66,14,UL,0,0,0,0
66,15,DL,0,0,0,0
66,15,UL,0,0,0,0
66,16,DL,0,0,0,0
66,16,UL,0,0,0,0
66,17,DL,0,0,0,0
66,17,UL,0,0,0,0
66,18,DL,0,0,0,0
66,18,UL,0,0,0,0
66,19,DL,0,0,0,0
66,19,UL,0,0,0,0
66,20,DL,0,0,0,0
66,20,UL,0,0,0,0
66,21,DL,0,0,0,0
66,21,UL,0,0,0,0
66,22,DL,0,0,0,0
66,22,UL,0,0,0,0
66,23,DL,0,0,0,0
66,23,UL,0,0,0,0
66,24,DL,0,0,0,0
66,24,UL,0,0,0,0
66,25,DL,0,0,0,0
66,25,UL,0,0,0,0
66,26,DL,0,0,0,0
66,26,UL,0,0,0,0
66,27,DL,0,0,0,0
66,27,UL,0,0,0,0
66,28,DL,0,0,0,0
66,28,UL,0,0,0,0
66,29,DL,0,0,0,0
66,29,UL,0,0,0,0
66,30,DL,0,0,0,0
66,30,UL,0,0,0,0
66,31,DL,0,0,0,0
66,31,UL,0,0,0,0
66,32,DL,0,0,0,0
66,32,UL,0,0,0,0
66,33,DL,0,0,0,0
66,33,UL,0,0,0,0
66,34,DL,0,0,0,0
66,34,UL,0,0,0,0
66,35,DL,0,0,0,0
66,35,UL,0,0,0,0
66,36,DL,0,0,0,0
66,36,UL,0,0,0,0
66,37,DL,0,0,0,0
66,37,UL,0,0,0,0
66,38,DL,0,0,0,0
66,38,UL,0,0,0,0
66,39,DL,0,0,0,0
66,39,UL,0,0,0,0
66,40,DL,0,0,0,0
66,40,UL,0,0,0,0
66,41,DL,0,0,0,0
66,41,UL,0,0,0,0
66,42,DL,0,0,0,0
66,42,UL,0,0,0,0
66,43,DL,0,0,0,0
66,43,UL,0,0,0,0
66,44,DL,0,0,0,0
66,44,UL,0,0,0,0
66,45,DL,0,0,0,0
66,45,UL,0,0,0,0
66,46,DL,0,0,0,0
66,46,UL,0,0,0,0
66,47,DL,0,0,0,0
66,47,UL,0,0,0,0
66,48,DL,0,0,0,0
66,48,UL,0,0,0,0
66,49,DL,0,0,0,0
66,49,UL,0,0,0,0
66,50,DL,0,0,0,0
66,50,UL,0,0,0,0
66,51,DL,0,0,0,0
66,51,UL,0,0,0,0
66,52,DL,0,0,0,0
66,52,UL,0,0,0,0
66,53,DL,0,0,0,0
66,53,UL,0,0,0,0
66,54,DL,0,0,0,0
66,54,UL,0,0,0,0
66,55,DL,0,0,0,0
66,55,UL,0,0,0,0
66,56,DL,0,0,0,0
66,56,UL,0,0,0,0
66,57,DL,0,0,0,0
66,57,UL,0,0,0,0
66,58,DL,0,0,0,0
66,58,UL,0,0,0,0
66,59,DL,0,0,0,0
66,59,UL,0,0,0,0
68,0,DL,0,0,0,0
68,0,UL,0,0,0,0
68,1,DL,0,0,0,0
68,1,UL,0,0,0,0
68,2,DL,0,0,0,0
68,2,UL,0,0,0,0
68,3,DL,0,0,0,0
68,3,UL,0,0,0,0
68,4,DL,0,0,0,0
68,4,UL,0,0,0,0
68,5,DL,0,0,0,0
68,5,UL,0,0,0,0
68,6,DL,0,0,0,0
68,6,UL,0,0,0,0
68,7,DL,0,0,0,0
68,7,UL,0,0,0,0
68,8,DL,0,0,0,0
68,8,UL,0,0,0,0
68,9,DL,0,0,0,0
68,9,UL,0,0,0,0
68,10,DL,0,0,0,0
68,10,UL,0,0,0,0
68,11,DL,0,0,0,0
68,11,UL,0,0,0,0
68,12,DL,0,0,0,0
68,12,UL,0,0,0,0
68,13,DL,0,0,0,0
68,13,UL,0,0,0,0
68,14,DL,0,0,0,0
68,14,UL,0,0,0,0
68,15,DL,0,0,0,0
68,15,UL,0,0,0,0
68,16,DL,0,0,0,0
68,16,UL,0,0,0,0
68,17,DL,0,0,0,0
68,17,UL,0,0,0,0
68,18,DL,0,0,0,0
68,18,UL,0,0,0,0
68,19,DL,0,0,0,0
68,19,UL,0,0,0,0
68,20,DL,0,0,0,0
68,20,UL,0,0,0,0
68,21,DL,0.176767,0.166,0.0117645,6
68,21,UL,0,0,0,0
68,22,DL,0,0,0,0
68,22,UL,0,0,0,0
68,23,DL,0,0,0,0
68,23,UL,0,0,0,0
68,24,DL,0,0,0,0
68,24,UL,0,0,0,0
68,25,DL,0,0,0,0
68,25,UL,0,0,0,0
68,26,DL,0,0,0,0
68,26,UL,0,0,0,0
68,27,DL,0,0,0,0
68,27,UL,0,0,0,0
68,28,DL,0,0,0,0
68,28,UL,0,0,0,0
68,29,DL,0.15485,0.142637,0.0470581,24
68,29,UL,0,0,0,0
68,30,DL,0,0,0,0
68,30,UL,0,0,0,0
68,31,DL,0,0,0,0
68,31,UL,0,0,0,0
68,32,DL,0,0,0,0
68,32,UL,0,0,0,0
68,33,DL,0,0,0,0
68,33,UL,0,0,0,0
68,34,DL,0,0,0,0
68,34,UL,0,0,0,0
68,35,DL,0,0,0,0
68,35,UL,0,0,0,0
68,36,DL,0,0,0,0
68,36,UL,0,0,0,0
68,37,DL,0,0,0,0
68,37,UL,0,0,0,0
68,38,DL,0,0,0,0
68,38,UL,0,0,0,0
68,39,DL,0,0,0,0
68,39,UL,0,0,0,0
68,40,DL,0,0,0,0
68,40,UL,0,0,0,0
68,41,DL,0,0,0,0
68,41,UL,0,0,0,0
68,42,DL,0,0,0,0
68,42,UL,0,0,0,0
68,43,DL,0,0,0,0
68,43,UL,0,0,0,0
68,44,DL,0,0,0,0
68,44,UL,0,0,0,0
68,45,DL,0,0,0,0
68,45,UL,0,0,0,0
68,46,DL,0,0,0,0
68,46,UL,0,0,0,0
68,47,DL,0,0,0,0
68,47,UL,0,0,0,0
68,48,DL,1.9311,1.907,0.00392151,2
68,48,UL,0,0,0,0
68,49,DL,0,0,0,0
68,49,UL,0,0,0,0
68,50,DL,0,0,0,0
68,50,UL,0,0,0,0
68,51,DL,0,0,0,0
68,51,UL,0,0,0,0
68,52,DL,0,0,0,0
68,52,UL,0,0,0,0
68,53,DL,0,0,0,0
68,53,UL,0,0,0,0
68,54,DL,0,0,0,0
68,54,UL,0,0,0,0
68,55,DL,0,0,0,0
68,55,UL,0,0,0,0
68,56,DL,0,0,0,0
68,56,UL,0,0,0,0
68,57,DL,0,0,0,0
68,57,UL,0,0,0,0
68,58,DL,0,0,0,0
68,58,UL,0,0,0,0
68,59,DL,0,0,0,0
68,59,UL,0,0,0,0
70,0,DL,0,0,0,0
70,0,UL,0,0,0,0
70,1,DL,0,0,0,0
70,1,UL,0,0,0,0
70,2,DL,0,0,0,0
70,2,UL,0,0,0,0
70,3,DL,0,0,0,0
70,3,UL,0,0,0,0
70,4,DL,0,0,0,0
70,4,UL,0,0,0,0
70,5,DL,0,0,0,0
70,5,UL,0,0,0,0
70,6,DL,0,0,0,0
70,6,UL,0,0,0,0
70,7,DL,0,0,0,0
70,7,UL,0,0,0,0
70,8,DL,0,0,0,0
70,8,UL,0,0,0,0
70,9,DL,0,0,0,0
70,9,UL,0,0,0,0
70,10,DL,0,0,0,0
70,10,UL,0,0,0,0
70,11,DL,0,0,0,0
70,11,UL,0,0,0,0
70,12,DL,0,0,0,0
70,12,UL,0,0,0,0
70,13,DL,0,0,0,0
70,13,UL,0,0,0,0
70,14,DL,0.229009,0.0273636,0.0431366,22
70,14,UL,0,0,0,0
70,15,DL,0,0,0,0
70,15,UL,0,0,0,0
70,16,DL,0,0,0,0
70,16,UL,0,0,0,0
70,17,DL,0,0,0,0
70,17,UL,0,0,0,0
70,18,DL,0,0,0,0
70,18,UL,0,0,0,0
70,19,DL,0,0,0,0
70,19,UL,0,0,0,0
70,20,DL,0,0,0,0
70,20,UL,0,0,0,0
70,21,DL,0,0,0,0
70,21,UL,0,0,0,0
70,22,DL,0,0,0,0
70,22,UL,0,0,0,0
70,23,DL,0,0,0,0
70,23,UL,0,0,0,0
70,24,DL,0,0,0,0
70,24,UL,0,0,0,0
70,25,DL,0,0,0,0
70,25,UL,0,0,0,0
70,26,DL,0,0,0,0
70,26,UL,0,0,0,0
70,27,DL,0,0,0,0
70,27,UL,0,0,0,0
70,28,DL,0,0,0,0
70,28,UL,0,0,0,0
70,29,DL,0,0,0,0
70,29,UL,0,0,0,0
70,30,DL,0,0,0,0
70,30,UL,0,0,0,0
70,31,DL,0,0,0,0
70,31,UL,0,0,0,0
70,32,DL,0,0,0,0
70,32,UL,0,0,0,0
70,33,DL,0,0,0,0
70,33,UL,0,0,0,0
70,34,DL,0,0,0,0
70,34,UL,0,0,0,0
70,35,DL,0,0,0,0
70,35,UL,0,0,0,0
70,36,DL,0,0,0,0
70,36,UL,0,0,0,0
70,37,DL,0,0,0,0
70,37,UL,0,0,0,0
70,38,DL,0,0,0,0
70,38,UL,0,0,0,0
70,39,DL,0,0,0,0
70,39,UL,0,0,0,0
70,40,DL,0,0,0,0
70,40,UL,0,0,0,0
70,41,DL,0,0,0,0
70,41,UL,0,0,0,0
70,42,DL,0,0,0,0
70,42,UL,0,0,0,0
70,43,DL,0,0,0,0
70,43,UL,0,0,0,0
70,44,DL,0,0,0,0
70,44,UL,0,0,0,0
70,45,DL,0,0,0,0
70,45,UL,0,0,0,0
70,46,DL,0,0,0,0
70,46,UL,0,0,0,0
70,47,DL,0,0,0,0
70,47,UL,0,0,0,0
70,48,DL,0,0,0,0
70,48,UL,0,0,0,0
70,49,DL,0,0,0,0
70,49,UL,0,0,0,0
70,50,DL,0,0,0,0
70,50,UL,0,0,0,0
70,51,DL,0,0,0,0
70,51,UL,0,0,0,0
70,52,DL,0,0,0,0
70,52,UL,0,0,0,0
70,53,DL,0,0,0,0
70,53,UL,0,0,0,0
70,54,DL,0,0,0,0
70,54,UL,0,0,0,0
70,55,DL,0,0,0,0
70,55,UL,0,0,0,0
70,56,DL,0,0,0,0
70,56,UL,0,0,0,0
70,57,DL,0,0,0,0
70,57,UL,0,0,0,0
70,58,DL,0,0,0,0
70,58,UL,0,0,0,0
70,59,DL,0,0,0,0
70,59,UL,0,0,0,0
72,0,DL,0,0,0,0
72,0,UL,0,0,0,0
72,1,DL,0,0,0,0
72,1,UL,0,0,0,0
72,2,DL,0,0,0,0
72,2,UL,0,0,0,0
72,3,DL,0,0,0,0
72,3,UL,0,0,0,0
72,4,DL,0,0,0,0
72,4,UL,0,0,0,0
72,5,DL,0,0,0,0
72,5,UL,0,0,0,0
72,6,DL,0,0,0,0
72,6,UL,0,0,0,0
72,7,DL,0,0,0,0
72,7,UL,0,0,0,0
72,8,DL,0,0,0,0
72,8,UL,0,0,0,0
72,9,DL,0,0,0,0
72,9,UL,0,0,0,0
72,10,DL,0,0,0,0
72,10,UL,0,0,0,0
72,11,DL,0,0,0,0
72,11,UL,0,0,0,0
72,12,DL,0,0,0,0
72,12,UL,0,0,0,0
72,13,DL,0,0,0,0
72,13,UL,0,0,0,0
72,14,DL,0,0,0,0
72,14,UL,0,0,0,0
72,15,DL,0,0,0,0
72,15,UL,0,0,0,0
72,16,DL,0,0,0,0
72,16,UL,0,0,0,0
72,17,DL,0.0615,0.047,0.0196075,10
72,17,UL,0,0,0,0
72,18,DL,0,0,0,0
72,18,UL,0,0,0,0
72,19,DL,0,0,0,0
72,19,UL,0,0,0,0
72,20,DL,0,0,0,0
72,20,UL,0,0,0,0
72,21,DL,0,0,0,0
72,21,UL,0,0,0,0
72,22,DL,0,0,0,0
72,22,UL,0,0,0,0
72,23,DL,0,0,0,0
72,23,UL,0,0,0,0
72,24,DL,0,0,0,0
72,24,UL,0,0,0,0
72,25,DL,0,0,0,0
72,25,UL,0,0,0,0
72,26,DL,0,0,0,0
72,26,UL,0,0,0,0
72,27,DL,0,0,0,0
72,27,UL,0,0,0,0
72,28,DL,0,0,0,0
72,28,UL,0,0,0,0
72,29,DL,0,0,0,0
72,29,UL,0,0,0,0
72,30,DL,0,0,0,0
72,30,UL,0,0,0,0
72,31,DL,0,0,0,0
72,31,UL,0,0,0,0
72,32,DL,0,0,0,0
72,32,UL,0,0,0,0
72,33,DL,0,0,0,0
72,33,UL,0,0,0,0
72,34,DL,0,0,0,0
72,34,UL,0,0,0,0
72,35,DL,0,0,0,0
72,35,UL,0,0,0,0
72,36,DL,0,0,0,0
72,36,UL,0,0,0,0
72,37,DL,0,0,0,0
72,37,UL,0,0,0,0
72,38,DL,0,0,0,0
72,38,UL,0,0,0,0
72,39,DL,0,0,0,0
72,39,UL,0,0,0,0
72,40,DL,0,0,0,0
72,40,UL,0,0,0,0
72,41,DL,0,0,0,0
72,41,UL,0,0,0,0
72,42,DL,0,0,0,0
72,42,UL,0,0,0,0
72,43,DL,0,0,0,0
72,43,UL,0,0,0,0
72,44,DL,0,0,0,0
72,44,UL,0,0,0,0
72,45,DL,0,0,0,0
72,45,UL,0,0,0,0
72,46,DL,0,0,0,0
72,46,UL,0,0,0,0
72,47,DL,0,0,0,0
72,47,UL,0,0,0,0
72,48,DL,0,0,0,0
72,48,UL,0,0,0,0
72,49,DL,0,0,0,0
72,49,UL,0,0,0,0
72,50,DL,0,0,0,0
72,50,UL,0,0,0,0
72,51,DL,0.1266,0.0446571,0.0392151,20
72,51,UL,0,0,0,0
72,52,DL,0,0,0,0
72,52,UL,0,0,0,0
72,53,DL,0,0,0,0
72,53,UL,0,0,0,0
72,54,DL,0,0,0,0
72,54,UL,0,0,0,0
72,55,DL,0,0,0,0
72,55,UL,0,0,0,0
72,56,DL,0,0,0,0
72,56,UL,0,0,0,0
72,57,DL,0,0,0,0
72,57,UL,0,0,0,0
72,58,DL,0,0,0,0
72,58,UL,0,0,0,0
72,59,DL,0,0,0,0
72,59,UL,0,0,0,0
74,0,DL,0,0,0,0
74,0,UL,0,0,0,0
74,1,DL,0,0,0,0
74,1,UL,0,0,0,0
74,2,DL,0,0,0,0
74,2,UL,0,0,0,0
74,3,DL,0,0,0,0
74,3,UL,0,0,0,0
74,4,DL,0,0,0,0
74,4,UL,0,0,0,0
74,5,DL,0,0,0,0
74,5,UL,0,0,0,0
74,6,DL,0,0,0,0
74,6,UL,0,0,0,0
74,7,DL,0,0,0,0
74,7,UL,0,0,0,0
74,8,DL,0,0,0,0
74,8,UL,0,0,0,0
74,9,DL,0,0,0,0
74,9,UL,0,0,0,0
74,10,DL,0,0,0,0
74,10,UL,0,0,0,0
74,11,DL,0,0,0,0
74,11,UL,0,0,0,0
74,12,DL,0,0,0,0
74,12,UL,0,0,0,0
74,13,DL,0,0,0,0
74,13,UL,0,0,0,0
74,14,DL,0,0,0,0
74,14,UL,0,0,0,0
74,15,DL,0,0,0,0
74,15,UL,0,0,0,0
74,16,DL,0,0,0,0
74,16,UL,0,0,0,0
74,17,DL,0,0,0,0
74,17,UL,0,0,0,0
74,18,DL,0,0,0,0
74,18,UL,0,0,0,0
74,19,DL,0,0,0,0
74,19,UL,0,0,0,0
74,20,DL,0,0,0,0
74,20,UL,0,0,0,0
74,21,DL,0,0,0,0
74,21,UL,0,0,0,0
74,22,DL,0,0,0,0
74,22,UL,0,0,0,0
74,23,DL,0,0,0,0
74,23,UL,0,0,0,0
74,24,DL,0,0,0,0
74,24,UL,0,0,0,0
74,25,DL,0,0,0,0
74,25,UL,0,0,0,0
74,26,DL,0,0,0,0
74,26,UL,0,0,0,0
74,27,DL,0,0,0,0
74,27,UL,0,0,0,0
74,28,DL,0,0,0,0
74,28,UL,0,0,0,0
74,29,DL,0,0,0,0
74,29,UL,0,0,0,0
74,30,DL,0,0,0,0
74,30,UL,0,0,0,0
74,31,DL,0,0,0,0
74,31,UL,0,0,0,0
74,32,DL,0,0,0,0
74,32,UL,0,0,0,0
74,33,DL,0,0,0,0
74,33,UL,0,0,0,0
74,34,DL,0,0,0,0
74,34,UL,0,0,0,0
74,35,DL,0,0,0,0
74,35,UL,0,0,0,0
74,36,DL,0,0,0,0
74,36,UL,0,0,0,0
74,37,DL,0,0,0,0
74,37,UL,0,0,0,0
74,38,DL,0,0,0,0
74,38,UL,0,0,0,0
74,39,DL,0,0,0,0
74,39,UL,0,0,0,0
74,40,DL,0,0,0,0
74,40,UL,0,0,0,0
74,41,DL,0,0,0,0
74,41,UL,0,0,0,0
74,42,DL,0,0,0,0
74,42,UL,0,0,0,0
74,43,DL,0,0,0,0
74,43,UL,0,0,0,0
74,44,DL,0,0,0,0
74,44,UL,0,0,0,0
74,45,DL,0,0,0,0
74,45,UL,0,0,0,0
74,46,DL,0,0,0,0
74,46,UL,0,0,0,0
74,47,DL,0,0,0,0
74,47,UL,0,0,0,0
74,48,DL,0,0,0,0
74,48,UL,0,0,0,0
74,49,DL,0,0,0,0
74,49,UL,0,0,0,0
74,50,DL,0,0,0,0
74,50,UL,0,0,0,0
74,51,DL,0,0,0,0
74,51,UL,0,0,0,0
74,52,DL,0,0,0,0
74,52,UL,0,0,0,0
74,53,DL,0,0,0,0
74,53,UL,0,0,0,0
74,54,DL,0,0,0,0
74,54,UL,0,0,0,0
74,55,DL,0,0,0,0
74,55,UL,0,0,0,0
74,56,DL,0,0,0,0
74,56,UL,0,0,0,0
74,57,DL,0,0,0,0
74,57,UL,0,0,0,0
74,58,DL,0,0,0,0
74,58,UL,0,0,0,0
74,59,DL,0,0,0,0
74,59,UL,0,0,0,0
76,0,DL,0,0,0,0
76,0,UL,0,0,0,0
76,1,DL,0,0,0,0
76,1,UL,0,0,0,0
76,2,DL,0,0,0,0
76,2,UL,0,0,0,0
76,3,DL,0,0,0,0
76,3,UL,0,0,0,0
76,4,DL,0,0,0,0
76,4,UL,0,0,0,0
76,5,DL,0,0,0,0
76,5,UL,0,0,0,0
76,6,DL,0,0,0,0
76,6,UL,0,0,0,0
76,7,DL,0,0,0,0
76,7,UL,0,0,0,0
76,8,DL,0,0,0,0
76,8,UL,0,0,0,0
76,9,DL,0,0,0,0
76,9,UL,0,0,0,0
76,10,DL,0,0,0,0
76,10,UL,0,0,0,0
76,11,DL,0,0,0,0
76,11,UL,0,0,0,0
76,12,DL,0,0,0,0
76,12,UL,0,0,0,0
76,13,DL,0,0,0,0
76,13,UL,0,0,0,0
76,14,DL,0,0,0,0
76,14,UL,0,0,0,0
76,15,DL,0,0,0,0
76,15,UL,0,0,0,0
76,16,DL,0,0,0,0
76,16,UL,0,0,0,0
76,17,DL,0,0,0,0
76,17,UL,0,0,0,0
76,18,DL,0,0,0,0
76,18,UL,0,0,0,0
76,19,DL,0,0,0,0
76,19,UL,0,0,0,0
76,20,DL,0,0,0,0
76,20,UL,0,0,0,0
76,21,DL,0,0,0,0
76,21,UL,0,0,0,0
76,22,DL,0,0,0,0
76,22,UL,0,0,0,0
76,23,DL,0,0,0,0
76,23,UL,0,0,0,0
76,24,DL,0,0,0,0
76,24,UL,0,0,0,0
76,25,DL,0,0,0,0
76,25,UL,0,0,0,0
76,26,DL,0,0,0,0
76,26,UL,0,0,0,0
76,27,DL,0,0,0,0
76,27,UL,0,0,0,0
76,28,DL,0,0,0,0
76,28,UL,0,0,0,0
76,29,DL,0,0,0,0
76,29,UL,0,0,0,0
76,30,DL,0,0,0,0
76,30,UL,0,0,0,0
76,31,DL,0,0,0,0
76,31,UL,0,0,0,0
76,32,DL,0,0,0,0
76,32,UL,0,0,0,0
76,33,DL,0,0,0,0
76,33,UL,0,0,0,0
76,34,DL,0,0,0,0
76,34,UL,0,0,0,0
76,35,DL,0,0,0,0
76,35,UL,0,0,0,0
76,36,DL,0,0,0,0
76,36,UL,0,0,0,0
76,37,DL,0,0,0,0
76,37,UL,0,0,0,0
76,38,DL,0,0,0,0
76,38,UL,0,0,0,0
76,39,DL,0,0,0,0
76,39,UL,0,0,0,0
76,40,DL,0,0,0,0
76,40,UL,0,0,0,0
76,41,DL,0,0,0,0
76,41,UL,0,0,0,0
76,42,DL,0,0,0,0
76,42,UL,0,0,0,0
76,43,DL,0,0,0,0
76,43,UL,0,0,0,0
76,44,DL,0,0,0,0
76,44,UL,0,0,0,0
76,45,DL,0,0,0,0
76,45,UL,0,0,0,0
76,46,DL,0,0,0,0
76,46,UL,0,0,0,0
76,47,DL,0,0,0,0
76,47,UL,0,0,0,0
76,48,DL,0,0,0,0
76,48,UL,0,0,0,0
76,49,DL,0,0,0,0
76,49,UL,0,0,0,0
76,50,DL,0,0,0,0
76,50,UL,0,0,0,0
76,51,DL,0,0,0,0
76,51,UL,0,0,0,0
76,52,DL,0,0,0,0
76,52,UL,0,0,0,0
76,53,DL,0,0,0,0
76,53,UL,0,0,0,0
76,54,DL,0,0,0,0
76,54,UL,0,0,0,0
76,55,DL,0,0,0,0
76,55,UL,0,0,0,0
76,56,DL,0,0,0,0
76,56,UL,0,0,0,0
76,57,DL,0,0,0,0
76,57,UL,0,0,0,0
76,58,DL,0,0,0,0
76,58,UL,0,0,0,0
76,59,DL,0,0,0,0
76,59,UL,0,0,0,0
78,0,DL,0,0,0,0
78,0,UL,0,0,0,0
78,1,DL,0,0,0,0
78,1,UL,0,0,0,0
78,2,DL,0,0,0,0
78,2,UL,0,0,0,0
78,3,DL,0,0,0,0
78,3,UL,0,0,0,0
78,4,DL,0.113719,0.0616667,0.0823517,42
78,4,UL,0,0,0,0
78,5,DL,0,0,0,0
78,5,UL,0,0,0,0
78,6,DL,0,0,0,0
78,6,UL,0,0,0,0
78,7,DL,0,0,0,0
78,7,UL,0,0,0,0
78,8,DL,0,0,0,0
78,8,UL,0,0,0,0
78,9,DL,0,0,0,0
78,9,UL,0,0,0,0
78,10,DL,0.6466,0.10795,0.0392151,20
78,10,UL,0,0,0,0
78,11,DL,0.0241,0.008,0.00392151,2
78,11,UL,0,0,0,0
78,12,DL,0,0,0,0
78,12,UL,0,0,0,0
78,13,DL,0,0,0,0
78,13,UL,0,0,0,0
78,14,DL,0,0,0,0
78,14,UL,0,0,0,0
78,15,DL,0,0,0,0
78,15,UL,0,0,0,0
78,16,DL,0,0,0,0
78,16,UL,0,0,0,0
78,17,DL,0,0,0,0
78,17,UL,0,0,0,0
78,18,DL,0,0,0,0
78,18,UL,0,0,0,0
78,19,DL,0,0,0,0
78,19,UL,0,0,0,0
78,20,DL,0,0,0,0
78,20,UL,0,0,0,0
78,21,DL,0,0,0,0
78,21,UL,0,0,0,0
78,22,DL,0,0,0,0
78,22,UL,0,0,0,0
78,23,DL,0,0,0,0
78,23,UL,0,0,0,0
78,24,DL,0,0,0,0
78,24,UL,0,0,0,0
78,25,DL,0,0,0,0
78,25,UL,0,0,0,0
78,26,DL,0,0,0,0
78,26,UL,0,0,0,0
78,27,DL,0,0,0,0
78,27,UL,0,0,0,0
78,28,DL,0,0,0,0
78,28,UL,0,0,0,0
78,29,DL,0,0,0,0
78,29,UL,0,0,0,0
78,30,DL,0,0,0,0
78,30,UL,0,0,0,0
78,31,DL,0,0,0,0
78,31,UL,0,0,0,0
78,32,DL,0,0,0,0
78,32,UL,0,0,0,0
78,33,DL,0,0,0,0
78,33,UL,0,0,0,0
78,34,DL,0,0,0,0
78,34,UL,0,0,0,0
78,35,DL,0,0,0,0
78,35,UL,0,0,0,0
78,36,DL,0,0,0,0
78,36,UL,0,0,0,0
78,37,DL,0,0,0,0
78,37,UL,0,0,0,0
78,38,DL,0,0,0,0
78,38,UL,0,0,0,0
78,39,DL,0,0,0,0
78,39,UL,0,0,0,0
78,40,DL,0,0,0,0
78,40,UL,0,0,0,0
78,41,DL,0,0,0,0
78,41,UL,0,0,0,0
78,42,DL,0,0,0,0
78,42,UL,0,0,0,0
78,43,DL,0,0,0,0
78,43,UL,0,0,0,0
78,44,DL,0,0,0,0
78,44,UL,0,0,0,0
78,45,DL,0,0,0,0
78,45,UL,0,0,0,0
78,46,DL,0,0,0,0
78,46,UL,0,0,0,0
78,47,DL,0,0,0,0
78,47,UL,0,0,0,0
78,48,DL,0,0,0,0
78,48,UL,0,0,0,0
78,49,DL,0,0,0,0
78,49,UL,0,0,0,0
78,50,DL,0,0,0,0
78,50,UL,0,0,0,0
78,51,DL,0,0,0,0
78,51,UL,0,0,0,0
78,52,DL,0,0,0,0
78,52,UL,0,0,0,0
78,53,DL,0,0,0,0
78,53,UL,0,0,0,0
78,54,DL,0,0,0,0
78,54,UL,0,0,0,0
78,55,DL,0,0,0,0
78,55,UL,0,0,0,0
78,56,DL,0,0,0,0
78,56,UL,0,0,0,0
78,57,DL,0,0,0,0
78,57,UL,0,0,0,0
78,58,DL,0,0,0,0
78,58,UL,0,0,0,0
78,59,DL,0,0,0,0
78,59,UL,0,0,0,0
80,0,DL,0,0,0,0
80,0,UL,0,0,0,0
80,1,DL,0,0,0,0
80,1,UL,0,0,0,0
80,2,DL,0,0,0,0
80,2,UL,0,0,0,0
80,3,DL,0,0,0,0
80,3,UL,0,0,0,0
80,4,DL,1.1331,1.107,0.00392151,2
80,4,UL,0,0,0,0
80,5,DL,0,0,0,0
80,5,UL,0,0,0,0
80,6,DL,0,0,0,0
80,6,UL,0,0,0,0
80,7,DL,0,0,0,0
80,7,UL,0,0,0,0
80,8,DL,0,0,0,0
80,8,UL,0,0,0,0
80,9,DL,0,0,0,0
80,9,UL,0,0,0,0
80,10,DL,0,0,0,0
80,10,UL,0,0,0,0
80,11,DL,0,0,0,0
80,11,UL,0,0,0,0
80,12,DL,0,0,0,0
80,12,UL,0,0,0,0
80,13,DL,0,0,0,0
80,13,UL,0,0,0,0
80,14,DL,0,0,0,0
80,14,UL,0,0,0,0
80,15,DL,0,0,0,0
80,15,UL,0,0,0,0
80,16,DL,0,0,0,0
80,16,UL,0,0,0,0
80,17,DL,0,0,0,0
80,17,UL,0,0,0,0
80,18,DL,0,0,0,0
80,18,UL,0,0,0,0
80,19,DL,0,0,0,0
80,19,UL,0,0,0,0
80,20,DL,0,0,0,0
80,20,UL,0,0,0,0
80,21,DL,0,0,0,0
80,21,UL,0,0,0,0
80,22,DL,0,0,0,0
80,22,UL,0,0,0,0
80,23,DL,0,0,0,0
80,23,UL,0,0,0,0
80,24,DL,0.0532428,0.0392857,0.0274506,14
80,24,UL,0,0,0,0
80,25,DL,0,0,0,0
80,25,UL,0,0,0,0
80,26,DL,0.0131,0.028,0.00392151,2
80,26,UL,0,0,0,0
80,27,DL,0,0,0,0
80,27,UL,0,0,0,0
80,28,DL,0,0,0,0
80,28,UL,0,0,0,0
80,29,DL,0,0,0,0
80,29,UL,0,0,0,0
80,30,DL,0,0,0,0
80,30,UL,0,0,0,0
80,31,DL,0,0,0,0
80,31,UL,0,0,0,0
80,32,DL,0,0,0,0
80,32,UL,0,0,0,0
80,33,DL,0,0,0,0
80,33,UL,0,0,0,0
80,34,DL,0,0,0,0
80,34,UL,0,0,0,0
80,35,DL,0,0,0,0
80,35,UL,0,0,0,0
80,36,DL,0,0,0,0
80,36,UL,0,0,0,0
80,37,DL,0,0,0,0
80,37,UL,0,0,0,0
80,38,DL,0,0,0,0
80,38,UL,0,0,0,0
80,39,DL,0,0,0,0
80,39,UL,0,0,0,0
80,40,DL,0,0,0,0
80,40,UL,0,0,0,0
80,41,DL,0,0,0,0
80,41,UL,0,0,0,0
80,42,DL,0,0,0,0
80,42,UL,0,0,0,0
80,43,DL,0,0,0,0
80,43,UL,0,0,0,0
80,44,DL,0,0,0,0
80,44,UL,0,0,0,0
80,45,DL,0.0131,0.0256667,0.0117645,6
80,45,UL,0,0,0,0
80,46,DL,0,0,0,0
80,46,UL,0,0,0,0
80,47,DL,0,0,0,0
80,47,UL,0,0,0,0
80,48,DL,0,0,0,0
80,48,UL,0,0,0,0
80,49,DL,0,0,0,0
80,49,UL,0,0,0,0
80,50,DL,0,0,0,0
80,50,UL,0,0,0,0
80,51,DL,0,0,0,0
80,51,UL,0,0,0,0
80,52,DL,0,0,0,0
80,52,UL,0,0,0,0
80,53,DL,0,0,0,0
80,53,UL,0,0,0,0
80,54,DL,0,0,0,0
80,54,UL,0,0,0,0
80,55,DL,0,0,0,0
80,55,UL,0,0,0,0
80,56,DL,0,0,0,0
80,56,UL,0,0,0,0
80,57,DL,0,0,0,0
80,57,UL,0,0,0,0
80,58,DL,0,0,0,0
80,58,UL,0,0,0,0
80,59,DL,0,0,0,0
80,59,UL,0,0,0,0
82,0,DL,0,0,0,0
82,0,UL,0,0,0,0
82,1,DL,0,0,0,0
82,1,UL,0,0,0,0
82,2,DL,0,0,0,0
82,2,UL,0,0,0,0
82,3,DL,0,0,0,0
82,3,UL,0,0,0,0
82,4,DL,0,0,0,0
82,4,UL,0,0,0,0
82,5,DL,0,0,0,0
82,5,UL,0,0,0,0
82,6,DL,0,0,0,0
82,6,UL,0,0,0,0
82,7,DL,0,0,0,0
82,7,UL,0,0,0,0
82,8,DL,0,0,0,0
82,8,UL,0,0,0,0
82,9,DL,0,0,0,0
82,9,UL,0,0,0,0
82,10,DL,0,0,0,0
82,10,UL,0,0,0,0
82,11,DL,0,0,0,0
82,11,UL,0,0,0,0
82,12,DL,0,0,0,0
82,12,UL,0,0,0,0
82,13,DL,0,0,0,0
82,13,UL,0,0,0,0
82,14,DL,0,0,0,0
82,14,UL,0,0,0,0
82,15,DL,0,0,0,0
82,15,UL,0,0,0,0
82,16,DL,0,0,0,0
82,16,UL,0,0,0,0
82,17,DL,0,0,0,0
82,17,UL,0,0,0,0
82,18,DL,0,0,0,0
82,18,UL,0,0,0,0
82,19,DL,0,0,0,0
82,19,UL,0,0,0,0
82,20,DL,0,0,0,0
82,20,UL,0,0,0,0
82,21,DL,0,0,0,0
82,21,UL,0,0,0,0
82,22,DL,0,0,0,0
82,22,UL,0,0,0,0
82,23,DL,0,0,0,0
82,23,UL,0,0,0,0
82,24,DL,0,0,0,0
82,24,UL,0,0,0,0
82,25,DL,0,0,0,0
82,25,UL,0,0,0,0
82,26,DL,0,0,0,0
82,26,UL,0,0,0,0
82,27,DL,0,0,0,0
82,27,UL,0,0,0,0
82,28,DL,0,0,0,0
82,28,UL,0,0,0,0
82,29,DL,0,0,0,0
82,29,UL,0,0,0,0
82,30,DL,0,0,0,0
82,30,UL,0,0,0,0
82,31,DL,0,0,0,0
82,31,UL,0,0,0,0
82,32,DL,0,0,0,0
82,32,UL,0,0,0,0
82,33,DL,0,0,0,0
82,33,UL,0,0,0,0
82,34,DL,0,0,0,0
82,34,UL,0,0,0,0
82,35,DL,0,0,0,0
82,35,UL,0,0,0,0
82,36,DL,0,0,0,0
82,36,UL,0,0,0,0
82,37,DL,0,0,0,0
82,37,UL,0,0,0,0
82,38,DL,0,0,0,0
82,38,UL,0,0,0,0
82,39,DL,0,0,0,0
82,39,UL,0,0,0,0
82,40,DL,0,0,0,0
82,40,UL,0,0,0,0
82,41,DL,0,0,0,0
82,41,UL,0,0,0,0
82,42,DL,0,0,0,0
82,42,UL,0,0,0,0
82,43,DL,0,0,0,0
82,43,UL,0,0,0,0
82,44,DL,0,0,0,0
82,44,UL,0,0,0,0
82,45,DL,0,0,0,0
82,45,UL,0,0,0,0
82,46,DL,0,0,0,0
82,46,UL,0,0,0,0
82,47,DL,0,0,0,0
82,47,UL,0,0,0,0
82,48,DL,0,0,0,0
82,48,UL,0,0,0,0
82,49,DL,0,0,0,0
82,49,UL,0,0,0,0
82,50,DL,0,0,0,0
82,50,UL,0,0,0,0
82,51,DL,0,0,0,0
82,51,UL,0,0,0,0
82,52,DL,0,0,0,0
82,52,UL,0,0,0,0
82,53,DL,0,0,0,0
82,53,UL,0,0,0,0
82,54,DL,0,0,0,0
82,54,UL,0,0,0,0
82,55,DL,0,0,0,0
82,55,UL,0,0,0,0
82,56,DL,0,0,0,0
82,56,UL,0,0,0,0
82,57,DL,0,0,0,0
82,57,UL,0,0,0,0
82,58,DL,0,0,0,0
82,58,UL,0,0,0,0
82,59,DL,0,0,0,0
82,59,UL,0,0,0,0
84,0,DL,0,0,0,0
84,0,UL,0,0,0,0
84,1,DL,0,0,0,0
84,1,UL,0,0,0,0
84,2,DL,0,0,0,0
84,2,UL,0,0,0,0
84,3,DL,0,0,0,0
84,3,UL,0,0,0,0
84,4,DL,0.0131,1.12,0.00392151,2
84,4,UL,0,0,0,0
84,5,DL,0,0,0,0
84,5,UL,0,0,0,0
84,6,DL,0,0,0,0
84,6,UL,0,0,0,0
84,7,DL,0,0,0,0
84,7,UL,0,0,0,0
84,8,DL,0,0,0,0
84,8,UL,0,0,0,0
84,9,DL,0,0,0,0
84,9,UL,0,0,0,0
84,10,DL,0,0,0,0
84,10,UL,0,0,0,0
84,11,DL,0,0,0,0
84,11,UL,0,0,0,0
84,12,DL,0,0,0,0
84,12,UL,0,0,0,0
84,13,DL,0,0,0,0
84,13,UL,0,0,0,0
84,14,DL,0.125946,0.0562308,0.0509796,26
84,14,UL,0,0,0,0
84,15,DL,0,0,0,0
84,15,UL,0,0,0,0
84,16,DL,0,0,0,0
84,16,UL,0,0,0,0
84,17,DL,0,0,0,0
84,17,UL,0,0,0,0
84,18,DL,0,0,0,0
84,18,UL,0,0,0,0
84,19,DL,0,0,0,0
84,19,UL,0,0,0,0
84,20,DL,0,0,0,0
84,20,UL,0,0,0,0
84,21,DL,0,0,0,0
84,21,UL,0,0,0,0
84,22,DL,0,0,0,0
84,22,UL,0,0,0,0
84,23,DL,0,0,0,0
84,23,UL,0,0,0,0
84,24,DL,0,0,0,0
84,24,UL,0,0,0,0
84,25,DL,0,0,0,0
84,25,UL,0,0,0,0
84,26,DL,0,0,0,0
84,26,UL,0,0,0,0
84,27,DL,0,0,0,0
84,27,UL,0,0,0,0
84,28,DL,0,0,0,0
84,28,UL,0,0,0,0
84,29,DL,0,0,0,0
84,29,UL,0,0,0,0
84,30,DL,0,0,0,0
84,30,UL,0,0,0,0
84,31,DL,0,0,0,0
84,31,UL,0,0,0,0
84,32,DL,0,0,0,0
84,32,UL,0,0,0,0
84,33,DL,0,0,0,0
84,33,UL,0,0,0,0
84,34,DL,0,0,0,0
84,34,UL,0,0,0,0
84,35,DL,0,0,0,0
84,35,UL,0,0,0,0
84,36,DL,0,0,0,0
84,36,UL,0,0,0,0
84,37,DL,0,0,0,0
84,37,UL,0,0,0,0
84,38,DL,0,0,0,0
84,38,UL,0,0,0,0
84,39,DL,0,0,0,0
84,39,UL,0,0,0,0
84,40,DL,0,0,0,0
84,40,UL,0,0,0,0
84,41,DL,0,0,0,0
84,41,UL,0,0,0,0
84,42,DL,0,0,0,0
84,42,UL,0,0,0,0
84,43,DL,0,0,0,0
84,43,UL,0,0,0,0
84,44,DL,4.10702,0.609486,0.0588226,30
84,44,UL,0,0,0,0
84,45,DL,0,0,0,0
84,45,UL,0,0,0,0
84,46,DL,0,0,0,0
84,46,UL,0,0,0,0
84,47,DL,0,0,0,0
84,47,UL,0,0,0,0
84,48,DL,0.04685,0.47975,0.015686,8
84,48,UL,0,0,0,0
84,49,DL,0,0,0,0
84,49,UL,0,0,0,0
84,50,DL,0,0,0,0
84,50,UL,0,0,0,0
84,51,DL,0,0,0,0
84,51,UL,0,0,0,0
84,52,DL,0,0,0,0
84,52,UL,0,0,0,0
84,53,DL,0,0,0,0
84,53,UL,0,0,0,0
84,54,DL,0,0,0,0
84,54,UL,0,0,0,0
84,55,DL,0,0,0,0
84,55,UL,0,0,0,0
84,56,DL,0,0,0,0
84,56,UL,0,0,0,0
84,57,DL,0,0,0,0
84,57,UL,0,0,0,0
84,58,DL,0,0,0,0
84,58,UL,0,0,0,0
84,59,DL,0,0,0,0
84,59,UL,0,0,0,0
86,0,DL,0,0,0,0
86,0,UL,0,0,0,0
86,1,DL,0,0,0,0
86,1,UL,0,0,0,0
86,2,DL,0,0,0,0
86,2,UL,0,0,0,0
86,3,DL,0,0,0,0
86,3,UL,0,0,0,0
86,4,DL,0,0,0,0
86,4,UL,0,0,0,0
86,5,DL,0,0,0,0
86,5,UL,0,0,0,0
86,6,DL,0,0,0,0
86,6,UL,0,0,0,0
86,7,DL,0,0,0,0
86,7,UL,0,0,0,0
86,8,DL,0,0,0,0
86,8,UL,0,0,0,0
86,9,DL,0,0,0,0
86,9,UL,0,0,0,0
86,10,DL,0,0,0,0
86,10,UL,0,0,0,0
86,11,DL,0,0,0,0
86,11,UL,0,0,0,0
86,12,DL,0,0,0,0
86,12,UL,0,0,0,0
86,13,DL,0,0,0,0
86,13,UL,0,0,0,0
86,14,DL,0,0,0,0
86,14,UL,0,0,0,0
86,15,DL,0,0,0,0
86,15,UL,0,0,0,0
86,16,DL,0,0,0,0
86,16,UL,0,0,0,0
86,17,DL,0,0,0,0
86,17,UL,0,0,0,0
86,18,DL,0,0,0,0
86,18,UL,0,0,0,0
86,19,DL,0,0,0,0
86,19,UL,0,0,0,0
86,20,DL,0,0,0,0
86,20,UL,0,0,0,0
86,21,DL,0,0,0,0
86,21,UL,0,0,0,0
86,22,DL,0,0,0,0
86,22,UL,0,0,0,0
86,23,DL,0,0,0,0
86,23,UL,0,0,0,0
86,24,DL,0,0,0,0
86,24,UL,0,0,0,0
86,25,DL,0,0,0,0
86,25,UL,0,0,0,0
86,26,DL,0,0,0,0
86,26,UL,0,0,0,0
86,27,DL,0,0,0,0
86,27,UL,0,0,0,0
86,28,DL,0,0,0,0
86,28,UL,0,0,0,0
86,29,DL,0,0,0,0
86,29,UL,0,0,0,0
86,30,DL,0,0,0,0
86,30,UL,0,0,0,0
86,31,DL,0,0,0,0
86,31,UL,0,0,0,0
86,32,DL,0,0,0,0
86,32,UL,0,0,0,0
86,33,DL,0,0,0,0
86,33,UL,0,0,0,0
86,34,DL,0,0,0,0
86,34,UL,0,0,0,0
86,35,DL,0,0,0,0
86,35,UL,0,0,0,0
86,36,DL,0,0,0,0
86,36,UL,0,0,0,0
86,37,DL,0,0,0,0
86,37,UL,0,0,0,0
86,38,DL,0,0,0,0
86,38,UL,0,0,0,0
86,39,DL,0,0,0,0
86,39,UL,0,0,0,0
86,40,DL,0,0,0,0
86,40,UL,0,0,0,0
86,41,DL,0,0,0,0
86,41,UL,0,0,0,0
86,42,DL,0,0,0,0
86,42,UL,0,0,0,0
86,43,DL,0,0,0,0
86,43,UL,0,0,0,0
86,44,DL,0,0,0,0
86,44,UL,0,0,0,0
86,45,DL,0,0,0,0
86,45,UL,0,0,0,0
86,46,DL,0,0,0,0
86,46,UL,0,0,0,0
86,47,DL,0,0,0,0
86,47,UL,0,0,0,0
86,48,DL,0,0,0,0
86,48,UL,0,0,0,0
86,49,DL,0,0,0,0
86,49,UL,0,0,0,0
86,50,DL,0,0,0,0
86,50,UL,0,0,0,0
86,51,DL,0,0,0,0
86,51,UL,0,0,0,0
86,52,DL,0,0,0,0
86,52,UL,0,0,0,0
86,53,DL,0,0,0,0
86,53,UL,0,0,0,0
86,54,DL,0,0,0,0
86,54,UL,0,0,0,0
86,55,DL,0,0,0,0
86,55,UL,0,0,0,0
86,56,DL,0,0,0,0
86,56,UL,0,0,0,0
86,57,DL,0,0,0,0
86,57,UL,0,0,0,0
86,58,DL,0,0,0,0
86,58,UL,0,0,0,0
86,59,DL,0,0,0,0
86,59,UL,0,0,0,0
88,0,DL,0,0,0,0
88,0,UL,0,0,0,0
88,1,DL,0,0,0,0
88,1,UL,0,0,0,0
88,2,DL,0,0,0,0
88,2,UL,0,0,0,0
88,3,DL,0,0,0,0
88,3,UL,0,0,0,0
88,4,DL,0,0,0,0
88,4,UL,0,0,0,0
88,5,DL,0,0,0,0
88,5,UL,0,0,0,0
88,6,DL,0,0,0,0
88,6,UL,0,0,0,0
88,7,DL,0,0,0,0
88,7,UL,0,0,0,0
88,8,DL,0,0,0,0
88,8,UL,0,0,0,0
88,9,DL,0,0,0,0
88,9,UL,0,0,0,0
88,10,DL,0,0,0,0
88,10,UL,0,0,0,0
88,11,DL,0,0,0,0
88,11,UL,0,0,0,0
88,12,DL,0,0,0,0
88,12,UL,0,0,0,0
88,13,DL,0,0,0,0
88,13,UL,0,0,0,0
88,14,DL,0,0,0,0
88,14,UL,0,0,0,0
88,15,DL,0,0,0,0
88,15,UL,0,0,0,0
88,16,DL,0,0,0,0
88,16,UL,0,0,0,0
88,17,DL,0,0,0,0
88,17,UL,0,0,0,0
88,18,DL,0,0,0,0
88,18,UL,0,0,0,0
88,19,DL,0,0,0,0
88,19,UL,0,0,0,0
88,20,DL,0,0,0,0
88,20,UL,0,0,0,0
88,21,DL,0,0,0,0
88,21,UL,0,0,0,0
88,22,DL,0,0,0,0
88,22,UL,0,0,0,0
88,23,DL,0,0,0,0
88,23,UL,0,0,0,0
88,24,DL,0,0,0,0
88,24,UL,0,0,0,0
88,25,DL,0,0,0,0
88,25,UL,0,0,0,0
88,26,DL,0,0,0,0
88,26,UL,0,0,0,0
88,27,DL,0,0,0,0
88,27,UL,0,0,0,0
88,28,DL,0,0,0,0
88,28,UL,0,0,0,0
88,29,DL,0,0,0,0
88,29,UL,0,0,0,0
88,30,DL,0,0,0,0
88,30,UL,0,0,0,0
88,31,DL,0,0,0,0
88,31,UL,0,0,0,0
88,32,DL,0,0,0,0
88,32,UL,0,0,0,0
88,33,DL,0,0,0,0
88,33,UL,0,0,0,0
88,34,DL,0,0,0,0
88,34,UL,0,0,0,0
88,35,DL,0,0,0,0
88,35,UL,0,0,0,0
88,36,DL,0,0,0,0
88,36,UL,0,0,0,0
88,37,DL,0,0,0,0
88,37,UL,0,0,0,0
88,38,DL,0,0,0,0
88,38,UL,0,0,0,0
88,39,DL,0,0,0,0
88,39,UL,0,0,0,0
88,40,DL,0,0,0,0
88,40,UL,0,0,0,0
88,41,DL,0,0,0,0
88,41,UL,0,0,0,0
88,42,DL,0,0,0,0
88,42,UL,0,0,0,0
88,43,DL,0,0,0,0
88,43,UL,0,0,0,0
88,44,DL,0,0,0,0
88,44,UL,0,0,0,0
88,45,DL,0,0,0,0
88,45,UL,0,0,0,0
88,46,DL,0,0,0,0
88,46,UL,0,0,0,0
88,47,DL,0,0,0,0
88,47,UL,0,0,0,0
88,48,DL,0,0,0,0
88,48,UL,0,0,0,0
88,49,DL,0.01735,1.42925,0.015686,8
88,49,UL,0,0,0,0
88,50,DL,0,0,0,0
88,50,UL,0,0,0,0
88,51,DL,0,0,0,0
88,51,UL,0,0,0,0
88,52,DL,0,0,0,0
88,52,UL,0,0,0,0
88,53,DL,0,0,0,0
88,53,UL,0,0,0,0
88,54,DL,0,0,0,0
88,54,UL,0,0,0,0
88,55,DL,0,0,0,0
88,55,UL,0,0,0,0
88,56,DL,0,0,0,0
88,56,UL,0,0,0,0
88,57,DL,0,0,0,0
88,57,UL,0,0,0,0
88,58,DL,0,0,0,0
88,58,UL,0,0,0,0
88,59,DL,0,0,0,0
88,59,UL,0,0,0,0
