Time,CellId,ServiceDlSnrDb,ServiceUlSnrDb,FeederDlSnrDb,FeederUlSnrDb,BackhaulDlSnrDb,BackhaulUlSnrDb,BackhaulHealthy
0.100000,5,10.852754,6.332154,18.267232,26.746632,10.852754,6.332154,1
0.100000,6,10.988754,6.468154,18.267232,26.746632,10.988754,6.468154,1
0.100000,7,11.725085,7.204485,18.267232,26.746632,11.725085,7.204485,1
0.600000,5,13.239665,8.719065,20.005874,28.485274,13.239665,8.719065,1
0.600000,6,12.695593,8.174993,20.005874,28.485274,12.695593,8.174993,1
0.600000,7,11.750661,7.230061,20.005874,28.485274,11.750661,7.230061,1
1.100000,5,12.817325,8.296725,20.342531,28.821931,12.817325,8.296725,1
1.100000,6,13.157064,8.636464,20.342531,28.821931,13.157064,8.636464,1
1.100000,7,13.466134,8.945535,20.342531,28.821931,13.466134,8.945535,1
1.600000,5,14.244427,9.723827,17.369550,25.848950,14.244427,9.723827,1
1.600000,6,11.647649,7.127049,17.369550,25.848950,11.647649,7.127049,1
1.600000,7,9.513805,4.993205,17.369550,25.848950,9.513805,4.993205,1
2.100000,5,13.432931,8.912331,20.555794,29.035194,13.432931,8.912331,1
2.100000,6,10.246087,5.725487,20.555794,29.035194,10.246087,5.725487,1
2.100000,7,13.439405,8.918805,20.555794,29.035194,13.439405,8.918805,1
2.600000,5,12.974413,8.453813,20.749866,29.229266,12.974413,8.453813,1
2.600000,6,14.126693,9.606093,20.749866,29.229266,14.126693,9.606093,1
2.600000,7,11.347934,6.827334,20.749866,29.229266,11.347934,6.827334,1
3.100000,5,14.541341,10.020741,20.546697,29.026097,14.541341,10.020741,1
3.100000,6,16.386337,11.865737,20.546697,29.026097,16.386337,11.865737,1
3.100000,7,13.233026,8.712426,20.546697,29.026097,13.233026,8.712426,1
3.600000,5,12.859547,8.338947,20.000686,28.480086,12.859547,8.338947,1
3.600000,6,10.672489,6.151890,20.000686,28.480086,10.672489,6.151890,1
3.600000,7,7.967820,3.447220,20.000686,28.480086,7.967820,3.447220,1
4.100000,5,12.313430,7.792830,19.950103,28.429503,12.313430,7.792830,1
4.100000,6,12.268074,7.747474,19.950103,28.429503,12.268074,7.747474,1
4.100000,7,10.069121,5.548521,19.950103,28.429503,10.069121,5.548521,1
4.600000,5,13.665228,9.144628,13.847362,22.326762,13.665228,9.144628,1
4.600000,6,12.923697,8.403097,13.847362,22.326762,12.923697,8.403097,1
4.600000,7,10.976469,6.455869,13.847362,22.326762,10.976469,6.455869,1
5.100000,5,8.597214,4.076614,18.351662,26.831063,8.597214,4.076614,1
5.100000,6,10.789484,6.268884,18.351662,26.831063,10.789484,6.268884,1
5.100000,7,9.233142,4.712542,18.351662,26.831063,9.233142,4.712542,1
5.600000,5,13.016081,8.495481,18.513986,26.993386,13.016081,8.495481,1
5.600000,6,12.477880,7.957280,18.513986,26.993386,12.477880,7.957280,1
5.600000,7,12.769773,8.249173,18.513986,26.993386,12.769773,8.249173,1
6.100000,5,12.422104,7.901504,17.054143,25.533543,12.422104,7.901504,1
6.100000,6,13.240100,8.719500,17.054143,25.533543,13.240100,8.719500,1
6.100000,7,11.245895,6.725295,17.054143,25.533543,11.245895,6.725295,1
6.600000,5,8.793234,4.272634,18.611234,27.090634,8.793234,4.272634,1
6.600000,6,13.977876,9.457276,18.611234,27.090634,13.977876,9.457276,1
6.600000,7,12.003900,7.483301,18.611234,27.090634,12.003900,7.483301,1
7.100000,5,13.147444,8.626844,19.243930,27.723330,13.147444,8.626844,1
7.100000,6,9.448721,4.928121,19.243930,27.723330,9.448721,4.928121,1
7.100000,7,14.035836,9.515236,19.243930,27.723330,14.035836,9.515236,1
7.600000,5,11.927628,7.407028,14.797199,23.276599,11.927628,7.407028,1
7.600000,6,9.868779,5.348179,14.797199,23.276599,9.868779,5.348179,1
7.600000,7,14.154503,9.633903,14.797199,23.276599,14.154503,9.633903,1
8.100000,5,13.868078,9.347478,19.657373,28.136773,13.868078,9.347478,1
8.100000,6,7.237381,2.716782,19.657373,28.136773,7.237381,2.716782,1
8.100000,7,11.632840,7.112240,19.657373,28.136773,11.632840,7.112240,1
8.600000,5,6.590437,2.069838,19.786227,28.265627,6.590437,2.069838,1
8.600000,6,14.756346,10.235746,19.786227,28.265627,14.756346,10.235746,1
8.600000,7,13.893996,9.373396,19.786227,28.265627,13.893996,9.373396,1
9.100000,5,12.743596,8.222997,17.884083,26.363483,12.743596,8.222997,1
9.100000,6,13.443040,8.922441,17.884083,26.363483,13.443040,8.922441,1
9.100000,7,13.492572,8.971972,17.884083,26.363483,13.492572,8.971972,1
9.600000,5,10.839380,6.318780,19.395594,27.874994,10.839380,6.318780,1
9.600000,6,11.581910,7.061311,19.395594,27.874994,11.581910,7.061311,1
9.600000,7,10.036859,5.516259,19.395594,27.874994,10.036859,5.516259,1
10.100000,5,13.522869,9.002269,19.782965,28.262366,13.522869,9.002269,1
10.100000,6,12.194542,7.673943,19.782965,28.262366,12.194542,7.673943,1
10.100000,7,8.557374,4.036775,19.782965,28.262366,8.557374,4.036775,1
10.600000,5,12.272692,7.752093,20.310565,28.789965,12.272692,7.752093,1
10.600000,6,10.471327,5.950727,20.310565,28.789965,10.471327,5.950727,1
10.600000,7,9.652019,5.131419,20.310565,28.789965,9.652019,5.131419,1
11.100000,5,11.516310,6.995710,19.472392,27.951792,11.516310,6.995710,1
11.100000,6,12.607973,8.087373,19.472392,27.951792,12.607973,8.087373,1
11.100000,7,11.817095,7.296495,19.472392,27.951792,11.817095,7.296495,1
11.600000,5,9.484994,4.964394,17.435688,25.915088,9.484994,4.964394,1
11.600000,6,12.401848,7.881248,17.435688,25.915088,12.401848,7.881248,1
11.600000,7,12.149825,7.629225,17.435688,25.915088,12.149825,7.629225,1
12.100000,5,11.888464,7.367865,19.780524,28.259924,11.888464,7.367865,1
12.100000,6,10.426502,5.905902,19.780524,28.259924,10.426502,5.905902,1
12.100000,7,12.670533,8.149933,19.780524,28.259924,12.670533,8.149933,1
12.600000,5,13.536115,9.015515,19.001855,27.481255,13.536115,9.015515,1
12.600000,6,8.273099,3.752500,19.001855,27.481255,8.273099,3.752500,1
12.600000,7,10.231402,5.710802,19.001855,27.481255,10.231402,5.710802,1
13.100000,5,13.666549,9.145949,17.059021,25.538421,13.666549,9.145949,1
13.100000,6,11.942724,7.422125,17.059021,25.538421,11.942724,7.422125,1
13.100000,7,13.488960,8.968360,17.059021,25.538421,13.488960,8.968360,1
13.600000,5,10.618892,6.098292,18.834006,27.313407,10.618892,6.098292,1
13.600000,6,12.134363,7.613763,18.834006,27.313407,12.134363,7.613763,1
13.600000,7,12.051192,7.530592,18.834006,27.313407,12.051192,7.530592,1
14.100000,5,11.522815,7.002215,16.797809,25.277210,11.522815,7.002215,1
14.100000,6,12.047943,7.527343,16.797809,25.277210,12.047943,7.527343,1
14.100000,7,13.597465,9.076865,16.797809,25.277210,13.597465,9.076865,1
14.600000,5,10.148930,5.628331,19.925966,28.405366,10.148930,5.628331,1
14.600000,6,8.479317,3.958717,19.925966,28.405366,8.479317,3.958717,1
14.600000,7,12.656035,8.135435,19.925966,28.405366,12.656035,8.135435,1
15.100000,5,13.918955,9.398355,20.669822,29.149222,13.918955,9.398355,1
15.100000,6,10.827200,6.306600,20.669822,29.149222,10.827200,6.306600,1
15.100000,7,13.072788,8.552189,20.669822,29.149222,13.072788,8.552189,1
15.600000,5,13.220302,8.699702,20.973816,29.453216,13.220302,8.699702,1
15.600000,6,12.858806,8.338207,20.973816,29.453216,12.858806,8.338207,1
15.600000,7,13.815470,9.294870,20.973816,29.453216,13.815470,9.294870,1
16.100000,5,13.119065,8.598465,17.107967,25.587368,13.119065,8.598465,1
16.100000,6,12.682013,8.161413,17.107967,25.587368,12.682013,8.161413,1
16.100000,7,11.981165,7.460565,17.107967,25.587368,11.981165,7.460565,1
16.600000,5,14.942422,10.421822,17.450899,25.930299,14.942422,10.421822,1
16.600000,6,10.885305,6.364705,17.450899,25.930299,10.885305,6.364705,1
16.600000,7,11.690683,7.170083,17.450899,25.930299,11.690683,7.170083,1
17.100000,5,14.185375,9.664775,18.363401,26.842801,14.185375,9.664775,1
17.100000,6,14.479704,9.959104,18.363401,26.842801,14.479704,9.959104,1
17.100000,7,14.975151,10.454551,18.363401,26.842801,14.975151,10.454551,1
17.600000,5,15.003722,10.483122,15.783009,24.262409,15.003722,10.483122,1
17.600000,6,12.931718,8.411118,15.783009,24.262409,12.931718,8.411118,1
17.600000,7,10.797009,6.276409,15.783009,24.262409,10.797009,6.276409,1
18.100000,5,11.660221,7.139621,17.556405,26.035805,11.660221,7.139621,1
18.100000,6,12.739812,8.219212,17.556405,26.035805,12.739812,8.219212,1
18.100000,7,11.159469,6.638869,17.556405,26.035805,11.159469,6.638869,1
18.600000,5,12.916068,8.395468,13.142537,21.621937,12.916068,8.395468,1
18.600000,6,13.570660,9.050060,13.142537,21.621937,13.142537,9.050060,1
18.600000,7,14.990495,10.469895,13.142537,21.621937,13.142537,10.469895,1
19.100000,5,12.366933,7.846333,21.056584,29.535985,12.366933,7.846333,1
19.100000,6,11.121020,6.600420,21.056584,29.535985,11.121020,6.600420,1
19.100000,7,14.283103,9.762503,21.056584,29.535985,14.283103,9.762503,1
19.600000,5,15.049197,10.528597,20.937829,29.417229,15.049197,10.528597,1
19.600000,6,12.290887,7.770287,20.937829,29.417229,12.290887,7.770287,1
19.600000,7,11.839620,7.319020,20.937829,29.417229,11.839620,7.319020,1
20.100000,5,14.793132,10.272532,18.544308,27.023709,14.793132,10.272532,1
20.100000,6,11.402306,6.881706,18.544308,27.023709,11.402306,6.881706,1
20.100000,7,12.535025,8.014425,18.544308,27.023709,12.535025,8.014425,1
20.600000,5,7.845572,3.324972,20.057350,28.536750,7.845572,3.324972,1
20.600000,6,10.007288,5.486688,20.057350,28.536750,10.007288,5.486688,1
20.600000,7,11.527273,7.006673,20.057350,28.536750,11.527273,7.006673,1
21.100000,5,12.727544,8.206944,16.327115,24.806515,12.727544,8.206944,1
21.100000,6,9.357424,4.836824,16.327115,24.806515,9.357424,4.836824,1
21.100000,7,13.326245,8.805645,16.327115,24.806515,13.326245,8.805645,1
21.600000,5,11.364044,6.843444,17.875168,26.354568,11.364044,6.843444,1
21.600000,6,14.444304,9.923704,17.875168,26.354568,14.444304,9.923704,1
21.600000,7,12.867197,8.346597,17.875168,26.354568,12.867197,8.346597,1
22.100000,5,11.353446,6.832847,18.773938,27.253338,11.353446,6.832847,1
22.100000,6,10.587505,6.066905,18.773938,27.253338,10.587505,6.066905,1
22.100000,7,11.901558,7.380959,18.773938,27.253338,11.901558,7.380959,1
22.600000,5,12.497974,7.977374,17.773166,26.252566,12.497974,7.977374,1
22.600000,6,12.190548,7.669948,17.773166,26.252566,12.190548,7.669948,1
22.600000,7,13.183784,8.663184,17.773166,26.252566,13.183784,8.663184,1
23.100000,5,11.505082,6.984482,16.511053,24.990453,11.505082,6.984482,1
23.100000,6,13.451062,8.930462,16.511053,24.990453,13.451062,8.930462,1
23.100000,7,10.084794,5.564194,16.511053,24.990453,10.084794,5.564194,1
23.600000,5,14.241140,9.720540,13.116152,21.595552,13.116152,9.720540,1
23.600000,6,11.561843,7.041243,13.116152,21.595552,11.561843,7.041243,1
23.600000,7,12.758521,8.237921,13.116152,21.595552,12.758521,8.237921,1
24.100000,5,6.963163,2.442563,20.302057,28.781457,6.963163,2.442563,1
24.100000,6,13.729988,9.209388,20.302057,28.781457,13.729988,9.209388,1
24.100000,7,13.101601,8.581001,20.302057,28.781457,13.101601,8.581001,1
24.600000,5,13.051969,8.531369,19.512522,27.991922,13.051969,8.531369,1
24.600000,6,13.514775,8.994175,19.512522,27.991922,13.514775,8.994175,1
24.600000,7,13.464769,8.944169,19.512522,27.991922,13.464769,8.944169,1
25.100000,5,9.537819,5.017219,17.258395,25.737795,9.537819,5.017219,1
25.100000,6,10.764775,6.244175,17.258395,25.737795,10.764775,6.244175,1
25.100000,7,12.017016,7.496416,17.258395,25.737795,12.017016,7.496416,1
25.600000,5,14.606301,10.085702,17.609928,26.089328,14.606301,10.085702,1
25.600000,6,13.338050,8.817450,17.609928,26.089328,13.338050,8.817450,1
25.600000,7,9.860512,5.339912,17.609928,26.089328,9.860512,5.339912,1
26.100000,5,13.427090,8.906490,17.713960,26.193360,13.427090,8.906490,1
26.100000,6,11.317496,6.796896,17.713960,26.193360,11.317496,6.796896,1
26.100000,7,13.370284,8.849684,17.713960,26.193360,13.370284,8.849684,1
26.600000,5,12.431473,7.910873,15.070013,23.549413,12.431473,7.910873,1
26.600000,6,12.873746,8.353146,15.070013,23.549413,12.873746,8.353146,1
26.600000,7,13.966439,9.445840,15.070013,23.549413,13.966439,9.445840,1
27.100000,5,8.193478,3.672878,17.531526,26.010926,8.193478,3.672878,1
27.100000,6,12.977261,8.456661,17.531526,26.010926,12.977261,8.456661,1
27.100000,7,14.970243,10.449643,17.531526,26.010926,14.970243,10.449643,1
27.600000,5,9.955952,5.435352,18.654287,27.133687,9.955952,5.435352,1
27.600000,6,14.399821,9.879221,18.654287,27.133687,14.399821,9.879221,1
27.600000,7,15.570991,11.050392,18.654287,27.133687,15.570991,11.050392,1
28.100000,5,12.367497,7.846897,19.446513,27.925913,12.367497,7.846897,1
28.100000,6,12.360215,7.839615,19.446513,27.925913,12.360215,7.839615,1
28.100000,7,12.577267,8.056667,19.446513,27.925913,12.577267,8.056667,1
28.600000,5,13.854570,9.333971,18.983293,27.462693,13.854570,9.333971,1
28.600000,6,11.724507,7.203907,18.983293,27.462693,11.724507,7.203907,1
28.600000,7,12.516144,7.995544,18.983293,27.462693,12.516144,7.995544,1
29.100000,5,14.693255,10.172655,16.974079,25.453479,14.693255,10.172655,1
29.100000,6,12.758345,8.237745,16.974079,25.453479,12.758345,8.237745,1
29.100000,7,10.075062,5.554462,16.974079,25.453479,10.075062,5.554462,1
29.600000,5,14.085253,9.564653,17.602339,26.081739,14.085253,9.564653,1
29.600000,6,11.715069,7.194469,17.602339,26.081739,11.715069,7.194469,1
29.600000,7,9.608124,5.087524,17.602339,26.081739,9.608124,5.087524,1
30.100000,5,13.615360,9.094760,21.021178,29.500578,13.615360,9.094760,1
30.100000,6,10.815725,6.295125,21.021178,29.500578,10.815725,6.295125,1
30.100000,7,9.526744,5.006144,21.021178,29.500578,9.526744,5.006144,1
30.600000,5,14.283029,9.762430,19.827259,28.306659,14.283029,9.762430,1
30.600000,6,12.972986,8.452386,19.827259,28.306659,12.972986,8.452386,1
30.600000,7,13.898394,9.377794,19.827259,28.306659,13.898394,9.377794,1
31.100000,5,13.007323,8.486723,18.385763,26.865163,13.007323,8.486723,1
31.100000,6,13.454833,8.934233,18.385763,26.865163,13.454833,8.934233,1
31.100000,7,12.889347,8.368747,18.385763,26.865163,12.889347,8.368747,1
31.600000,5,11.757723,7.237123,18.401095,26.880495,11.757723,7.237123,1
31.600000,6,14.018991,9.498391,18.401095,26.880495,14.018991,9.498391,1
31.600000,7,9.345178,4.824578,18.401095,26.880495,9.345178,4.824578,1
32.100000,5,12.223573,7.702973,19.456303,27.935703,12.223573,7.702973,1
32.100000,6,12.966065,8.445465,19.456303,27.935703,12.966065,8.445465,1
32.100000,7,12.091052,7.570452,19.456303,27.935703,12.091052,7.570452,1
32.600000,5,13.124680,8.604080,19.016128,27.495528,13.124680,8.604080,1
32.600000,6,10.991079,6.470479,19.016128,27.495528,10.991079,6.470479,1
32.600000,7,11.848577,7.327978,19.016128,27.495528,11.848577,7.327978,1
33.100000,5,10.147061,5.626461,16.266886,24.746286,10.147061,5.626461,1
33.100000,6,13.393505,8.872905,16.266886,24.746286,13.393505,8.872905,1
33.100000,7,11.949051,7.428451,16.266886,24.746286,11.949051,7.428451,1
33.600000,5,12.277179,7.756579,19.514221,27.993621,12.277179,7.756579,1
33.600000,6,14.300706,9.780106,19.514221,27.993621,14.300706,9.780106,1
33.600000,7,3.688512,-0.832088,19.514221,27.993621,3.688512,-0.832088,0
34.100000,5,12.995119,8.474519,16.249602,24.729002,12.995119,8.474519,1
34.100000,6,8.457027,3.936427,16.249602,24.729002,8.457027,3.936427,1
34.100000,7,11.717473,7.196873,16.249602,24.729002,11.717473,7.196873,1
34.600000,5,12.246314,7.725714,19.492440,27.971840,12.246314,7.725714,1
34.600000,6,13.755984,9.235385,19.492440,27.971840,13.755984,9.235385,1
34.600000,7,16.857742,12.337142,19.492440,27.971840,16.857742,12.337142,1
35.100000,5,13.167549,8.646949,19.500654,27.980054,13.167549,8.646949,1
35.100000,6,13.992237,9.471638,19.500654,27.980054,13.992237,9.471638,1
35.100000,7,8.427106,3.906506,19.500654,27.980054,8.427106,3.906506,1
35.600000,5,11.874858,7.354258,17.642307,26.121707,11.874858,7.354258,1
35.600000,6,12.468415,7.947815,17.642307,26.121707,12.468415,7.947815,1
35.600000,7,14.106669,9.586069,17.642307,26.121707,14.106669,9.586069,1
36.100000,5,12.423714,7.903114,17.793851,26.273251,12.423714,7.903114,1
36.100000,6,13.907686,9.387086,17.793851,26.273251,13.907686,9.387086,1
36.100000,7,12.434057,7.913457,17.793851,26.273251,12.434057,7.913457,1
36.600000,5,12.806270,8.285671,17.831284,26.310684,12.806270,8.285671,1
36.600000,6,13.666938,9.146338,17.831284,26.310684,13.666938,9.146338,1
36.600000,7,11.809575,7.288975,17.831284,26.310684,11.809575,7.288975,1
37.100000,5,14.254513,9.733913,19.670233,28.149633,14.254513,9.733913,1
37.100000,6,12.811405,8.290806,19.670233,28.149633,12.811405,8.290806,1
37.100000,7,10.356214,5.835614,19.670233,28.149633,10.356214,5.835614,1
37.600000,5,12.672762,8.152162,16.583545,25.062945,12.672762,8.152162,1
37.600000,6,11.813367,7.292767,16.583545,25.062945,11.813367,7.292767,1
37.600000,7,12.988912,8.468312,16.583545,25.062945,12.988912,8.468312,1
38.100000,5,12.169067,7.648467,16.416347,24.895747,12.169067,7.648467,1
38.100000,6,8.142925,3.622326,16.416347,24.895747,8.142925,3.622326,1
38.100000,7,9.993797,5.473197,16.416347,24.895747,9.993797,5.473197,1
38.600000,5,11.904570,7.383970,20.238432,28.717832,11.904570,7.383970,1
38.600000,6,13.529475,9.008875,20.238432,28.717832,13.529475,9.008875,1
38.600000,7,10.194633,5.674033,20.238432,28.717832,10.194633,5.674033,1
39.100000,5,12.277906,7.757306,20.383712,28.863112,12.277906,7.757306,1
39.100000,6,11.892872,7.372272,20.383712,28.863112,11.892872,7.372272,1
39.100000,7,10.099961,5.579361,20.383712,28.863112,10.099961,5.579361,1
39.600000,5,11.439567,6.918967,17.300594,25.779994,11.439567,6.918967,1
39.600000,6,14.367340,9.846740,17.300594,25.779994,14.367340,9.846740,1
39.600000,7,13.012515,8.491915,17.300594,25.779994,13.012515,8.491915,1
40.100000,5,13.530558,9.009958,17.070004,25.549404,13.530558,9.009958,1
40.100000,6,14.372514,9.851914,17.070004,25.549404,14.372514,9.851914,1
40.100000,7,13.030719,8.510120,17.070004,25.549404,13.030719,8.510120,1
40.600000,5,13.175346,8.654746,20.998344,29.477744,13.175346,8.654746,1
40.600000,6,13.359072,8.838472,20.998344,29.477744,13.359072,8.838472,1
40.600000,7,15.283316,10.762716,20.998344,29.477744,15.283316,10.762716,1
41.100000,5,14.598504,10.077904,19.406379,27.885779,14.598504,10.077904,1
41.100000,6,11.679287,7.158687,19.406379,27.885779,11.679287,7.158687,1
41.100000,7,12.615865,8.095266,19.406379,27.885779,12.615865,8.095266,1
41.600000,5,12.665512,8.144912,18.378508,26.857908,12.665512,8.144912,1
41.600000,6,15.347246,10.826646,18.378508,26.857908,15.347246,10.826646,1
41.600000,7,15.267228,10.746628,18.378508,26.857908,15.267228,10.746628,1
42.100000,5,12.694084,8.173484,18.434061,26.913461,12.694084,8.173484,1
42.100000,6,12.081616,7.561016,18.434061,26.913461,12.081616,7.561016,1
42.100000,7,14.758864,10.238265,18.434061,26.913461,14.758864,10.238265,1
42.600000,5,15.686231,11.165631,17.892136,26.371536,15.686231,11.165631,1
42.600000,6,6.964145,2.443545,17.892136,26.371536,6.964145,2.443545,1
42.600000,7,14.744795,10.224195,17.892136,26.371536,14.744795,10.224195,1
43.100000,5,15.517346,10.996746,19.302817,27.782217,15.517346,10.996746,1
43.100000,6,14.638058,10.117458,19.302817,27.782217,14.638058,10.117458,1
43.100000,7,11.406656,6.886056,19.302817,27.782217,11.406656,6.886056,1
43.600000,5,13.523457,9.002857,15.892161,24.371561,13.523457,9.002857,1
43.600000,6,11.815460,7.294860,15.892161,24.371561,11.815460,7.294860,1
43.600000,7,13.586895,9.066295,15.892161,24.371561,13.586895,9.066295,1
44.100000,5,13.064192,8.543592,18.698984,27.178385,13.064192,8.543592,1
44.100000,6,13.534920,9.014321,18.698984,27.178385,13.534920,9.014321,1
44.100000,7,11.859470,7.338870,18.698984,27.178385,11.859470,7.338870,1
44.600000,5,14.454105,9.933505,21.387351,29.866751,14.454105,9.933505,1
44.600000,6,11.023646,6.503046,21.387351,29.866751,11.023646,6.503046,1
44.600000,7,11.728045,7.207445,21.387351,29.866751,11.728045,7.207445,1
45.100000,5,12.605053,8.084453,18.441206,26.920606,12.605053,8.084453,1
45.100000,6,13.177403,8.656803,18.441206,26.920606,13.177403,8.656803,1
45.100000,7,13.233759,8.713159,18.441206,26.920606,13.233759,8.713159,1
45.600000,5,13.537651,9.017051,17.222146,25.701547,13.537651,9.017051,1
45.600000,6,12.551540,8.030940,17.222146,25.701547,12.551540,8.030940,1
45.600000,7,13.261905,8.741306,17.222146,25.701547,13.261905,8.741306,1
46.100000,5,12.809871,8.289271,13.661529,22.140929,12.809871,8.289271,1
46.100000,6,12.144751,7.624151,13.661529,22.140929,12.144751,7.624151,1
46.100000,7,9.580833,5.060233,13.661529,22.140929,9.580833,5.060233,1
46.600000,5,11.719482,7.198882,19.670116,28.149516,11.719482,7.198882,1
46.600000,6,13.477134,8.956534,19.670116,28.149516,13.477134,8.956534,1
46.600000,7,9.134929,4.614329,19.670116,28.149516,9.134929,4.614329,1
47.100000,5,12.281205,7.760605,17.433551,25.912951,12.281205,7.760605,1
47.100000,6,12.493603,7.973003,17.433551,25.912951,12.493603,7.973003,1
47.100000,7,11.059106,6.538506,17.433551,25.912951,11.059106,6.538506,1
47.600000,5,15.538912,11.018312,19.977759,28.457159,15.538912,11.018312,1
47.600000,6,14.262088,9.741488,19.977759,28.457159,14.262088,9.741488,1
47.600000,7,11.240354,6.719754,19.977759,28.457159,11.240354,6.719754,1
48.100000,5,12.432635,7.912035,21.720234,30.199634,12.432635,7.912035,1
48.100000,6,13.882041,9.361441,21.720234,30.199634,13.882041,9.361441,1
48.100000,7,10.821007,6.300407,21.720234,30.199634,10.821007,6.300407,1
48.600000,5,10.297936,5.777336,17.806383,26.285783,10.297936,5.777336,1
48.600000,6,8.055115,3.534515,17.806383,26.285783,8.055115,3.534515,1
48.600000,7,12.372356,7.851757,17.806383,26.285783,12.372356,7.851757,1
49.100000,5,2.969650,-1.550950,20.164620,28.644020,2.969650,-1.550950,0
49.100000,6,13.402161,8.881561,20.164620,28.644020,13.402161,8.881561,1
49.100000,7,11.180130,6.659530,20.164620,28.644020,11.180130,6.659530,1
49.600000,5,11.917211,7.396611,20.457818,28.937219,11.917211,7.396611,1
49.600000,6,11.051911,6.531312,20.457818,28.937219,11.051911,6.531312,1
49.600000,7,11.338364,6.817764,20.457818,28.937219,11.338364,6.817764,1
50.100000,5,16.571567,12.050967,18.603684,27.083084,16.571567,12.050967,1
50.100000,6,12.036114,7.515514,18.603684,27.083084,12.036114,7.515514,1
50.100000,7,13.073849,8.553249,18.603684,27.083084,13.073849,8.553249,1
50.600000,5,10.952577,6.431977,19.172020,27.651421,10.952577,6.431977,1
50.600000,6,14.767301,10.246701,19.172020,27.651421,14.767301,10.246701,1
50.600000,7,12.583826,8.063226,19.172020,27.651421,12.583826,8.063226,1
51.100000,5,11.131607,6.611007,20.302110,28.781510,11.131607,6.611007,1
51.100000,6,8.445487,3.924887,20.302110,28.781510,8.445487,3.924887,1
51.100000,7,11.156893,6.636293,20.302110,28.781510,11.156893,6.636293,1
51.600000,5,13.306866,8.786266,20.669369,29.148769,13.306866,8.786266,1
51.600000,6,11.955503,7.434903,20.669369,29.148769,11.955503,7.434903,1
51.600000,7,12.153527,7.632927,20.669369,29.148769,12.153527,7.632927,1
52.100000,5,14.126755,9.606155,17.334885,25.814285,14.126755,9.606155,1
52.100000,6,5.320140,0.799540,17.334885,25.814285,5.320140,0.799540,1
52.100000,7,12.700998,8.180398,17.334885,25.814285,12.700998,8.180398,1
52.600000,5,14.368543,9.847943,17.860542,26.339942,14.368543,9.847943,1
52.600000,6,12.932980,8.412380,17.860542,26.339942,12.932980,8.412380,1
52.600000,7,10.611895,6.091295,17.860542,26.339942,10.611895,6.091295,1
53.100000,5,10.660944,6.140344,18.768991,27.248391,10.660944,6.140344,1
53.100000,6,12.986195,8.465595,18.768991,27.248391,12.986195,8.465595,1
53.100000,7,14.215343,9.694744,18.768991,27.248391,14.215343,9.694744,1
53.600000,5,12.436896,7.916296,21.587615,30.067015,12.436896,7.916296,1
53.600000,6,13.587179,9.066579,21.587615,30.067015,13.587179,9.066579,1
53.600000,7,9.352074,4.831474,21.587615,30.067015,9.352074,4.831474,1
54.100000,5,10.277583,5.756983,20.496296,28.975696,10.277583,5.756983,1
54.100000,6,12.396898,7.876298,20.496296,28.975696,12.396898,7.876298,1
54.100000,7,12.128595,7.607995,20.496296,28.975696,12.128595,7.607995,1
54.600000,5,10.237818,5.717218,19.444009,27.923409,10.237818,5.717218,1
54.600000,6,11.063617,6.543017,19.444009,27.923409,11.063617,6.543017,1
54.600000,7,11.601851,7.081252,19.444009,27.923409,11.601851,7.081252,1
55.100000,5,13.617615,9.097015,18.694050,27.173451,13.617615,9.097015,1
55.100000,6,11.421057,6.900457,18.694050,27.173451,11.421057,6.900457,1
55.100000,7,11.101911,6.581311,18.694050,27.173451,11.101911,6.581311,1
55.600000,5,13.102932,8.582332,20.319151,28.798551,13.102932,8.582332,1
55.600000,6,12.754501,8.233901,20.319151,28.798551,12.754501,8.233901,1
55.600000,7,13.462157,8.941557,20.319151,28.798551,13.462157,8.941557,1
56.100000,5,12.441148,7.920548,18.084035,26.563435,12.441148,7.920548,1
56.100000,6,12.378968,7.858368,18.084035,26.563435,12.378968,7.858368,1
56.100000,7,12.552751,8.032151,18.084035,26.563435,12.552751,8.032151,1
56.600000,5,12.034258,7.513658,20.109489,28.588889,12.034258,7.513658,1
56.600000,6,13.413375,8.892775,20.109489,28.588889,13.413375,8.892775,1
56.600000,7,14.505399,9.984800,20.109489,28.588889,14.505399,9.984800,1
57.100000,5,11.775046,7.254446,16.738861,25.218261,11.775046,7.254446,1
57.100000,6,13.777069,9.256469,16.738861,25.218261,13.777069,9.256469,1
57.100000,7,15.736102,11.215502,16.738861,25.218261,15.736102,11.215502,1
57.600000,5,10.882124,6.361524,19.445791,27.925191,10.882124,6.361524,1
57.600000,6,13.213663,8.693063,19.445791,27.925191,13.213663,8.693063,1
57.600000,7,11.410209,6.889609,19.445791,27.925191,11.410209,6.889609,1
58.100000,5,15.573713,11.053113,19.632548,28.111948,15.573713,11.053113,1
58.100000,6,11.517666,6.997066,19.632548,28.111948,11.517666,6.997066,1
58.100000,7,12.586281,8.065681,19.632548,28.111948,12.586281,8.065681,1
58.600000,5,12.568470,8.047870,19.227318,27.706718,12.568470,8.047870,1
58.600000,6,12.708568,8.187968,19.227318,27.706718,12.708568,8.187968,1
58.600000,7,13.600364,9.079764,19.227318,27.706718,13.600364,9.079764,1
59.100000,5,14.519568,9.998968,17.241727,25.721127,14.519568,9.998968,1
59.100000,6,10.722171,6.201571,17.241727,25.721127,10.722171,6.201571,1
59.100000,7,12.400340,7.879740,17.241727,25.721127,12.400340,7.879740,1
59.600000,5,12.915560,8.394960,17.793892,26.273292,12.915560,8.394960,1
59.600000,6,12.298546,7.777946,17.793892,26.273292,12.298546,7.777946,1
59.600000,7,10.204214,5.683614,17.793892,26.273292,10.204214,5.683614,1
60.100000,5,12.146314,7.625714,19.920182,28.399582,12.146314,7.625714,1
60.100000,6,9.465964,4.945364,19.920182,28.399582,9.465964,4.945364,1
60.100000,7,13.342611,8.822011,19.920182,28.399582,13.342611,8.822011,1
60.600000,5,12.579527,8.058927,20.176581,28.655981,12.579527,8.058927,1
60.600000,6,11.659612,7.139012,20.176581,28.655981,11.659612,7.139012,1
60.600000,7,13.227157,8.706557,20.176581,28.655981,13.227157,8.706557,1
61.100000,5,12.582850,8.062250,17.465400,25.944800,12.582850,8.062250,1
61.100000,6,11.117396,6.596796,17.465400,25.944800,11.117396,6.596796,1
61.100000,7,11.598150,7.077550,17.465400,25.944800,11.598150,7.077550,1
61.600000,5,8.859593,4.338993,12.534008,21.013408,8.859593,4.338993,1
61.600000,6,11.842387,7.321787,12.534008,21.013408,11.842387,7.321787,1
61.600000,7,11.641981,7.121382,12.534008,21.013408,11.641981,7.121382,1
62.100000,5,14.805252,10.284652,18.704113,27.183513,14.805252,10.284652,1
62.100000,6,10.579713,6.059114,18.704113,27.183513,10.579713,6.059114,1
62.100000,7,8.405117,3.884517,18.704113,27.183513,8.405117,3.884517,1
62.600000,5,12.685306,8.164706,19.113689,27.593090,12.685306,8.164706,1
62.600000,6,10.651619,6.131019,19.113689,27.593090,10.651619,6.131019,1
62.600000,7,14.019753,9.499153,19.113689,27.593090,14.019753,9.499153,1
63.100000,5,11.795872,7.275272,20.085596,28.564996,11.795872,7.275272,1
63.100000,6,13.399550,8.878950,20.085596,28.564996,13.399550,8.878950,1
63.100000,7,10.850281,6.329681,20.085596,28.564996,10.850281,6.329681,1
63.600000,5,12.303686,7.783086,18.069498,26.548898,12.303686,7.783086,1
63.600000,6,14.302535,9.781935,18.069498,26.548898,14.302535,9.781935,1
63.600000,7,15.190025,10.669425,18.069498,26.548898,15.190025,10.669425,1
64.100000,5,11.724475,7.203875,16.568622,25.048022,11.724475,7.203875,1
64.100000,6,11.049716,6.529116,16.568622,25.048022,11.049716,6.529116,1
64.100000,7,12.740055,8.219455,16.568622,25.048022,12.740055,8.219455,1
64.600000,5,13.537639,9.017039,20.030904,28.510304,13.537639,9.017039,1
64.600000,6,15.472052,10.951452,20.030904,28.510304,15.472052,10.951452,1
64.600000,7,12.387726,7.867126,20.030904,28.510304,12.387726,7.867126,1
65.100000,5,11.902776,7.382176,18.553387,27.032787,11.902776,7.382176,1
65.100000,6,12.187598,7.666999,18.553387,27.032787,12.187598,7.666999,1
65.100000,7,15.983771,11.463171,18.553387,27.032787,15.983771,11.463171,1
65.600000,5,10.602111,6.081511,19.398739,27.878139,10.602111,6.081511,1
65.600000,6,13.581349,9.060749,19.398739,27.878139,13.581349,9.060749,1
65.600000,7,14.732952,10.212352,19.398739,27.878139,14.732952,10.212352,1
66.100000,5,11.141408,6.620808,16.206713,24.686113,11.141408,6.620808,1
66.100000,6,13.428692,8.908092,16.206713,24.686113,13.428692,8.908092,1
66.100000,7,15.817469,11.296869,16.206713,24.686113,15.817469,11.296869,1
66.600000,5,13.943504,9.422905,18.639497,27.118897,13.943504,9.422905,1
66.600000,6,11.700668,7.180068,18.639497,27.118897,11.700668,7.180068,1
66.600000,7,12.701490,8.180890,18.639497,27.118897,12.701490,8.180890,1
67.100000,5,14.088717,9.568117,14.972049,23.451450,14.088717,9.568117,1
67.100000,6,11.048006,6.527406,14.972049,23.451450,11.048006,6.527406,1
67.100000,7,14.705830,10.185230,14.972049,23.451450,14.705830,10.185230,1
67.600000,5,13.365691,8.845092,17.491806,25.971206,13.365691,8.845092,1
67.600000,6,10.433895,5.913295,17.491806,25.971206,10.433895,5.913295,1
67.600000,7,11.916694,7.396094,17.491806,25.971206,11.916694,7.396094,1
68.100000,5,9.504510,4.983910,17.119637,25.599037,9.504510,4.983910,1
68.100000,6,13.332222,8.811622,17.119637,25.599037,13.332222,8.811622,1
68.100000,7,12.695705,8.175106,17.119637,25.599037,12.695705,8.175106,1
68.600000,5,11.808566,7.287966,17.990543,26.469943,11.808566,7.287966,1
68.600000,6,13.805681,9.285081,17.990543,26.469943,13.805681,9.285081,1
68.600000,7,12.545371,8.024771,17.990543,26.469943,12.545371,8.024771,1
69.100000,5,13.415154,8.894554,17.214742,25.694142,13.415154,8.894554,1
69.100000,6,11.527426,7.006826,17.214742,25.694142,11.527426,7.006826,1
69.100000,7,10.783101,6.262502,17.214742,25.694142,10.783101,6.262502,1
69.600000,5,12.102702,7.582102,21.395927,29.875327,12.102702,7.582102,1
69.600000,6,12.721727,8.201127,21.395927,29.875327,12.721727,8.201127,1
69.600000,7,13.607222,9.086622,21.395927,29.875327,13.607222,9.086622,1
70.100000,5,13.532069,9.011469,16.414850,24.894250,13.532069,9.011469,1
70.100000,6,10.035782,5.515182,16.414850,24.894250,10.035782,5.515182,1
70.100000,7,14.432280,9.911681,16.414850,24.894250,14.432280,9.911681,1
70.600000,5,16.033722,11.513122,17.922360,26.401760,16.033722,11.513122,1
70.600000,6,14.179523,9.658923,17.922360,26.401760,14.179523,9.658923,1
70.600000,7,13.435433,8.914833,17.922360,26.401760,13.435433,8.914833,1
71.100000,5,12.024407,7.503807,20.477133,28.956533,12.024407,7.503807,1
71.100000,6,12.912469,8.391869,20.477133,28.956533,12.912469,8.391869,1
71.100000,7,6.514062,1.993462,20.477133,28.956533,6.514062,1.993462,1
71.600000,5,10.561262,6.040662,19.144476,27.623876,10.561262,6.040662,1
71.600000,6,8.754475,4.233875,19.144476,27.623876,8.754475,4.233875,1
71.600000,7,14.123676,9.603077,19.144476,27.623876,14.123676,9.603077,1
72.100000,5,13.518987,8.998387,19.439829,27.919229,13.518987,8.998387,1
72.100000,6,10.003619,5.483019,19.439829,27.919229,10.003619,5.483019,1
72.100000,7,11.980492,7.459892,19.439829,27.919229,11.980492,7.459892,1
72.600000,5,13.159885,8.639285,14.805767,23.285167,13.159885,8.639285,1
72.600000,6,13.919834,9.399234,14.805767,23.285167,13.919834,9.399234,1
72.600000,7,13.810057,9.289457,14.805767,23.285167,13.810057,9.289457,1
73.100000,5,14.586733,10.066133,20.280963,28.760363,14.586733,10.066133,1
73.100000,6,10.683010,6.162410,20.280963,28.760363,10.683010,6.162410,1
73.100000,7,11.177040,6.656441,20.280963,28.760363,11.177040,6.656441,1
73.600000,5,10.039372,5.518772,17.728979,26.208379,10.039372,5.518772,1
73.600000,6,12.706338,8.185738,17.728979,26.208379,12.706338,8.185738,1
73.600000,7,14.283010,9.762410,17.728979,26.208379,14.283010,9.762410,1
74.100000,5,13.466401,8.945801,19.232738,27.712138,13.466401,8.945801,1
74.100000,6,11.995424,7.474825,19.232738,27.712138,11.995424,7.474825,1
74.100000,7,10.441901,5.921301,19.232738,27.712138,10.441901,5.921301,1
74.600000,5,12.868391,8.347791,18.957062,27.436462,12.868391,8.347791,1
74.600000,6,13.246329,8.725729,18.957062,27.436462,13.246329,8.725729,1
74.600000,7,12.425274,7.904674,18.957062,27.436462,12.425274,7.904674,1
75.100000,5,12.565672,8.045072,22.747744,31.227144,12.565672,8.045072,1
75.100000,6,15.900259,11.379659,22.747744,31.227144,15.900259,11.379659,1
75.100000,7,14.882279,10.361679,22.747744,31.227144,14.882279,10.361679,1
75.600000,5,16.355040,11.834440,17.092044,25.571444,16.355040,11.834440,1
75.600000,6,13.027100,8.506500,17.092044,25.571444,13.027100,8.506500,1
75.600000,7,11.818521,7.297921,17.092044,25.571444,11.818521,7.297921,1
76.100000,5,12.298724,7.778124,18.778566,27.257966,12.298724,7.778124,1
76.100000,6,12.725769,8.205169,18.778566,27.257966,12.725769,8.205169,1
76.100000,7,8.087659,3.567059,18.778566,27.257966,8.087659,3.567059,1
76.600000,5,11.458086,6.937486,20.621657,29.101057,11.458086,6.937486,1
76.600000,6,12.766923,8.246323,20.621657,29.101057,12.766923,8.246323,1
76.600000,7,9.428262,4.907662,20.621657,29.101057,9.428262,4.907662,1
77.100000,5,12.524073,8.003473,19.037888,27.517288,12.524073,8.003473,1
77.100000,6,10.676184,6.155584,19.037888,27.517288,10.676184,6.155584,1
77.100000,7,11.566027,7.045427,19.037888,27.517288,11.566027,7.045427,1
77.600000,5,14.932339,10.411739,17.626681,26.106081,14.932339,10.411739,1
77.600000,6,13.558925,9.038325,17.626681,26.106081,13.558925,9.038325,1
77.600000,7,11.036709,6.516109,17.626681,26.106081,11.036709,6.516109,1
78.100000,5,12.483283,7.962683,16.980390,25.459790,12.483283,7.962683,1
78.100000,6,11.554555,7.033955,16.980390,25.459790,11.554555,7.033955,1
78.100000,7,10.182819,5.662219,16.980390,25.459790,10.182819,5.662219,1
78.600000,5,11.850541,7.329941,18.557438,27.036838,11.850541,7.329941,1
78.600000,6,12.126384,7.605784,18.557438,27.036838,12.126384,7.605784,1
78.600000,7,10.968786,6.448186,18.557438,27.036838,10.968786,6.448186,1
79.100000,5,14.848426,10.327826,17.945522,26.424922,14.848426,10.327826,1
79.100000,6,13.040384,8.519784,17.945522,26.424922,13.040384,8.519784,1
79.100000,7,12.810817,8.290217,17.945522,26.424922,12.810817,8.290217,1
79.600000,5,14.678254,10.157654,18.263438,26.742838,14.678254,10.157654,1
79.600000,6,15.945808,11.425208,18.263438,26.742838,15.945808,11.425208,1
79.600000,7,10.732330,6.211730,18.263438,26.742838,10.732330,6.211730,1
80.100000,5,11.460512,6.939912,18.366649,26.846049,11.460512,6.939912,1
80.100000,6,13.748616,9.228016,18.366649,26.846049,13.748616,9.228016,1
80.100000,7,11.863615,7.343015,18.366649,26.846049,11.863615,7.343015,1
80.600000,5,14.642141,10.121541,16.694949,25.174349,14.642141,10.121541,1
80.600000,6,12.575859,8.055259,16.694949,25.174349,12.575859,8.055259,1
80.600000,7,13.415845,8.895245,16.694949,25.174349,13.415845,8.895245,1
81.100000,5,16.015765,11.495165,20.839267,29.318667,16.015765,11.495165,1
81.100000,6,11.369720,6.849120,20.839267,29.318667,11.369720,6.849120,1
81.100000,7,14.790623,10.270023,20.839267,29.318667,14.790623,10.270023,1
81.600000,5,10.786290,6.265690,20.477112,28.956512,10.786290,6.265690,1
81.600000,6,15.025091,10.504491,20.477112,28.956512,15.025091,10.504491,1
81.600000,7,15.347474,10.826874,20.477112,28.956512,15.347474,10.826874,1
82.100000,5,15.301334,10.780735,15.803470,24.282870,15.301334,10.780735,1
82.100000,6,13.947047,9.426447,15.803470,24.282870,13.947047,9.426447,1
82.100000,7,13.020209,8.499609,15.803470,24.282870,13.020209,8.499609,1
82.600000,5,14.201810,9.681210,18.140750,26.620150,14.201810,9.681210,1
82.600000,6,14.703433,10.182833,18.140750,26.620150,14.703433,10.182833,1
82.600000,7,11.265010,6.744410,18.140750,26.620150,11.265010,6.744410,1
83.100000,5,14.698742,10.178142,20.282095,28.761495,14.698742,10.178142,1
83.100000,6,13.485915,8.965315,20.282095,28.761495,13.485915,8.965315,1
83.100000,7,13.270773,8.750173,20.282095,28.761495,13.270773,8.750173,1
83.600000,5,13.708871,9.188271,19.102584,27.581984,13.708871,9.188271,1
83.600000,6,12.234194,7.713594,19.102584,27.581984,12.234194,7.713594,1
83.600000,7,12.394301,7.873701,19.102584,27.581984,12.394301,7.873701,1
84.100000,5,12.888546,8.367946,20.655489,29.134889,12.888546,8.367946,1
84.100000,6,11.103407,6.582807,20.655489,29.134889,11.103407,6.582807,1
84.100000,7,13.601257,9.080657,20.655489,29.134889,13.601257,9.080657,1
84.600000,5,13.406589,8.885989,16.225430,24.704830,13.406589,8.885989,1
84.600000,6,13.399075,8.878475,16.225430,24.704830,13.399075,8.878475,1
84.600000,7,12.640319,8.119719,16.225430,24.704830,12.640319,8.119719,1
85.100000,5,13.840729,9.320129,18.355344,26.834744,13.840729,9.320129,1
85.100000,6,11.691924,7.171324,18.355344,26.834744,11.691924,7.171324,1
85.100000,7,12.095477,7.574877,18.355344,26.834744,12.095477,7.574877,1
85.600000,5,12.529753,8.009153,18.774360,27.253760,12.529753,8.009153,1
85.600000,6,12.464818,7.944218,18.774360,27.253760,12.464818,7.944218,1
85.600000,7,13.291632,8.771032,18.774360,27.253760,13.291632,8.771032,1
86.100000,5,12.029404,7.508805,16.952651,25.432051,12.029404,7.508805,1
86.100000,6,8.012111,3.491511,16.952651,25.432051,8.012111,3.491511,1
86.100000,7,12.615280,8.094680,16.952651,25.432051,12.615280,8.094680,1
86.600000,5,13.476946,8.956346,17.700221,26.179622,13.476946,8.956346,1
86.600000,6,11.551591,7.030991,17.700221,26.179622,11.551591,7.030991,1
86.600000,7,14.034468,9.513868,17.700221,26.179622,14.034468,9.513868,1
87.100000,5,11.102254,6.581654,19.165525,27.644925,11.102254,6.581654,1
87.100000,6,13.356741,8.836141,19.165525,27.644925,13.356741,8.836141,1
87.100000,7,10.851791,6.331191,19.165525,27.644925,10.851791,6.331191,1
87.600000,5,12.190966,7.670366,19.444517,27.923918,12.190966,7.670366,1
87.600000,6,12.151756,7.631156,19.444517,27.923918,12.151756,7.631156,1
87.600000,7,10.273123,5.752524,19.444517,27.923918,10.273123,5.752524,1
88.100000,5,12.503490,7.982890,14.791952,23.271352,12.503490,7.982890,1
88.100000,6,10.431387,5.910787,14.791952,23.271352,10.431387,5.910787,1
88.100000,7,13.065085,8.544485,14.791952,23.271352,13.065085,8.544485,1
88.600000,5,12.818850,8.298250,20.420984,28.900384,12.818850,8.298250,1
88.600000,6,11.407086,6.886486,20.420984,28.900384,11.407086,6.886486,1
88.600000,7,14.285449,9.764849,20.420984,28.900384,14.285449,9.764849,1
89.100000,5,11.842343,7.321744,18.022856,26.502256,11.842343,7.321744,1
89.100000,6,11.511149,6.990549,18.022856,26.502256,11.511149,6.990549,1
89.100000,7,13.898214,9.377614,18.022856,26.502256,13.898214,9.377614,1
89.600000,5,9.955031,5.434431,20.617592,29.096992,9.955031,5.434431,1
89.600000,6,10.857578,6.336978,20.617592,29.096992,10.857578,6.336978,1
89.600000,7,12.504412,7.983812,20.617592,29.096992,12.504412,7.983812,1
90.100000,5,10.549445,6.028846,17.397881,25.877281,10.549445,6.028846,1
90.100000,6,12.089088,7.568488,17.397881,25.877281,12.089088,7.568488,1
90.100000,7,7.971061,3.450461,17.397881,25.877281,7.971061,3.450461,1
90.600000,5,13.696112,9.175512,19.112052,27.591452,13.696112,9.175512,1
90.600000,6,13.176546,8.655946,19.112052,27.591452,13.176546,8.655946,1
90.600000,7,12.487873,7.967273,19.112052,27.591452,12.487873,7.967273,1
91.100000,5,12.222449,7.701849,15.629718,24.109119,12.222449,7.701849,1
91.100000,6,10.942079,6.421480,15.629718,24.109119,10.942079,6.421480,1
91.100000,7,13.988028,9.467428,15.629718,24.109119,13.988028,9.467428,1
91.600000,5,10.100188,5.579588,19.262333,27.741733,10.100188,5.579588,1
91.600000,6,9.302837,4.782237,19.262333,27.741733,9.302837,4.782237,1
91.600000,7,13.861798,9.341198,19.262333,27.741733,13.861798,9.341198,1
92.100000,5,12.888539,8.367939,17.987402,26.466802,12.888539,8.367939,1
92.100000,6,13.481009,8.960409,17.987402,26.466802,13.481009,8.960409,1
92.100000,7,13.148101,8.627501,17.987402,26.466802,13.148101,8.627501,1
92.600000,5,13.138208,8.617608,19.457194,27.936594,13.138208,8.617608,1
92.600000,6,14.717394,10.196794,19.457194,27.936594,14.717394,10.196794,1
92.600000,7,10.145491,5.624891,19.457194,27.936594,10.145491,5.624891,1
93.100000,5,12.218922,7.698322,14.671150,23.150550,12.218922,7.698322,1
93.100000,6,12.550189,8.029589,14.671150,23.150550,12.550189,8.029589,1
93.100000,7,12.094776,7.574176,14.671150,23.150550,12.094776,7.574176,1
93.600000,5,12.645724,8.125124,15.579148,24.058548,12.645724,8.125124,1
93.600000,6,14.092496,9.571896,15.579148,24.058548,14.092496,9.571896,1
93.600000,7,8.735607,4.215007,15.579148,24.058548,8.735607,4.215007,1
94.100000,5,11.701629,7.181029,17.407760,25.887160,11.701629,7.181029,1
94.100000,6,8.862687,4.342087,17.407760,25.887160,8.862687,4.342087,1
94.100000,7,9.748395,5.227795,17.407760,25.887160,9.748395,5.227795,1
94.600000,5,11.523639,7.003039,18.403287,26.882687,11.523639,7.003039,1
94.600000,6,12.394264,7.873664,18.403287,26.882687,12.394264,7.873664,1
94.600000,7,12.197987,7.677387,18.403287,26.882687,12.197987,7.677387,1
95.100000,5,14.447654,9.927054,19.535752,28.015152,14.447654,9.927054,1
95.100000,6,13.870061,9.349461,19.535752,28.015152,13.870061,9.349461,1
95.100000,7,11.539983,7.019383,19.535752,28.015152,11.539983,7.019383,1
95.600000,5,17.280114,12.759514,19.000325,27.479725,17.280114,12.759514,1
95.600000,6,13.312200,8.791600,19.000325,27.479725,13.312200,8.791600,1
95.600000,7,14.276979,9.756379,19.000325,27.479725,14.276979,9.756379,1
96.100000,5,8.260171,3.739571,15.302885,23.782286,8.260171,3.739571,1
96.100000,6,11.375138,6.854538,15.302885,23.782286,11.375138,6.854538,1
96.100000,7,10.025858,5.505259,15.302885,23.782286,10.025858,5.505259,1
96.600000,5,12.740785,8.220185,17.385930,25.865330,12.740785,8.220185,1
96.600000,6,8.216600,3.696000,17.385930,25.865330,8.216600,3.696000,1
96.600000,7,9.772455,5.251855,17.385930,25.865330,9.772455,5.251855,1
97.100000,5,9.897990,5.377390,19.156233,27.635633,9.897990,5.377390,1
97.100000,6,14.915062,10.394462,19.156233,27.635633,14.915062,10.394462,1
97.100000,7,10.408198,5.887598,19.156233,27.635633,10.408198,5.887598,1
97.600000,5,9.384169,4.863569,17.413774,25.893174,9.384169,4.863569,1
97.600000,6,14.004164,9.483564,17.413774,25.893174,14.004164,9.483564,1
97.600000,7,14.286298,9.765698,17.413774,25.893174,14.286298,9.765698,1
98.100000,5,12.334801,7.814201,19.537144,28.016544,12.334801,7.814201,1
98.100000,6,13.613725,9.093125,19.537144,28.016544,13.613725,9.093125,1
98.100000,7,12.453896,7.933296,19.537144,28.016544,12.453896,7.933296,1
98.600000,5,11.052816,6.532216,19.307682,27.787082,11.052816,6.532216,1
98.600000,6,10.639708,6.119108,19.307682,27.787082,10.639708,6.119108,1
98.600000,7,13.971237,9.450637,19.307682,27.787082,13.971237,9.450637,1
99.100000,5,14.750537,10.229937,17.793841,26.273241,14.750537,10.229937,1
99.100000,6,12.913261,8.392661,17.793841,26.273241,12.913261,8.392661,1
99.100000,7,13.290642,8.770042,17.793841,26.273241,13.290642,8.770042,1
99.600000,5,11.292858,6.772258,17.527138,26.006538,11.292858,6.772258,1
99.600000,6,10.373853,5.853253,17.527138,26.006538,10.373853,5.853253,1
99.600000,7,15.434780,10.914180,17.527138,26.006538,15.434780,10.914180,1
100.100000,5,14.016310,9.495710,19.346128,27.825528,14.016310,9.495710,1
100.100000,6,13.784118,9.263519,19.346128,27.825528,13.784118,9.263519,1
100.100000,7,12.209234,7.688635,19.346128,27.825528,12.209234,7.688635,1
100.600000,5,9.896216,5.375616,18.936239,27.415639,9.896216,5.375616,1
100.600000,6,12.208250,7.687650,18.936239,27.415639,12.208250,7.687650,1
100.600000,7,8.091962,3.571362,18.936239,27.415639,8.091962,3.571362,1
101.100000,5,13.797325,9.276725,18.376815,26.856215,13.797325,9.276725,1
101.100000,6,10.796491,6.275891,18.376815,26.856215,10.796491,6.275891,1
101.100000,7,5.681449,1.160849,18.376815,26.856215,5.681449,1.160849,1
101.600000,5,11.809192,7.288592,17.912306,26.391707,11.809192,7.288592,1
101.600000,6,10.368148,5.847548,17.912306,26.391707,10.368148,5.847548,1
101.600000,7,13.194090,8.673490,17.912306,26.391707,13.194090,8.673490,1
102.100000,5,12.398760,7.878160,20.310960,28.790360,12.398760,7.878160,1
102.100000,6,10.393097,5.872497,20.310960,28.790360,10.393097,5.872497,1
102.100000,7,10.572028,6.051428,20.310960,28.790360,10.572028,6.051428,1
102.600000,5,6.543524,2.022924,21.587184,30.066584,6.543524,2.022924,1
102.600000,6,8.551157,4.030557,21.587184,30.066584,8.551157,4.030557,1
102.600000,7,9.572946,5.052346,21.587184,30.066584,9.572946,5.052346,1
103.100000,5,12.156703,7.636103,16.882763,25.362163,12.156703,7.636103,1
103.100000,6,11.309429,6.788829,16.882763,25.362163,11.309429,6.788829,1
103.100000,7,12.418414,7.897814,16.882763,25.362163,12.418414,7.897814,1
103.600000,5,13.021930,8.501330,17.978002,26.457402,13.021930,8.501330,1
103.600000,6,13.513170,8.992570,17.978002,26.457402,13.513170,8.992570,1
103.600000,7,12.620982,8.100382,17.978002,26.457402,12.620982,8.100382,1
104.100000,5,14.610117,10.089517,13.715882,22.195282,13.715882,10.089517,1
104.100000,6,8.581097,4.060497,13.715882,22.195282,8.581097,4.060497,1
104.100000,7,10.886853,6.366253,13.715882,22.195282,10.886853,6.366253,1
104.600000,5,12.187514,7.666914,18.866753,27.346153,12.187514,7.666914,1
104.600000,6,13.454776,8.934176,18.866753,27.346153,13.454776,8.934176,1
104.600000,7,11.591275,7.070675,18.866753,27.346153,11.591275,7.070675,1
105.100000,5,15.132289,10.611690,20.516531,28.995931,15.132289,10.611690,1
105.100000,6,11.245472,6.724872,20.516531,28.995931,11.245472,6.724872,1
105.100000,7,12.857372,8.336772,20.516531,28.995931,12.857372,8.336772,1
105.600000,5,11.644465,7.123866,19.183173,27.662573,11.644465,7.123866,1
105.600000,6,12.577317,8.056717,19.183173,27.662573,12.577317,8.056717,1
105.600000,7,12.649609,8.129009,19.183173,27.662573,12.649609,8.129009,1
106.100000,5,12.556545,8.035945,20.499199,28.978599,12.556545,8.035945,1
106.100000,6,10.311981,5.791381,20.499199,28.978599,10.311981,5.791381,1
106.100000,7,12.526287,8.005687,20.499199,28.978599,12.526287,8.005687,1
106.600000,5,12.311504,7.790904,16.378392,24.857792,12.311504,7.790904,1
106.600000,6,13.027114,8.506514,16.378392,24.857792,13.027114,8.506514,1
106.600000,7,12.885581,8.364981,16.378392,24.857792,12.885581,8.364981,1
107.100000,5,12.447375,7.926775,18.506180,26.985580,12.447375,7.926775,1
107.100000,6,8.644556,4.123956,18.506180,26.985580,8.644556,4.123956,1
107.100000,7,12.024023,7.503423,18.506180,26.985580,12.024023,7.503423,1
107.600000,5,10.997440,6.476840,19.828227,28.307627,10.997440,6.476840,1
107.600000,6,8.982242,4.461642,19.828227,28.307627,8.982242,4.461642,1
107.600000,7,10.468916,5.948317,19.828227,28.307627,10.468916,5.948317,1
108.100000,5,12.523994,8.003394,21.798183,30.277583,12.523994,8.003394,1
108.100000,6,6.308950,1.788350,21.798183,30.277583,6.308950,1.788350,1
108.100000,7,13.363512,8.842912,21.798183,30.277583,13.363512,8.842912,1
108.600000,5,12.112279,7.591679,19.490330,27.969730,12.112279,7.591679,1
108.600000,6,11.164853,6.644253,19.490330,27.969730,11.164853,6.644253,1
108.600000,7,13.647380,9.126780,19.490330,27.969730,13.647380,9.126780,1
109.100000,5,14.445401,9.924801,20.089345,28.568745,14.445401,9.924801,1
109.100000,6,11.185158,6.664558,20.089345,28.568745,11.185158,6.664558,1
109.100000,7,13.469171,8.948571,20.089345,28.568745,13.469171,8.948571,1
109.600000,5,10.010549,5.489949,18.584145,27.063545,10.010549,5.489949,1
109.600000,6,9.164135,4.643535,18.584145,27.063545,9.164135,4.643535,1
109.600000,7,15.584156,11.063556,18.584145,27.063545,15.584156,11.063556,1
110.100000,5,11.388181,6.867581,20.183054,28.662455,11.388181,6.867581,1
110.100000,6,11.522995,7.002395,20.183054,28.662455,11.522995,7.002395,1
110.100000,7,12.086630,7.566030,20.183054,28.662455,12.086630,7.566030,1
110.600000,5,13.287780,8.767180,18.282959,26.762359,13.287780,8.767180,1
110.600000,6,12.673805,8.153205,18.282959,26.762359,12.673805,8.153205,1
110.600000,7,11.043283,6.522683,18.282959,26.762359,11.043283,6.522683,1
111.100000,5,14.016850,9.496250,21.528928,30.008328,14.016850,9.496250,1
111.100000,6,11.869396,7.348796,21.528928,30.008328,11.869396,7.348796,1
111.100000,7,8.367100,3.846500,21.528928,30.008328,8.367100,3.846500,1
111.600000,5,12.542023,8.021423,19.875012,28.354412,12.542023,8.021423,1
111.600000,6,8.396562,3.875962,19.875012,28.354412,8.396562,3.875962,1
111.600000,7,12.185589,7.664989,19.875012,28.354412,12.185589,7.664989,1
112.100000,5,11.337666,6.817066,20.359862,28.839262,11.337666,6.817066,1
112.100000,6,13.401255,8.880655,20.359862,28.839262,13.401255,8.880655,1
112.100000,7,14.743057,10.222457,20.359862,28.839262,14.743057,10.222457,1
112.600000,5,13.890042,9.369443,19.393596,27.872996,13.890042,9.369443,1
112.600000,6,12.284936,7.764336,19.393596,27.872996,12.284936,7.764336,1
112.600000,7,14.417006,9.896406,19.393596,27.872996,14.417006,9.896406,1
113.100000,5,11.937407,7.416808,20.061644,28.541044,11.937407,7.416808,1
113.100000,6,11.552241,7.031641,20.061644,28.541044,11.552241,7.031641,1
113.100000,7,13.718416,9.197816,20.061644,28.541044,13.718416,9.197816,1
113.600000,5,13.075218,8.554618,17.813374,26.292774,13.075218,8.554618,1
113.600000,6,13.137640,8.617040,17.813374,26.292774,13.137640,8.617040,1
113.600000,7,11.171767,6.651167,17.813374,26.292774,11.171767,6.651167,1
114.100000,5,15.666924,11.146324,19.017557,27.496957,15.666924,11.146324,1
114.100000,6,12.091226,7.570626,19.017557,27.496957,12.091226,7.570626,1
114.100000,7,11.462768,6.942168,19.017557,27.496957,11.462768,6.942168,1
114.600000,5,10.859083,6.338483,21.533146,30.012546,10.859083,6.338483,1
114.600000,6,14.795637,10.275037,21.533146,30.012546,14.795637,10.275037,1
114.600000,7,9.748261,5.227662,21.533146,30.012546,9.748261,5.227662,1
115.100000,5,11.992941,7.472341,19.003748,27.483148,11.992941,7.472341,1
115.100000,6,12.407448,7.886848,19.003748,27.483148,12.407448,7.886848,1
115.100000,7,12.490991,7.970391,19.003748,27.483148,12.490991,7.970391,1
115.600000,5,14.224353,9.703753,20.383676,28.863076,14.224353,9.703753,1
115.600000,6,9.653905,5.133305,20.383676,28.863076,9.653905,5.133305,1
115.600000,7,10.820038,6.299438,20.383676,28.863076,10.820038,6.299438,1
116.100000,5,11.665283,7.144683,16.891840,25.371240,11.665283,7.144683,1
116.100000,6,13.122600,8.602000,16.891840,25.371240,13.122600,8.602000,1
116.100000,7,11.807853,7.287253,16.891840,25.371240,11.807853,7.287253,1
116.600000,5,13.183058,8.662458,20.426931,28.906331,13.183058,8.662458,1
116.600000,6,13.339862,8.819262,20.426931,28.906331,13.339862,8.819262,1
116.600000,7,14.033387,9.512787,20.426931,28.906331,14.033387,9.512787,1
117.100000,5,13.045544,8.524944,18.283845,26.763245,13.045544,8.524944,1
117.100000,6,10.932537,6.411937,18.283845,26.763245,10.932537,6.411937,1
117.100000,7,13.909231,9.388631,18.283845,26.763245,13.909231,9.388631,1
117.600000,5,14.248417,9.727818,18.226358,26.705758,14.248417,9.727818,1
117.600000,6,13.587226,9.066626,18.226358,26.705758,13.587226,9.066626,1
117.600000,7,11.283767,6.763167,18.226358,26.705758,11.283767,6.763167,1
118.100000,5,10.524777,6.004178,19.961511,28.440911,10.524777,6.004178,1
118.100000,6,8.835480,4.314880,19.961511,28.440911,8.835480,4.314880,1
118.100000,7,12.417283,7.896683,19.961511,28.440911,12.417283,7.896683,1
118.600000,5,14.258226,9.737626,17.717142,26.196542,14.258226,9.737626,1
118.600000,6,12.770182,8.249582,17.717142,26.196542,12.770182,8.249582,1
118.600000,7,10.436926,5.916326,17.717142,26.196542,10.436926,5.916326,1
119.100000,5,12.307340,7.786740,18.918296,27.397696,12.307340,7.786740,1
119.100000,6,11.625413,7.104813,18.918296,27.397696,11.625413,7.104813,1
119.100000,7,7.633885,3.113285,18.918296,27.397696,7.633885,3.113285,1
119.600000,5,10.270581,5.749981,18.228198,26.707599,10.270581,5.749981,1
119.600000,6,12.878611,8.358011,18.228198,26.707599,12.878611,8.358011,1
119.600000,7,10.071523,5.550924,18.228198,26.707599,10.071523,5.550924,1
120.100000,5,8.229677,3.709077,18.918615,27.398015,8.229677,3.709077,1
120.100000,6,12.339566,7.818966,18.918615,27.398015,12.339566,7.818966,1
120.100000,7,11.000531,6.479931,18.918615,27.398015,11.000531,6.479931,1
120.600000,5,13.260893,8.740293,17.879870,26.359270,13.260893,8.740293,1
120.600000,6,14.702518,10.181918,17.879870,26.359270,14.702518,10.181918,1
120.600000,7,11.950682,7.430082,17.879870,26.359270,11.950682,7.430082,1
121.100000,5,16.088125,11.567525,18.598037,27.077437,16.088125,11.567525,1
121.100000,6,14.244097,9.723497,18.598037,27.077437,14.244097,9.723497,1
121.100000,7,15.570196,11.049596,18.598037,27.077437,15.570196,11.049596,1
121.600000,5,12.072118,7.551518,18.034340,26.513740,12.072118,7.551518,1
121.600000,6,15.137657,10.617057,18.034340,26.513740,15.137657,10.617057,1
121.600000,7,9.959506,5.438906,18.034340,26.513740,9.959506,5.438906,1
122.100000,5,12.225049,7.704449,19.186703,27.666103,12.225049,7.704449,1
122.100000,6,13.583791,9.063191,19.186703,27.666103,13.583791,9.063191,1
122.100000,7,12.594387,8.073787,19.186703,27.666103,12.594387,8.073787,1
122.600000,5,10.399579,5.878979,21.480660,29.960060,10.399579,5.878979,1
122.600000,6,14.594420,10.073820,21.480660,29.960060,14.594420,10.073820,1
122.600000,7,10.191825,5.671225,21.480660,29.960060,10.191825,5.671225,1
123.100000,5,12.118971,7.598372,21.408969,29.888369,12.118971,7.598372,1
123.100000,6,11.666436,7.145836,21.408969,29.888369,11.666436,7.145836,1
123.100000,7,11.295929,6.775330,21.408969,29.888369,11.295929,6.775330,1
123.600000,5,14.225481,9.704881,18.182262,26.661662,14.225481,9.704881,1
123.600000,6,8.989613,4.469013,18.182262,26.661662,8.989613,4.469013,1
123.600000,7,12.194114,7.673514,18.182262,26.661662,12.194114,7.673514,1
124.100000,5,13.244233,8.723634,20.808034,29.287434,13.244233,8.723634,1
124.100000,6,14.890796,10.370196,20.808034,29.287434,14.890796,10.370196,1
124.100000,7,11.842941,7.322341,20.808034,29.287434,11.842941,7.322341,1
124.600000,5,12.816409,8.295809,19.872813,28.352213,12.816409,8.295809,1
124.600000,6,12.338877,7.818277,19.872813,28.352213,12.338877,7.818277,1
124.600000,7,12.024393,7.503793,19.872813,28.352213,12.024393,7.503793,1
125.100000,5,10.813939,6.293339,18.428806,26.908206,10.813939,6.293339,1
125.100000,6,10.992959,6.472359,18.428806,26.908206,10.992959,6.472359,1
125.100000,7,14.899903,10.379303,18.428806,26.908206,14.899903,10.379303,1
125.600000,5,13.751911,9.231311,17.503021,25.982421,13.751911,9.231311,1
125.600000,6,13.110065,8.589465,17.503021,25.982421,13.110065,8.589465,1
125.600000,7,11.800039,7.279439,17.503021,25.982421,11.800039,7.279439,1
126.100000,5,11.883078,7.362478,16.700719,25.180119,11.883078,7.362478,1
126.100000,6,12.256422,7.735822,16.700719,25.180119,12.256422,7.735822,1
126.100000,7,14.728488,10.207889,16.700719,25.180119,14.728488,10.207889,1
126.600000,5,12.978266,8.457666,19.252730,27.732130,12.978266,8.457666,1
126.600000,6,9.475702,4.955102,19.252730,27.732130,9.475702,4.955102,1
126.600000,7,12.353734,7.833134,19.252730,27.732130,12.353734,7.833134,1
127.100000,5,14.459725,9.939125,20.135039,28.614439,14.459725,9.939125,1
127.100000,6,15.253566,10.732966,20.135039,28.614439,15.253566,10.732966,1
127.100000,7,12.018006,7.497407,20.135039,28.614439,12.018006,7.497407,1
127.600000,5,14.525100,10.004500,20.441986,28.921386,14.525100,10.004500,1
127.600000,6,12.958643,8.438043,20.441986,28.921386,12.958643,8.438043,1
127.600000,7,10.398282,5.877682,20.441986,28.921386,10.398282,5.877682,1
128.100000,5,9.310617,4.790017,18.759299,27.238699,9.310617,4.790017,1
128.100000,6,13.762129,9.241529,18.759299,27.238699,13.762129,9.241529,1
128.100000,7,10.357235,5.836635,18.759299,27.238699,10.357235,5.836635,1
128.600000,5,13.599609,9.079010,20.648239,29.127639,13.599609,9.079010,1
128.600000,6,13.256860,8.736260,20.648239,29.127639,13.256860,8.736260,1
128.600000,7,11.601045,7.080445,20.648239,29.127639,11.601045,7.080445,1
129.100000,5,11.686296,7.165696,20.100424,28.579824,11.686296,7.165696,1
129.100000,6,12.199042,7.678442,20.100424,28.579824,12.199042,7.678442,1
129.100000,7,13.111868,8.591268,20.100424,28.579824,13.111868,8.591268,1
129.600000,5,9.139967,4.619367,19.160374,27.639774,9.139967,4.619367,1
129.600000,6,14.172833,9.652233,19.160374,27.639774,14.172833,9.652233,1
129.600000,7,11.336273,6.815673,19.160374,27.639774,11.336273,6.815673,1
130.100000,5,9.916276,5.395676,17.009493,25.488893,9.916276,5.395676,1
130.100000,6,13.243863,8.723263,17.009493,25.488893,13.243863,8.723263,1
130.100000,7,14.463711,9.943111,17.009493,25.488893,14.463711,9.943111,1
130.600000,5,12.933609,8.413009,16.696651,25.176051,12.933609,8.413009,1
130.600000,6,9.791519,5.270919,16.696651,25.176051,9.791519,5.270919,1
130.600000,7,14.986033,10.465433,16.696651,25.176051,14.986033,10.465433,1
131.100000,5,12.860295,8.339695,17.942656,26.422056,12.860295,8.339695,1
131.100000,6,14.176999,9.656399,17.942656,26.422056,14.176999,9.656399,1
131.100000,7,13.567043,9.046443,17.942656,26.422056,13.567043,9.046443,1
131.600000,5,10.218521,5.697921,16.609130,25.088530,10.218521,5.697921,1
131.600000,6,13.935998,9.415398,16.609130,25.088530,13.935998,9.415398,1
131.600000,7,11.275802,6.755202,16.609130,25.088530,11.275802,6.755202,1
132.100000,5,10.153717,5.633117,19.245357,27.724757,10.153717,5.633117,1
132.100000,6,11.263331,6.742731,19.245357,27.724757,11.263331,6.742731,1
132.100000,7,9.848534,5.327934,19.245357,27.724757,9.848534,5.327934,1
132.600000,5,10.360029,5.839429,19.214931,27.694331,10.360029,5.839429,1
132.600000,6,14.487273,9.966673,19.214931,27.694331,14.487273,9.966673,1
132.600000,7,11.523896,7.003296,19.214931,27.694331,11.523896,7.003296,1
133.100000,5,13.950009,9.429409,19.389391,27.868792,13.950009,9.429409,1
133.100000,6,12.677146,8.156546,19.389391,27.868792,12.677146,8.156546,1
133.100000,7,12.504704,7.984104,19.389391,27.868792,12.504704,7.984104,1
133.600000,5,13.114430,8.593830,19.274930,27.754330,13.114430,8.593830,1
133.600000,6,8.341875,3.821275,19.274930,27.754330,8.341875,3.821275,1
133.600000,7,15.325693,10.805093,19.274930,27.754330,15.325693,10.805093,1
134.100000,5,11.161209,6.640609,19.877327,28.356727,11.161209,6.640609,1
134.100000,6,11.341703,6.821103,19.877327,28.356727,11.341703,6.821103,1
134.100000,7,11.818852,7.298252,19.877327,28.356727,11.818852,7.298252,1
134.600000,5,9.709453,5.188853,16.168706,24.648107,9.709453,5.188853,1
134.600000,6,13.722458,9.201858,16.168706,24.648107,13.722458,9.201858,1
134.600000,7,13.566494,9.045894,16.168706,24.648107,13.566494,9.045894,1
135.100000,5,11.859911,7.339311,17.693838,26.173238,11.859911,7.339311,1
135.100000,6,13.030136,8.509536,17.693838,26.173238,13.030136,8.509536,1
135.100000,7,13.025042,8.504442,17.693838,26.173238,13.025042,8.504442,1
135.600000,5,13.331200,8.810600,14.401347,22.880747,13.331200,8.810600,1
135.600000,6,13.498555,8.977956,14.401347,22.880747,13.498555,8.977956,1
135.600000,7,14.232924,9.712324,14.401347,22.880747,14.232924,9.712324,1
136.100000,5,13.807842,9.287243,16.872447,25.351847,13.807842,9.287243,1
136.100000,6,11.132833,6.612233,16.872447,25.351847,11.132833,6.612233,1
136.100000,7,9.625531,5.104931,16.872447,25.351847,9.625531,5.104931,1
136.600000,5,15.592880,11.072280,21.402900,29.882300,15.592880,11.072280,1
136.600000,6,14.546646,10.026046,21.402900,29.882300,14.546646,10.026046,1
136.600000,7,9.715587,5.194987,21.402900,29.882300,9.715587,5.194987,1
137.100000,5,11.156069,6.635469,19.308515,27.787915,11.156069,6.635469,1
137.100000,6,12.295981,7.775382,19.308515,27.787915,12.295981,7.775382,1
137.100000,7,11.694616,7.174016,19.308515,27.787915,11.694616,7.174016,1
137.600000,5,10.555728,6.035128,16.287262,24.766662,10.555728,6.035128,1
137.600000,6,11.975914,7.455314,16.287262,24.766662,11.975914,7.455314,1
137.600000,7,10.893009,6.372409,16.287262,24.766662,10.893009,6.372409,1
138.100000,5,12.275027,7.754427,17.441301,25.920701,12.275027,7.754427,1
138.100000,6,10.269419,5.748819,17.441301,25.920701,10.269419,5.748819,1
138.100000,7,10.980379,6.459779,17.441301,25.920701,10.980379,6.459779,1
138.600000,5,12.628018,8.107418,18.245454,26.724854,12.628018,8.107418,1
138.600000,6,12.606720,8.086121,18.245454,26.724854,12.606720,8.086121,1
138.600000,7,9.858201,5.337601,18.245454,26.724854,9.858201,5.337601,1
139.100000,5,11.406734,6.886134,18.472555,26.951955,11.406734,6.886134,1
139.100000,6,12.219049,7.698449,18.472555,26.951955,12.219049,7.698449,1
139.100000,7,11.072417,6.551817,18.472555,26.951955,11.072417,6.551817,1
139.600000,5,12.542070,8.021470,14.639017,23.118417,12.542070,8.021470,1
139.600000,6,9.433325,4.912726,14.639017,23.118417,9.433325,4.912726,1
139.600000,7,11.940281,7.419681,14.639017,23.118417,11.940281,7.419681,1
140.100000,5,11.817494,7.296894,18.503769,26.983169,11.817494,7.296894,1
140.100000,6,10.911114,6.390514,18.503769,26.983169,10.911114,6.390514,1
140.100000,7,8.835962,4.315362,18.503769,26.983169,8.835962,4.315362,1
140.600000,5,11.161136,6.640536,18.603268,27.082668,11.161136,6.640536,1
140.600000,6,13.708581,9.187981,18.603268,27.082668,13.708581,9.187981,1
140.600000,7,12.501586,7.980986,18.603268,27.082668,12.501586,7.980986,1
141.100000,5,10.580657,6.060057,17.382158,25.861558,10.580657,6.060057,1
141.100000,6,14.019465,9.498865,17.382158,25.861558,14.019465,9.498865,1
141.100000,7,10.569538,6.048938,17.382158,25.861558,10.569538,6.048938,1
141.600000,5,10.828273,6.307673,21.555061,30.034461,10.828273,6.307673,1
141.600000,6,13.178423,8.657823,21.555061,30.034461,13.178423,8.657823,1
141.600000,7,13.513301,8.992701,21.555061,30.034461,13.513301,8.992701,1
142.100000,5,12.645520,8.124920,19.905530,28.384930,12.645520,8.124920,1
142.100000,6,13.020221,8.499621,19.905530,28.384930,13.020221,8.499621,1
142.100000,7,13.361232,8.840632,19.905530,28.384930,13.361232,8.840632,1
142.600000,5,12.677677,8.157077,20.255240,28.734640,12.677677,8.157077,1
142.600000,6,11.756050,7.235450,20.255240,28.734640,11.756050,7.235450,1
142.600000,7,14.929530,10.408930,20.255240,28.734640,14.929530,10.408930,1
143.100000,5,14.099305,9.578705,17.718011,26.197411,14.099305,9.578705,1
143.100000,6,13.405087,8.884487,17.718011,26.197411,13.405087,8.884487,1
143.100000,7,15.425151,10.904551,17.718011,26.197411,15.425151,10.904551,1
143.600000,5,11.244693,6.724093,17.994895,26.474296,11.244693,6.724093,1
143.600000,6,11.498542,6.977943,17.994895,26.474296,11.498542,6.977943,1
143.600000,7,11.283309,6.762709,17.994895,26.474296,11.283309,6.762709,1
144.100000,5,13.771287,9.250687,19.589833,28.069233,13.771287,9.250687,1
144.100000,6,12.976434,8.455834,19.589833,28.069233,12.976434,8.455834,1
144.100000,7,12.892492,8.371893,19.589833,28.069233,12.892492,8.371893,1
144.600000,5,13.805118,9.284518,21.441335,29.920735,13.805118,9.284518,1
144.600000,6,12.538148,8.017548,21.441335,29.920735,12.538148,8.017548,1
144.600000,7,14.483494,9.962894,21.441335,29.920735,14.483494,9.962894,1
145.100000,5,15.634223,11.113623,21.316250,29.795650,15.634223,11.113623,1
145.100000,6,14.157935,9.637335,21.316250,29.795650,14.157935,9.637335,1
145.100000,7,12.620991,8.100391,21.316250,29.795650,12.620991,8.100391,1
145.600000,5,14.205540,9.684940,20.907348,29.386748,14.205540,9.684940,1
145.600000,6,14.708315,10.187715,20.907348,29.386748,14.708315,10.187715,1
145.600000,7,13.910091,9.389491,20.907348,29.386748,13.910091,9.389491,1
146.100000,5,12.634206,8.113606,19.959076,28.438476,12.634206,8.113606,1
146.100000,6,13.519306,8.998706,19.959076,28.438476,13.519306,8.998706,1
146.100000,7,12.224590,7.703990,19.959076,28.438476,12.224590,7.703990,1
146.600000,5,10.359290,5.838690,20.649296,29.128696,10.359290,5.838690,1
146.600000,6,10.031796,5.511196,20.649296,29.128696,10.031796,5.511196,1
146.600000,7,12.975966,8.455366,20.649296,29.128696,12.975966,8.455366,1
147.100000,5,15.119536,10.598936,17.322109,25.801510,15.119536,10.598936,1
147.100000,6,11.690746,7.170146,17.322109,25.801510,11.690746,7.170146,1
147.100000,7,13.531934,9.011334,17.322109,25.801510,13.531934,9.011334,1
147.600000,5,9.136625,4.616025,18.717770,27.197170,9.136625,4.616025,1
147.600000,6,7.838300,3.317700,18.717770,27.197170,7.838300,3.317700,1
147.600000,7,12.314046,7.793446,18.717770,27.197170,12.314046,7.793446,1
148.100000,5,12.202101,7.681501,19.860693,28.340093,12.202101,7.681501,1
148.100000,6,12.548351,8.027751,19.860693,28.340093,12.548351,8.027751,1
148.100000,7,13.979621,9.459021,19.860693,28.340093,13.979621,9.459021,1
148.600000,5,11.074385,6.553785,19.441402,27.920802,11.074385,6.553785,1
148.600000,6,13.313122,8.792522,19.441402,27.920802,13.313122,8.792522,1
148.600000,7,15.696029,11.175429,19.441402,27.920802,15.696029,11.175429,1
149.100000,5,12.730293,8.209693,20.751424,29.230824,12.730293,8.209693,1
149.100000,6,9.512104,4.991504,20.751424,29.230824,9.512104,4.991504,1
149.100000,7,11.914294,7.393694,20.751424,29.230824,11.914294,7.393694,1
149.600000,5,12.888023,8.367423,21.420434,29.899834,12.888023,8.367423,1
149.600000,6,7.852286,3.331686,21.420434,29.899834,7.852286,3.331686,1
149.600000,7,14.992116,10.471516,21.420434,29.899834,14.992116,10.471516,1
150.100000,5,11.417831,6.897231,18.124723,26.604123,11.417831,6.897231,1
150.100000,6,14.236348,9.715749,18.124723,26.604123,14.236348,9.715749,1
150.100000,7,11.279510,6.758910,18.124723,26.604123,11.279510,6.758910,1
150.600000,5,12.993834,8.473234,17.767010,26.246410,12.993834,8.473234,1
150.600000,6,13.382794,8.862194,17.767010,26.246410,13.382794,8.862194,1
150.600000,7,14.285032,9.764432,17.767010,26.246410,14.285032,9.764432,1
151.100000,5,12.722492,8.201892,20.057869,28.537269,12.722492,8.201892,1
151.100000,6,13.250724,8.730124,20.057869,28.537269,13.250724,8.730124,1
151.100000,7,7.794016,3.273416,20.057869,28.537269,7.794016,3.273416,1
151.600000,5,13.672326,9.151726,20.153499,28.632899,13.672326,9.151726,1
151.600000,6,14.635742,10.115142,20.153499,28.632899,14.635742,10.115142,1
151.600000,7,13.799810,9.279210,20.153499,28.632899,13.799810,9.279210,1
152.100000,5,8.866656,4.346056,18.767621,27.247021,8.866656,4.346056,1
152.100000,6,13.949360,9.428760,18.767621,27.247021,13.949360,9.428760,1
152.100000,7,11.996476,7.475876,18.767621,27.247021,11.996476,7.475876,1
152.600000,5,14.436846,9.916246,20.735786,29.215186,14.436846,9.916246,1
152.600000,6,12.631983,8.111383,20.735786,29.215186,12.631983,8.111383,1
152.600000,7,12.424884,7.904284,20.735786,29.215186,12.424884,7.904284,1
153.100000,5,14.263785,9.743185,18.994150,27.473550,14.263785,9.743185,1
153.100000,6,11.890902,7.370302,18.994150,27.473550,11.890902,7.370302,1
153.100000,7,13.837701,9.317101,18.994150,27.473550,13.837701,9.317101,1
153.600000,5,12.273257,7.752657,19.754882,28.234283,12.273257,7.752657,1
153.600000,6,14.587436,10.066836,19.754882,28.234283,14.587436,10.066836,1
153.600000,7,11.087155,6.566555,19.754882,28.234283,11.087155,6.566555,1
154.100000,5,14.858925,10.338326,20.293977,28.773377,14.858925,10.338326,1
154.100000,6,11.874166,7.353566,20.293977,28.773377,11.874166,7.353566,1
154.100000,7,14.669100,10.148500,20.293977,28.773377,14.669100,10.148500,1
154.600000,5,13.369957,8.849357,20.448059,28.927459,13.369957,8.849357,1
154.600000,6,12.468665,7.948065,20.448059,28.927459,12.468665,7.948065,1
154.600000,7,13.410818,8.890218,20.448059,28.927459,13.410818,8.890218,1
155.100000,5,13.130247,8.609647,17.838043,26.317443,13.130247,8.609647,1
155.100000,6,14.612534,10.091934,17.838043,26.317443,14.612534,10.091934,1
155.100000,7,14.129653,9.609053,17.838043,26.317443,14.129653,9.609053,1
155.600000,5,9.778282,5.257682,15.997740,24.477140,9.778282,5.257682,1
155.600000,6,12.934954,8.414354,15.997740,24.477140,12.934954,8.414354,1
155.600000,7,12.708565,8.187965,15.997740,24.477140,12.708565,8.187965,1
156.100000,5,10.563967,6.043367,17.856350,26.335750,10.563967,6.043367,1
156.100000,6,12.880419,8.359819,17.856350,26.335750,12.880419,8.359819,1
156.100000,7,13.278689,8.758089,17.856350,26.335750,13.278689,8.758089,1
156.600000,5,14.984020,10.463420,19.562778,28.042178,14.984020,10.463420,1
156.600000,6,14.467800,9.947200,19.562778,28.042178,14.467800,9.947200,1
156.600000,7,13.850508,9.329908,19.562778,28.042178,13.850508,9.329908,1
157.100000,5,14.049567,9.528967,17.192927,25.672327,14.049567,9.528967,1
157.100000,6,9.294317,4.773718,17.192927,25.672327,9.294317,4.773718,1
157.100000,7,13.383511,8.862911,17.192927,25.672327,13.383511,8.862911,1
157.600000,5,9.447114,4.926514,18.175773,26.655173,9.447114,4.926514,1
157.600000,6,7.036254,2.515654,18.175773,26.655173,7.036254,2.515654,1
157.600000,7,14.759090,10.238490,18.175773,26.655173,14.759090,10.238490,1
158.100000,5,11.970301,7.449701,21.126581,29.605981,11.970301,7.449701,1
158.100000,6,13.070536,8.549936,21.126581,29.605981,13.070536,8.549936,1
158.100000,7,10.070190,5.549590,21.126581,29.605981,10.070190,5.549590,1
158.600000,5,12.701279,8.180680,16.554468,25.033868,12.701279,8.180680,1
158.600000,6,11.735754,7.215154,16.554468,25.033868,11.735754,7.215154,1
158.600000,7,14.013136,9.492536,16.554468,25.033868,14.013136,9.492536,1
159.100000,5,10.618415,6.097815,20.097581,28.576981,10.618415,6.097815,1
159.100000,6,12.586649,8.066049,20.097581,28.576981,12.586649,8.066049,1
159.100000,7,13.908022,9.387422,20.097581,28.576981,13.908022,9.387422,1
159.600000,5,12.310817,7.790217,20.192380,28.671780,12.310817,7.790217,1
159.600000,6,8.295542,3.774942,20.192380,28.671780,8.295542,3.774942,1
159.600000,7,11.498099,6.977500,20.192380,28.671780,11.498099,6.977500,1
160.100000,5,9.319928,4.799328,18.713978,27.193378,9.319928,4.799328,1
160.100000,6,11.625159,7.104560,18.713978,27.193378,11.625159,7.104560,1
160.100000,7,11.597460,7.076860,18.713978,27.193378,11.597460,7.076860,1
160.600000,5,12.032673,7.512073,19.030233,27.509634,12.032673,7.512073,1
160.600000,6,12.306834,7.786234,19.030233,27.509634,12.306834,7.786234,1
160.600000,7,12.228169,7.707569,19.030233,27.509634,12.228169,7.707569,1
161.100000,5,15.593516,11.072916,18.592913,27.072314,15.593516,11.072916,1
161.100000,6,14.332835,9.812235,18.592913,27.072314,14.332835,9.812235,1
161.100000,7,12.506481,7.985881,18.592913,27.072314,12.506481,7.985881,1
161.600000,5,9.925633,5.405034,18.296247,26.775648,9.925633,5.405034,1
161.600000,6,15.136971,10.616371,18.296247,26.775648,15.136971,10.616371,1
161.600000,7,10.752718,6.232118,18.296247,26.775648,10.752718,6.232118,1
162.100000,5,13.126894,8.606294,17.988065,26.467465,13.126894,8.606294,1
162.100000,6,13.475864,8.955264,17.988065,26.467465,13.475864,8.955264,1
162.100000,7,10.608728,6.088129,17.988065,26.467465,10.608728,6.088129,1
162.600000,5,14.689382,10.168782,17.706592,26.185992,14.689382,10.168782,1
162.600000,6,8.948895,4.428295,17.706592,26.185992,8.948895,4.428295,1
162.600000,7,13.816361,9.295761,17.706592,26.185992,13.816361,9.295761,1
163.100000,5,12.607174,8.086574,19.057915,27.537315,12.607174,8.086574,1
163.100000,6,11.452441,6.931841,19.057915,27.537315,11.452441,6.931841,1
163.100000,7,13.793990,9.273390,19.057915,27.537315,13.793990,9.273390,1
163.600000,5,14.062714,9.542114,20.394685,28.874085,14.062714,9.542114,1
163.600000,6,15.084245,10.563645,20.394685,28.874085,15.084245,10.563645,1
163.600000,7,11.946081,7.425481,20.394685,28.874085,11.946081,7.425481,1
164.100000,5,12.380548,7.859948,15.122480,23.601880,12.380548,7.859948,1
164.100000,6,12.926593,8.405993,15.122480,23.601880,12.926593,8.405993,1
164.100000,7,10.540167,6.019567,15.122480,23.601880,10.540167,6.019567,1
164.600000,5,13.278658,8.758058,16.522169,25.001569,13.278658,8.758058,1
164.600000,6,11.748752,7.228152,16.522169,25.001569,11.748752,7.228152,1
164.600000,7,12.591446,8.070846,16.522169,25.001569,12.591446,8.070846,1
165.100000,5,10.997978,6.477378,16.958567,25.437968,10.997978,6.477378,1
165.100000,6,13.414389,8.893789,16.958567,25.437968,13.414389,8.893789,1
165.100000,7,12.192584,7.671984,16.958567,25.437968,12.192584,7.671984,1
165.600000,5,10.090496,5.569896,18.411560,26.890960,10.090496,5.569896,1
165.600000,6,14.225375,9.704775,18.411560,26.890960,14.225375,9.704775,1
165.600000,7,9.576249,5.055649,18.411560,26.890960,9.576249,5.055649,1
166.100000,5,7.175937,2.655337,17.590987,26.070387,7.175937,2.655337,1
166.100000,6,12.299701,7.779101,17.590987,26.070387,12.299701,7.779101,1
166.100000,7,10.247954,5.727354,17.590987,26.070387,10.247954,5.727354,1
166.600000,5,10.145306,5.624706,14.889757,23.369157,10.145306,5.624706,1
166.600000,6,13.616796,9.096196,14.889757,23.369157,13.616796,9.096196,1
166.600000,7,13.986056,9.465456,14.889757,23.369157,13.986056,9.465456,1
167.100000,5,10.077612,5.557012,16.088408,24.567809,10.077612,5.557012,1
167.100000,6,13.359042,8.838442,16.088408,24.567809,13.359042,8.838442,1
167.100000,7,11.699135,7.178535,16.088408,24.567809,11.699135,7.178535,1
167.600000,5,11.566175,7.045575,18.653172,27.132572,11.566175,7.045575,1
167.600000,6,11.157081,6.636481,18.653172,27.132572,11.157081,6.636481,1
167.600000,7,11.861782,7.341182,18.653172,27.132572,11.861782,7.341182,1
168.100000,5,8.411623,3.891023,13.983958,22.463358,8.411623,3.891023,1
168.100000,6,12.412885,7.892285,13.983958,22.463358,12.412885,7.892285,1
168.100000,7,13.038511,8.517911,13.983958,22.463358,13.038511,8.517911,1
168.600000,5,11.857713,7.337113,16.440397,24.919797,11.857713,7.337113,1
168.600000,6,12.909157,8.388558,16.440397,24.919797,12.909157,8.388558,1
168.600000,7,10.126093,5.605493,16.440397,24.919797,10.126093,5.605493,1
169.100000,5,11.185654,6.665054,21.236380,29.715780,11.185654,6.665054,1
169.100000,6,9.929826,5.409226,21.236380,29.715780,9.929826,5.409226,1
169.100000,7,10.301354,5.780754,21.236380,29.715780,10.301354,5.780754,1
169.600000,5,10.798067,6.277467,16.820616,25.300016,10.798067,6.277467,1
169.600000,6,12.062746,7.542146,16.820616,25.300016,12.062746,7.542146,1
169.600000,7,13.196096,8.675496,16.820616,25.300016,13.196096,8.675496,1
170.100000,5,5.725601,1.205001,19.424816,27.904216,5.725601,1.205001,1
170.100000,6,15.009799,10.489199,19.424816,27.904216,15.009799,10.489199,1
170.100000,7,12.769091,8.248491,19.424816,27.904216,12.769091,8.248491,1
170.600000,5,13.217489,8.696889,16.204124,24.683524,13.217489,8.696889,1
170.600000,6,11.523333,7.002733,16.204124,24.683524,11.523333,7.002733,1
170.600000,7,9.982195,5.461596,16.204124,24.683524,9.982195,5.461596,1
171.100000,5,15.210517,10.689917,18.555045,27.034445,15.210517,10.689917,1
171.100000,6,12.438523,7.917923,18.555045,27.034445,12.438523,7.917923,1
171.100000,7,15.004833,10.484233,18.555045,27.034445,15.004833,10.484233,1
171.600000,5,12.665791,8.145191,17.549124,26.028524,12.665791,8.145191,1
171.600000,6,13.172261,8.651662,17.549124,26.028524,13.172261,8.651662,1
171.600000,7,14.841260,10.320660,17.549124,26.028524,14.841260,10.320660,1
172.100000,5,12.224184,7.703584,19.009932,27.489333,12.224184,7.703584,1
172.100000,6,14.965705,10.445105,19.009932,27.489333,14.965705,10.445105,1
172.100000,7,8.691513,4.170913,19.009932,27.489333,8.691513,4.170913,1
172.600000,5,11.139555,6.618955,17.519251,25.998651,11.139555,6.618955,1
172.600000,6,11.990828,7.470228,17.519251,25.998651,11.990828,7.470228,1
172.600000,7,7.863825,3.343225,17.519251,25.998651,7.863825,3.343225,1
173.100000,5,10.012970,5.492370,18.875836,27.355236,10.012970,5.492370,1
173.100000,6,14.936907,10.416307,18.875836,27.355236,14.936907,10.416307,1
173.100000,7,11.036306,6.515706,18.875836,27.355236,11.036306,6.515706,1
173.600000,5,11.291322,6.770722,19.155149,27.634549,11.291322,6.770722,1
173.600000,6,13.161390,8.640790,19.155149,27.634549,13.161390,8.640790,1
173.600000,7,13.303654,8.783054,19.155149,27.634549,13.303654,8.783054,1
174.100000,5,12.065762,7.545162,19.614864,28.094265,12.065762,7.545162,1
174.100000,6,13.471554,8.950954,19.614864,28.094265,13.471554,8.950954,1
174.100000,7,13.524083,9.003483,19.614864,28.094265,13.524083,9.003483,1
174.600000,5,9.503709,4.983109,19.295538,27.774938,9.503709,4.983109,1
174.600000,6,12.851736,8.331137,19.295538,27.774938,12.851736,8.331137,1
174.600000,7,11.452779,6.932179,19.295538,27.774938,11.452779,6.932179,1
175.100000,5,12.439117,7.918517,17.858615,26.338015,12.439117,7.918517,1
175.100000,6,15.807463,11.286864,17.858615,26.338015,15.807463,11.286864,1
175.100000,7,11.134192,6.613592,17.858615,26.338015,11.134192,6.613592,1
175.600000,5,10.136934,5.616334,19.094212,27.573612,10.136934,5.616334,1
175.600000,6,14.049496,9.528896,19.094212,27.573612,14.049496,9.528896,1
175.600000,7,13.048201,8.527602,19.094212,27.573612,13.048201,8.527602,1
176.100000,5,13.934681,9.414081,17.198354,25.677754,13.934681,9.414081,1
176.100000,6,10.150975,5.630375,17.198354,25.677754,10.150975,5.630375,1
176.100000,7,10.746724,6.226124,17.198354,25.677754,10.746724,6.226124,1
176.600000,5,12.676354,8.155754,18.854523,27.333923,12.676354,8.155754,1
176.600000,6,13.248377,8.727777,18.854523,27.333923,13.248377,8.727777,1
176.600000,7,14.324138,9.803539,18.854523,27.333923,14.324138,9.803539,1
177.100000,5,12.736401,8.215801,18.894584,27.373984,12.736401,8.215801,1
177.100000,6,12.208274,7.687674,18.894584,27.373984,12.208274,7.687674,1
177.100000,7,14.913909,10.393309,18.894584,27.373984,14.913909,10.393309,1
177.600000,5,7.355638,2.835038,20.415542,28.894942,7.355638,2.835038,1
177.600000,6,13.603356,9.082756,20.415542,28.894942,13.603356,9.082756,1
177.600000,7,13.070249,8.549649,20.415542,28.894942,13.070249,8.549649,1
178.100000,5,8.153527,3.632927,20.033690,28.513090,8.153527,3.632927,1
178.100000,6,13.438000,8.917400,20.033690,28.513090,13.438000,8.917400,1
178.100000,7,11.580846,7.060246,20.033690,28.513090,11.580846,7.060246,1
178.600000,5,13.139042,8.618442,19.713180,28.192580,13.139042,8.618442,1
178.600000,6,12.481839,7.961239,19.713180,28.192580,12.481839,7.961239,1
178.600000,7,10.538001,6.017401,19.713180,28.192580,10.538001,6.017401,1
179.100000,5,10.244608,5.724009,18.501321,26.980721,10.244608,5.724009,1
179.100000,6,11.254102,6.733502,18.501321,26.980721,11.254102,6.733502,1
179.100000,7,12.932231,8.411631,18.501321,26.980721,12.932231,8.411631,1
179.600000,5,12.107079,7.586479,18.848551,27.327952,12.107079,7.586479,1
179.600000,6,13.929450,9.408850,18.848551,27.327952,13.929450,9.408850,1
179.600000,7,12.626111,8.105511,18.848551,27.327952,12.626111,8.105511,1
180.100000,5,11.128756,6.608156,17.794960,26.274360,11.128756,6.608156,1
180.100000,6,10.025379,5.504779,17.794960,26.274360,10.025379,5.504779,1
180.100000,7,11.716259,7.195659,17.794960,26.274360,11.716259,7.195659,1
180.600000,5,13.970289,9.449689,19.337402,27.816802,13.970289,9.449689,1
180.600000,6,14.094107,9.573507,19.337402,27.816802,14.094107,9.573507,1
180.600000,7,15.040003,10.519403,19.337402,27.816802,15.040003,10.519403,1
181.100000,5,12.972361,8.451761,20.461230,28.940630,12.972361,8.451761,1
181.100000,6,11.866851,7.346251,20.461230,28.940630,11.866851,7.346251,1
181.100000,7,12.841657,8.321057,20.461230,28.940630,12.841657,8.321057,1
181.600000,5,10.549031,6.028431,18.624809,27.104209,10.549031,6.028431,1
181.600000,6,12.866188,8.345588,18.624809,27.104209,12.866188,8.345588,1
181.600000,7,9.764769,5.244170,18.624809,27.104209,9.764769,5.244170,1
182.100000,5,13.401587,8.880987,19.082333,27.561733,13.401587,8.880987,1
182.100000,6,12.873143,8.352543,19.082333,27.561733,12.873143,8.352543,1
182.100000,7,11.499902,6.979303,19.082333,27.561733,11.499902,6.979303,1
182.600000,5,14.929720,10.409120,17.918523,26.397923,14.929720,10.409120,1
182.600000,6,10.858774,6.338174,17.918523,26.397923,10.858774,6.338174,1
182.600000,7,10.265881,5.745281,17.918523,26.397923,10.265881,5.745281,1
183.100000,5,11.333840,6.813240,18.133823,26.613223,11.333840,6.813240,1
183.100000,6,13.228942,8.708342,18.133823,26.613223,13.228942,8.708342,1
183.100000,7,10.023642,5.503042,18.133823,26.613223,10.023642,5.503042,1
183.600000,5,13.246271,8.725671,18.287858,26.767258,13.246271,8.725671,1
183.600000,6,12.748139,8.227539,18.287858,26.767258,12.748139,8.227539,1
183.600000,7,9.680200,5.159601,18.287858,26.767258,9.680200,5.159601,1
184.100000,5,11.573600,7.053000,16.855226,25.334626,11.573600,7.053000,1
184.100000,6,13.118852,8.598252,16.855226,25.334626,13.118852,8.598252,1
184.100000,7,10.784978,6.264378,16.855226,25.334626,10.784978,6.264378,1
184.600000,5,12.973401,8.452801,17.977848,26.457248,12.973401,8.452801,1
184.600000,6,12.307625,7.787025,17.977848,26.457248,12.307625,7.787025,1
184.600000,7,11.200879,6.680280,17.977848,26.457248,11.200879,6.680280,1
185.100000,5,13.545928,9.025328,18.459235,26.938635,13.545928,9.025328,1
185.100000,6,14.463416,9.942816,18.459235,26.938635,14.463416,9.942816,1
185.100000,7,12.315151,7.794551,18.459235,26.938635,12.315151,7.794551,1
185.600000,5,13.057544,8.536944,18.428502,26.907902,13.057544,8.536944,1
185.600000,6,12.635605,8.115006,18.428502,26.907902,12.635605,8.115006,1
185.600000,7,10.353440,5.832840,18.428502,26.907902,10.353440,5.832840,1
186.100000,5,12.897959,8.377359,18.918602,27.398002,12.897959,8.377359,1
186.100000,6,11.521695,7.001095,18.918602,27.398002,11.521695,7.001095,1
186.100000,7,11.428782,6.908182,18.918602,27.398002,11.428782,6.908182,1
186.600000,5,13.945421,9.424821,19.713035,28.192435,13.945421,9.424821,1
186.600000,6,14.461919,9.941320,19.713035,28.192435,14.461919,9.941320,1
186.600000,7,11.666263,7.145663,19.713035,28.192435,11.666263,7.145663,1
187.100000,5,14.562692,10.042092,17.551769,26.031169,14.562692,10.042092,1
187.100000,6,11.917926,7.397326,17.551769,26.031169,11.917926,7.397326,1
187.100000,7,13.486443,8.965843,17.551769,26.031169,13.486443,8.965843,1
187.600000,5,14.139410,9.618810,17.852259,26.331659,14.139410,9.618810,1
187.600000,6,11.107203,6.586603,17.852259,26.331659,11.107203,6.586603,1
187.600000,7,14.664801,10.144201,17.852259,26.331659,14.664801,10.144201,1
188.100000,5,11.393672,6.873072,17.096179,25.575579,11.393672,6.873072,1
188.100000,6,12.497818,7.977218,17.096179,25.575579,12.497818,7.977218,1
188.100000,7,12.642399,8.121799,17.096179,25.575579,12.642399,8.121799,1
188.600000,5,13.131404,8.610804,20.878741,29.358141,13.131404,8.610804,1
188.600000,6,11.231812,6.711213,20.878741,29.358141,11.231812,6.711213,1
188.600000,7,12.960734,8.440134,20.878741,29.358141,12.960734,8.440134,1
189.100000,5,15.148071,10.627472,17.853879,26.333279,15.148071,10.627472,1
189.100000,6,15.137692,10.617093,17.853879,26.333279,15.137692,10.617093,1
189.100000,7,14.592215,10.071615,17.853879,26.333279,14.592215,10.071615,1
189.600000,5,12.436552,7.915952,19.257784,27.737184,12.436552,7.915952,1
189.600000,6,13.679934,9.159334,19.257784,27.737184,13.679934,9.159334,1
189.600000,7,10.756053,6.235453,19.257784,27.737184,10.756053,6.235453,1
190.100000,5,10.055813,5.535213,18.927270,27.406670,10.055813,5.535213,1
190.100000,6,14.494396,9.973796,18.927270,27.406670,14.494396,9.973796,1
190.100000,7,13.328329,8.807729,18.927270,27.406670,13.328329,8.807729,1
190.600000,5,15.232841,10.712241,17.229799,25.709199,15.232841,10.712241,1
190.600000,6,13.771491,9.250891,17.229799,25.709199,13.771491,9.250891,1
190.600000,7,10.254924,5.734324,17.229799,25.709199,10.254924,5.734324,1
191.100000,5,11.602991,7.082391,20.477213,28.956613,11.602991,7.082391,1
191.100000,6,12.556864,8.036264,20.477213,28.956613,12.556864,8.036264,1
191.100000,7,13.701891,9.181291,20.477213,28.956613,13.701891,9.181291,1
191.600000,5,12.198440,7.677840,17.332318,25.811718,12.198440,7.677840,1
191.600000,6,11.431296,6.910696,17.332318,25.811718,11.431296,6.910696,1
191.600000,7,11.202821,6.682221,17.332318,25.811718,11.202821,6.682221,1
192.100000,5,14.762798,10.242199,18.040415,26.519815,14.762798,10.242199,1
192.100000,6,13.248508,8.727908,18.040415,26.519815,13.248508,8.727908,1
192.100000,7,12.368848,7.848249,18.040415,26.519815,12.368848,7.848249,1
192.600000,5,13.830287,9.309687,18.483319,26.962719,13.830287,9.309687,1
192.600000,6,15.224873,10.704273,18.483319,26.962719,15.224873,10.704273,1
192.600000,7,12.513596,7.992997,18.483319,26.962719,12.513596,7.992997,1
193.100000,5,10.326851,5.806251,15.145710,23.625110,10.326851,5.806251,1
193.100000,6,13.614071,9.093471,15.145710,23.625110,13.614071,9.093471,1
193.100000,7,15.398705,10.878105,15.145710,23.625110,15.145710,10.878105,1
193.600000,5,12.027509,7.506909,20.508744,28.988144,12.027509,7.506909,1
193.600000,6,13.501178,8.980578,20.508744,28.988144,13.501178,8.980578,1
193.600000,7,10.446454,5.925854,20.508744,28.988144,10.446454,5.925854,1
194.100000,5,12.730206,8.209606,17.943761,26.423161,12.730206,8.209606,1
194.100000,6,9.733053,5.212453,17.943761,26.423161,9.733053,5.212453,1
194.100000,7,11.017913,6.497313,17.943761,26.423161,11.017913,6.497313,1
194.600000,5,13.144775,8.624175,20.148530,28.627930,13.144775,8.624175,1
194.600000,6,10.606770,6.086170,20.148530,28.627930,10.606770,6.086170,1
194.600000,7,11.218792,6.698192,20.148530,28.627930,11.218792,6.698192,1
195.100000,5,13.712975,9.192375,18.833846,27.313247,13.712975,9.192375,1
195.100000,6,12.722229,8.201629,18.833846,27.313247,12.722229,8.201629,1
195.100000,7,11.385163,6.864563,18.833846,27.313247,11.385163,6.864563,1
195.600000,5,13.895791,9.375191,19.714525,28.193925,13.895791,9.375191,1
195.600000,6,11.835542,7.314942,19.714525,28.193925,11.835542,7.314942,1
195.600000,7,13.471943,8.951343,19.714525,28.193925,13.471943,8.951343,1
196.100000,5,12.560880,8.040280,20.378310,28.857710,12.560880,8.040280,1
196.100000,6,11.380125,6.859525,20.378310,28.857710,11.380125,6.859525,1
196.100000,7,10.446463,5.925863,20.378310,28.857710,10.446463,5.925863,1
196.600000,5,11.809212,7.288612,20.754543,29.233943,11.809212,7.288612,1
196.600000,6,13.447161,8.926561,20.754543,29.233943,13.447161,8.926561,1
196.600000,7,13.173826,8.653226,20.754543,29.233943,13.173826,8.653226,1
197.100000,5,12.947692,8.427092,14.695508,23.174908,12.947692,8.427092,1
197.100000,6,10.953768,6.433168,14.695508,23.174908,10.953768,6.433168,1
197.100000,7,11.709740,7.189140,14.695508,23.174908,11.709740,7.189140,1
197.600000,5,13.256091,8.735491,16.683210,25.162610,13.256091,8.735491,1
197.600000,6,10.559539,6.038939,16.683210,25.162610,10.559539,6.038939,1
197.600000,7,13.171666,8.651066,16.683210,25.162610,13.171666,8.651066,1
198.100000,5,14.122988,9.602388,17.525155,26.004555,14.122988,9.602388,1
198.100000,6,9.609367,5.088767,17.525155,26.004555,9.609367,5.088767,1
198.100000,7,14.851662,10.331062,17.525155,26.004555,14.851662,10.331062,1
198.600000,5,12.470877,7.950277,16.961788,25.441188,12.470877,7.950277,1
198.600000,6,14.035838,9.515238,16.961788,25.441188,14.035838,9.515238,1
198.600000,7,13.552635,9.032035,16.961788,25.441188,13.552635,9.032035,1
199.100000,5,10.914665,6.394065,20.117616,28.597016,10.914665,6.394065,1
199.100000,6,10.957836,6.437236,20.117616,28.597016,10.957836,6.437236,1
199.100000,7,14.831210,10.310611,20.117616,28.597016,14.831210,10.310611,1
199.600000,5,12.247307,7.726707,22.747283,31.226683,12.247307,7.726707,1
199.600000,6,11.864526,7.343926,22.747283,31.226683,11.864526,7.343926,1
199.600000,7,11.452079,6.931479,22.747283,31.226683,11.452079,6.931479,1
