Time,CellId,ServiceDlSnrDb,ServiceUlSnrDb,FeederDlSnrDb,FeederUlSnrDb,BackhaulDlSnrDb,BackhaulUlSnrDb,BackhaulHealthy
0.100000,5,10.852754,6.332154,18.267232,26.746632,10.852754,6.332154,1
0.100000,6,10.988754,6.468154,18.267232,26.746632,10.988754,6.468154,1
0.100000,7,11.725085,7.204485,18.267232,26.746632,11.725085,7.204485,1
0.600000,5,13.239665,8.719065,20.005874,28.485274,13.239665,8.719065,1
0.600000,6,12.695593,8.174993,20.005874,28.485274,12.695593,8.174993,1
0.600000,7,11.750661,7.230061,20.005874,28.485274,11.750661,7.230061,1
1.100000,5,12.817325,8.296725,20.342531,28.821931,12.817325,8.296725,1
1.100000,6,13.157064,8.636464,20.342531,28.821931,13.157064,8.636464,1
1.100000,7,13.466134,8.945535,20.342531,28.821931,13.466134,8.945535,1
1.600000,5,14.244427,9.723827,17.369550,25.848950,14.244427,9.723827,1
1.600000,6,11.647649,7.127049,17.369550,25.848950,11.647649,7.127049,1
1.600000,7,9.513805,4.993205,17.369550,25.848950,9.513805,4.993205,1
2.100000,5,13.432931,8.912331,20.555794,29.035194,13.432931,8.912331,1
2.100000,6,10.246087,5.725487,20.555794,29.035194,10.246087,5.725487,1
2.100000,7,13.439405,8.918805,20.555794,29.035194,13.439405,8.918805,1
2.600000,5,12.974413,8.453813,20.749866,29.229266,12.974413,8.453813,1
2.600000,6,14.126693,9.606093,20.749866,29.229266,14.126693,9.606093,1
2.600000,7,11.347934,6.827334,20.749866,29.229266,11.347934,6.827334,1
3.100000,5,14.541341,10.020741,20.546697,29.026097,14.541341,10.020741,1
3.100000,6,16.386337,11.865737,20.546697,29.026097,16.386337,11.865737,1
3.100000,7,13.233026,8.712426,20.546697,29.026097,13.233026,8.712426,1
3.600000,5,12.859547,8.338947,20.000686,28.480086,12.859547,8.338947,1
3.600000,6,10.672489,6.151890,20.000686,28.480086,10.672489,6.151890,1
3.600000,7,7.967820,3.447220,20.000686,28.480086,7.967820,3.447220,1
4.100000,5,12.313430,7.792830,19.950103,28.429503,12.313430,7.792830,1
4.100000,6,12.268074,7.747474,19.950103,28.429503,12.268074,7.747474,1
4.100000,7,10.069121,5.548521,19.950103,28.429503,10.069121,5.548521,1
4.600000,5,13.665228,9.144628,13.847362,22.326762,13.665228,9.144628,1
4.600000,6,12.923697,8.403097,13.847362,22.326762,12.923697,8.403097,1
4.600000,7,10.976469,6.455869,13.847362,22.326762,10.976469,6.455869,1
5.100000,5,10.471662,5.951062,18.351662,26.831063,10.471662,5.951062,1
5.100000,6,12.023887,7.503287,18.351662,26.831063,12.023887,7.503287,1
5.100000,7,12.100988,7.580388,18.351662,26.831063,12.100988,7.580388,1
5.600000,5,11.924963,7.404363,18.513986,26.993386,11.924963,7.404363,1
5.600000,6,11.911936,7.391336,18.513986,26.993386,11.911936,7.391336,1
5.600000,7,14.111066,9.590466,18.513986,26.993386,14.111066,9.590466,1
6.100000,5,15.536636,11.016036,17.054143,25.533543,15.536636,11.016036,1
6.100000,6,11.181741,6.661142,17.054143,25.533543,11.181741,6.661142,1
6.100000,7,13.771404,9.250804,17.054143,25.533543,13.771404,9.250804,1
6.600000,5,9.371515,4.850916,18.611234,27.090634,9.371515,4.850916,1
6.600000,6,11.639450,7.118850,18.611234,27.090634,11.639450,7.118850,1
6.600000,7,6.649650,2.129050,18.611234,27.090634,6.649650,2.129050,1
7.100000,5,8.391107,3.870507,19.243930,27.723330,8.391107,3.870507,1
7.100000,6,10.409145,5.888546,19.243930,27.723330,10.409145,5.888546,1
7.100000,7,11.537973,7.017373,19.243930,27.723330,11.537973,7.017373,1
7.600000,5,12.892751,8.372151,14.797199,23.276599,12.892751,8.372151,1
7.600000,6,10.042498,5.521898,14.797199,23.276599,10.042498,5.521898,1
7.600000,7,14.079430,9.558830,14.797199,23.276599,14.079430,9.558830,1
8.100000,5,14.978761,10.458161,19.657373,28.136773,14.978761,10.458161,1
8.100000,6,15.618827,11.098227,19.657373,28.136773,15.618827,11.098227,1
8.100000,7,11.810294,7.289694,19.657373,28.136773,11.810294,7.289694,1
8.600000,5,14.281472,9.760872,19.786227,28.265627,14.281472,9.760872,1
8.600000,6,12.518321,7.997721,19.786227,28.265627,12.518321,7.997721,1
8.600000,7,11.091945,6.571345,19.786227,28.265627,11.091945,6.571345,1
9.100000,5,11.854416,7.333816,17.884083,26.363483,11.854416,7.333816,1
9.100000,6,15.165218,10.644618,17.884083,26.363483,15.165218,10.644618,1
9.100000,7,13.167475,8.646875,17.884083,26.363483,13.167475,8.646875,1
9.600000,5,9.965287,5.444687,19.395594,27.874994,9.965287,5.444687,1
9.600000,6,12.650800,8.130200,19.395594,27.874994,12.650800,8.130200,1
9.600000,7,14.597551,10.076951,19.395594,27.874994,14.597551,10.076951,1
10.100000,5,12.539403,8.018803,19.782965,28.262366,12.539403,8.018803,1
10.100000,6,14.361387,9.840787,19.782965,28.262366,14.361387,9.840787,1
10.100000,7,15.778174,11.257574,19.782965,28.262366,15.778174,11.257574,1
10.600000,5,13.798366,9.277766,20.310565,28.789965,13.798366,9.277766,1
10.600000,6,14.082539,9.561939,20.310565,28.789965,14.082539,9.561939,1
10.600000,7,9.165322,4.644722,20.310565,28.789965,9.165322,4.644722,1
11.100000,5,11.445335,6.924735,19.472392,27.951792,11.445335,6.924735,1
11.100000,6,10.831234,6.310634,19.472392,27.951792,10.831234,6.310634,1
11.100000,7,13.686536,9.165936,19.472392,27.951792,13.686536,9.165936,1
11.600000,5,11.362188,6.841588,17.435688,25.915088,11.362188,6.841588,1
11.600000,6,13.285963,8.765363,17.435688,25.915088,13.285963,8.765363,1
11.600000,7,10.888340,6.367740,17.435688,25.915088,10.888340,6.367740,1
12.100000,5,14.369073,9.848473,19.780524,28.259924,14.369073,9.848473,1
12.100000,6,14.159544,9.638944,19.780524,28.259924,14.159544,9.638944,1
12.100000,7,12.518905,7.998305,19.780524,28.259924,12.518905,7.998305,1
12.600000,5,13.942446,9.421847,19.001855,27.481255,13.942446,9.421847,1
12.600000,6,15.792995,11.272395,19.001855,27.481255,15.792995,11.272395,1
12.600000,7,9.736575,5.215975,19.001855,27.481255,9.736575,5.215975,1
13.100000,5,11.985459,7.464859,17.059021,25.538421,11.985459,7.464859,1
13.100000,6,9.899724,5.379124,17.059021,25.538421,9.899724,5.379124,1
13.100000,7,10.320145,5.799545,17.059021,25.538421,10.320145,5.799545,1
13.600000,5,11.416705,6.896105,18.834006,27.313407,11.416705,6.896105,1
13.600000,6,10.849805,6.329205,18.834006,27.313407,10.849805,6.329205,1
13.600000,7,11.201529,6.680929,18.834006,27.313407,11.201529,6.680929,1
14.100000,5,11.945099,7.424499,16.797809,25.277210,11.945099,7.424499,1
14.100000,6,12.686098,8.165498,16.797809,25.277210,12.686098,8.165498,1
14.100000,7,14.047740,9.527140,16.797809,25.277210,14.047740,9.527140,1
14.600000,5,13.706028,9.185428,19.925966,28.405366,13.706028,9.185428,1
14.600000,6,14.989848,10.469248,19.925966,28.405366,14.989848,10.469248,1
14.600000,7,9.948277,5.427677,19.925966,28.405366,9.948277,5.427677,1
15.100000,5,11.913179,7.392579,20.669822,29.149222,11.913179,7.392579,1
15.100000,6,12.037114,7.516514,20.669822,29.149222,12.037114,7.516514,1
15.100000,7,9.789566,5.268966,20.669822,29.149222,9.789566,5.268966,1
15.600000,5,14.908826,10.388226,20.973816,29.453216,14.908826,10.388226,1
15.600000,6,15.061620,10.541020,20.973816,29.453216,15.061620,10.541020,1
15.600000,7,12.563194,8.042594,20.973816,29.453216,12.563194,8.042594,1
16.100000,5,11.014104,6.493504,17.107967,25.587368,11.014104,6.493504,1
16.100000,6,11.481111,6.960511,17.107967,25.587368,11.481111,6.960511,1
16.100000,7,10.000586,5.479986,17.107967,25.587368,10.000586,5.479986,1
16.600000,5,14.451816,9.931216,17.450899,25.930299,14.451816,9.931216,1
16.600000,6,10.049025,5.528425,17.450899,25.930299,10.049025,5.528425,1
16.600000,7,12.064433,7.543833,17.450899,25.930299,12.064433,7.543833,1
17.100000,5,14.337453,9.816853,18.363401,26.842801,14.337453,9.816853,1
17.100000,6,15.306887,10.786287,18.363401,26.842801,15.306887,10.786287,1
17.100000,7,11.912114,7.391514,18.363401,26.842801,11.912114,7.391514,1
17.600000,5,12.567703,8.047103,15.783009,24.262409,12.567703,8.047103,1
17.600000,6,12.657209,8.136609,15.783009,24.262409,12.657209,8.136609,1
17.600000,7,10.775824,6.255224,15.783009,24.262409,10.775824,6.255224,1
18.100000,5,12.750069,8.229469,17.556405,26.035805,12.750069,8.229469,1
18.100000,6,11.332712,6.812112,17.556405,26.035805,11.332712,6.812112,1
18.100000,7,12.549581,8.028981,17.556405,26.035805,12.549581,8.028981,1
18.600000,5,11.500015,6.979415,13.142537,21.621937,11.500015,6.979415,1
18.600000,6,13.312218,8.791618,13.142537,21.621937,13.142537,8.791618,1
18.600000,7,13.690665,9.170065,13.142537,21.621937,13.142537,9.170065,1
19.100000,5,12.702890,8.182290,21.056584,29.535985,12.702890,8.182290,1
19.100000,6,13.225450,8.704850,21.056584,29.535985,13.225450,8.704850,1
19.100000,7,14.109259,9.588659,21.056584,29.535985,14.109259,9.588659,1
19.600000,5,14.212737,9.692137,20.937829,29.417229,14.212737,9.692137,1
19.600000,6,11.419030,6.898430,20.937829,29.417229,11.419030,6.898430,1
19.600000,7,13.077916,8.557316,20.937829,29.417229,13.077916,8.557316,1
20.100000,5,15.678014,11.157414,18.544308,27.023709,15.678014,11.157414,1
20.100000,6,13.011326,8.490726,18.544308,27.023709,13.011326,8.490726,1
20.100000,7,12.086991,7.566391,18.544308,27.023709,12.086991,7.566391,1
20.600000,5,8.982167,4.461567,20.057350,28.536750,8.982167,4.461567,1
20.600000,6,12.414119,7.893519,20.057350,28.536750,12.414119,7.893519,1
20.600000,7,11.706775,7.186175,20.057350,28.536750,11.706775,7.186175,1
21.100000,5,12.253663,7.733063,16.327115,24.806515,12.253663,7.733063,1
21.100000,6,14.466474,9.945874,16.327115,24.806515,14.466474,9.945874,1
21.100000,7,9.584256,5.063656,16.327115,24.806515,9.584256,5.063656,1
21.600000,5,11.443606,6.923006,17.875168,26.354568,11.443606,6.923006,1
21.600000,6,15.164184,10.643584,17.875168,26.354568,15.164184,10.643584,1
21.600000,7,13.093658,8.573058,17.875168,26.354568,13.093658,8.573058,1
22.100000,5,13.361648,8.841048,18.773938,27.253338,13.361648,8.841048,1
22.100000,6,10.915798,6.395198,18.773938,27.253338,10.915798,6.395198,1
22.100000,7,10.971712,6.451112,18.773938,27.253338,10.971712,6.451112,1
22.600000,5,10.693264,6.172664,17.773166,26.252566,10.693264,6.172664,1
22.600000,6,11.882321,7.361721,17.773166,26.252566,11.882321,7.361721,1
22.600000,7,13.486794,8.966194,17.773166,26.252566,13.486794,8.966194,1
23.100000,5,12.941533,8.420933,16.511053,24.990453,12.941533,8.420933,1
23.100000,6,12.960988,8.440388,16.511053,24.990453,12.960988,8.440388,1
23.100000,7,9.927184,5.406584,16.511053,24.990453,9.927184,5.406584,1
23.600000,5,12.450936,7.930336,13.116152,21.595552,12.450936,7.930336,1
23.600000,6,13.008601,8.488001,13.116152,21.595552,13.008601,8.488001,1
23.600000,7,11.552022,7.031422,13.116152,21.595552,11.552022,7.031422,1
24.100000,5,9.639417,5.118817,20.302057,28.781457,9.639417,5.118817,1
24.100000,6,9.187367,4.666767,20.302057,28.781457,9.187367,4.666767,1
24.100000,7,6.823501,2.302901,20.302057,28.781457,6.823501,2.302901,1
24.600000,5,12.516846,7.996246,19.512522,27.991922,12.516846,7.996246,1
24.600000,6,14.929107,10.408507,19.512522,27.991922,14.929107,10.408507,1
24.600000,7,11.388356,6.867756,19.512522,27.991922,11.388356,6.867756,1
25.100000,5,9.983232,5.462632,17.258395,25.737795,9.983232,5.462632,1
25.100000,6,11.444408,6.923808,17.258395,25.737795,11.444408,6.923808,1
25.100000,7,13.072101,8.551501,17.258395,25.737795,13.072101,8.551501,1
25.600000,5,12.047159,7.526559,17.609928,26.089328,12.047159,7.526559,1
25.600000,6,11.892761,7.372162,17.609928,26.089328,11.892761,7.372162,1
25.600000,7,8.851101,4.330501,17.609928,26.089328,8.851101,4.330501,1
26.100000,5,13.891297,9.370697,17.713960,26.193360,13.891297,9.370697,1
26.100000,6,11.530819,7.010219,17.713960,26.193360,11.530819,7.010219,1
26.100000,7,10.274560,5.753961,17.713960,26.193360,10.274560,5.753961,1
26.600000,5,11.053568,6.532968,15.070013,23.549413,11.053568,6.532968,1
26.600000,6,13.245462,8.724862,15.070013,23.549413,13.245462,8.724862,1
26.600000,7,9.935724,5.415124,15.070013,23.549413,9.935724,5.415124,1
27.100000,5,9.297590,4.776991,17.531526,26.010926,9.297590,4.776991,1
27.100000,6,12.363585,7.842985,17.531526,26.010926,12.363585,7.842985,1
27.100000,7,11.971064,7.450464,17.531526,26.010926,11.971064,7.450464,1
27.600000,5,11.664057,7.143457,18.654287,27.133687,11.664057,7.143457,1
27.600000,6,14.511244,9.990644,18.654287,27.133687,14.511244,9.990644,1
27.600000,7,9.605698,5.085098,18.654287,27.133687,9.605698,5.085098,1
28.100000,5,13.500343,8.979743,19.446513,27.925913,13.500343,8.979743,1
28.100000,6,13.269716,8.749116,19.446513,27.925913,13.269716,8.749116,1
28.100000,7,12.809309,8.288709,19.446513,27.925913,12.809309,8.288709,1
28.600000,5,11.123271,6.602671,18.983293,27.462693,11.123271,6.602671,1
28.600000,6,11.443135,6.922536,18.983293,27.462693,11.443135,6.922536,1
28.600000,7,9.953794,5.433194,18.983293,27.462693,9.953794,5.433194,1
29.100000,5,15.117501,10.596901,16.974079,25.453479,15.117501,10.596901,1
29.100000,6,9.670881,5.150281,16.974079,25.453479,9.670881,5.150281,1
29.100000,7,11.140827,6.620227,16.974079,25.453479,11.140827,6.620227,1
29.600000,5,12.070850,7.550250,17.602339,26.081739,12.070850,7.550250,1
29.600000,6,13.025078,8.504478,17.602339,26.081739,13.025078,8.504478,1
29.600000,7,6.507731,1.987132,17.602339,26.081739,6.507731,1.987132,1
30.100000,5,10.225066,5.704466,21.021178,29.500578,10.225066,5.704466,1
30.100000,6,10.927049,6.406449,21.021178,29.500578,10.927049,6.406449,1
30.100000,7,14.200543,9.679943,21.021178,29.500578,14.200543,9.679943,1
30.600000,5,13.886020,9.365420,19.827259,28.306659,13.886020,9.365420,1
30.600000,6,12.747110,8.226510,19.827259,28.306659,12.747110,8.226510,1
30.600000,7,11.158848,6.638248,19.827259,28.306659,11.158848,6.638248,1
31.100000,5,10.526091,6.005492,18.385763,26.865163,10.526091,6.005492,1
31.100000,6,13.972707,9.452107,18.385763,26.865163,13.972707,9.452107,1
31.100000,7,9.894397,5.373797,18.385763,26.865163,9.894397,5.373797,1
31.600000,5,14.896716,10.376116,18.401095,26.880495,14.896716,10.376116,1
31.600000,6,12.309547,7.788947,18.401095,26.880495,12.309547,7.788947,1
31.600000,7,13.349437,8.828837,18.401095,26.880495,13.349437,8.828837,1
32.100000,5,12.223555,7.702955,19.456303,27.935703,12.223555,7.702955,1
32.100000,6,13.213771,8.693171,19.456303,27.935703,13.213771,8.693171,1
32.100000,7,12.282993,7.762393,19.456303,27.935703,12.282993,7.762393,1
32.600000,5,13.464953,8.944353,19.016128,27.495528,13.464953,8.944353,1
32.600000,6,15.132829,10.612229,19.016128,27.495528,15.132829,10.612229,1
32.600000,7,12.355947,7.835347,19.016128,27.495528,12.355947,7.835347,1
33.100000,5,8.603009,4.082409,16.266886,24.746286,8.603009,4.082409,1
33.100000,6,13.145394,8.624794,16.266886,24.746286,13.145394,8.624794,1
33.100000,7,12.969111,8.448512,16.266886,24.746286,12.969111,8.448512,1
33.600000,5,13.633633,9.113033,19.514221,27.993621,13.633633,9.113033,1
33.600000,6,10.592702,6.072102,19.514221,27.993621,10.592702,6.072102,1
33.600000,7,12.846701,8.326101,19.514221,27.993621,12.846701,8.326101,1
34.100000,5,10.869097,6.348497,16.249602,24.729002,10.869097,6.348497,1
34.100000,6,11.742577,7.221977,16.249602,24.729002,11.742577,7.221977,1
34.100000,7,12.781779,8.261179,16.249602,24.729002,12.781779,8.261179,1
34.600000,5,14.606454,10.085854,19.492440,27.971840,14.606454,10.085854,1
34.600000,6,11.308832,6.788233,19.492440,27.971840,11.308832,6.788233,1
34.600000,7,15.854681,11.334081,19.492440,27.971840,15.854681,11.334081,1
35.100000,5,13.966838,9.446238,19.500654,27.980054,13.966838,9.446238,1
35.100000,6,12.313741,7.793141,19.500654,27.980054,12.313741,7.793141,1
35.100000,7,13.333159,8.812559,19.500654,27.980054,13.333159,8.812559,1
35.600000,5,11.167015,6.646415,17.642307,26.121707,11.167015,6.646415,1
35.600000,6,11.659559,7.138959,17.642307,26.121707,11.659559,7.138959,1
35.600000,7,14.269930,9.749330,17.642307,26.121707,14.269930,9.749330,1
36.100000,5,15.185238,10.664638,17.793851,26.273251,15.185238,10.664638,1
36.100000,6,13.903185,9.382586,17.793851,26.273251,13.903185,9.382586,1
36.100000,7,12.129454,7.608854,17.793851,26.273251,12.129454,7.608854,1
36.600000,5,13.223612,8.703012,17.831284,26.310684,13.223612,8.703012,1
36.600000,6,14.034479,9.513879,17.831284,26.310684,14.034479,9.513879,1
36.600000,7,11.564363,7.043763,17.831284,26.310684,11.564363,7.043763,1
37.100000,5,11.582878,7.062278,19.670233,28.149633,11.582878,7.062278,1
37.100000,6,14.720708,10.200108,19.670233,28.149633,14.720708,10.200108,1
37.100000,7,13.005823,8.485224,19.670233,28.149633,13.005823,8.485224,1
37.600000,5,12.552174,8.031575,16.583545,25.062945,12.552174,8.031575,1
37.600000,6,15.948642,11.428042,16.583545,25.062945,15.948642,11.428042,1
37.600000,7,12.971442,8.450842,16.583545,25.062945,12.971442,8.450842,1
38.100000,5,12.435465,7.914865,16.416347,24.895747,12.435465,7.914865,1
38.100000,6,16.580007,12.059407,16.416347,24.895747,16.416347,12.059407,1
38.100000,7,14.057766,9.537166,16.416347,24.895747,14.057766,9.537166,1
38.600000,5,15.225987,10.705387,20.238432,28.717832,15.225987,10.705387,1
38.600000,6,15.776366,11.255767,20.238432,28.717832,15.776366,11.255767,1
38.600000,7,10.889419,6.368819,20.238432,28.717832,10.889419,6.368819,1
39.100000,5,11.734783,7.214183,20.383712,28.863112,11.734783,7.214183,1
39.100000,6,11.927968,7.407368,20.383712,28.863112,11.927968,7.407368,1
39.100000,7,15.754277,11.233677,20.383712,28.863112,15.754277,11.233677,1
39.600000,5,11.694066,7.173466,17.300594,25.779994,11.694066,7.173466,1
39.600000,6,13.257086,8.736486,17.300594,25.779994,13.257086,8.736486,1
39.600000,7,11.568381,7.047781,17.300594,25.779994,11.568381,7.047781,1
40.100000,5,14.554900,10.034300,17.070004,25.549404,14.554900,10.034300,1
40.100000,6,11.368954,6.848354,17.070004,25.549404,11.368954,6.848354,1
40.100000,7,12.835227,8.314627,17.070004,25.549404,12.835227,8.314627,1
40.600000,5,15.215210,10.694610,20.998344,29.477744,15.215210,10.694610,1
40.600000,6,12.663839,8.143240,20.998344,29.477744,12.663839,8.143240,1
40.600000,7,15.079693,10.559093,20.998344,29.477744,15.079693,10.559093,1
41.100000,5,14.412715,9.892115,19.406379,27.885779,14.412715,9.892115,1
41.100000,6,12.700057,8.179457,19.406379,27.885779,12.700057,8.179457,1
41.100000,7,13.171276,8.650676,19.406379,27.885779,13.171276,8.650676,1
41.600000,5,13.248828,8.728228,18.378508,26.857908,13.248828,8.728228,1
41.600000,6,14.692618,10.172018,18.378508,26.857908,14.692618,10.172018,1
41.600000,7,15.314740,10.794140,18.378508,26.857908,15.314740,10.794140,1
42.100000,5,12.414061,7.893462,18.434061,26.913461,12.414061,7.893462,1
42.100000,6,11.366455,6.845855,18.434061,26.913461,11.366455,6.845855,1
42.100000,7,6.435369,1.914769,18.434061,26.913461,6.435369,1.914769,1
42.600000,5,10.704335,6.183736,17.892136,26.371536,10.704335,6.183736,1
42.600000,6,8.188153,3.667553,17.892136,26.371536,8.188153,3.667553,1
42.600000,7,14.591405,10.070805,17.892136,26.371536,14.591405,10.070805,1
43.100000,5,16.055977,11.535378,19.302817,27.782217,16.055977,11.535378,1
43.100000,6,13.328447,8.807847,19.302817,27.782217,13.328447,8.807847,1
43.100000,7,13.775778,9.255178,19.302817,27.782217,13.775778,9.255178,1
43.600000,5,10.545997,6.025397,15.892161,24.371561,10.545997,6.025397,1
43.600000,6,12.894123,8.373523,15.892161,24.371561,12.894123,8.373523,1
43.600000,7,12.861592,8.340992,15.892161,24.371561,12.861592,8.340992,1
44.100000,5,12.368647,7.848047,18.698984,27.178385,12.368647,7.848047,1
44.100000,6,13.636549,9.115949,18.698984,27.178385,13.636549,9.115949,1
44.100000,7,14.555583,10.034983,18.698984,27.178385,14.555583,10.034983,1
44.600000,5,11.620712,7.100112,21.387351,29.866751,11.620712,7.100112,1
44.600000,6,13.601243,9.080643,21.387351,29.866751,13.601243,9.080643,1
44.600000,7,12.004978,7.484378,21.387351,29.866751,12.004978,7.484378,1
45.100000,5,14.107028,9.586428,18.441206,26.920606,14.107028,9.586428,1
45.100000,6,11.593209,7.072609,18.441206,26.920606,11.593209,7.072609,1
45.100000,7,13.367790,8.847191,18.441206,26.920606,13.367790,8.847191,1
45.600000,5,12.231015,7.710415,17.222146,25.701547,12.231015,7.710415,1
45.600000,6,12.273867,7.753267,17.222146,25.701547,12.273867,7.753267,1
45.600000,7,11.368769,6.848169,17.222146,25.701547,11.368769,6.848169,1
46.100000,5,15.681824,11.161224,13.661529,22.140929,13.661529,11.161224,1
46.100000,6,8.901941,4.381341,13.661529,22.140929,8.901941,4.381341,1
46.100000,7,10.764234,6.243634,13.661529,22.140929,10.764234,6.243634,1
46.600000,5,11.251890,6.731290,19.670116,28.149516,11.251890,6.731290,1
46.600000,6,8.897980,4.377380,19.670116,28.149516,8.897980,4.377380,1
46.600000,7,12.570611,8.050011,19.670116,28.149516,12.570611,8.050011,1
47.100000,5,12.217157,7.696557,17.433551,25.912951,12.217157,7.696557,1
47.100000,6,11.990599,7.469999,17.433551,25.912951,11.990599,7.469999,1
47.100000,7,10.036171,5.515571,17.433551,25.912951,10.036171,5.515571,1
47.600000,5,10.007452,5.486852,19.977759,28.457159,10.007452,5.486852,1
47.600000,6,13.337775,8.817175,19.977759,28.457159,13.337775,8.817175,1
47.600000,7,12.514906,7.994306,19.977759,28.457159,12.514906,7.994306,1
48.100000,5,11.336374,6.815774,21.720234,30.199634,11.336374,6.815774,1
48.100000,6,11.265378,6.744779,21.720234,30.199634,11.265378,6.744779,1
48.100000,7,8.326162,3.805562,21.720234,30.199634,8.326162,3.805562,1
48.600000,5,11.739466,7.218866,17.806383,26.285783,11.739466,7.218866,1
48.600000,6,15.164696,10.644096,17.806383,26.285783,15.164696,10.644096,1
48.600000,7,10.620167,6.099567,17.806383,26.285783,10.620167,6.099567,1
49.100000,5,14.375175,9.854575,20.164620,28.644020,14.375175,9.854575,1
49.100000,6,15.147073,10.626473,20.164620,28.644020,15.147073,10.626473,1
49.100000,7,11.288525,6.767926,20.164620,28.644020,11.288525,6.767926,1
49.600000,5,10.237062,5.716462,20.457818,28.937219,10.237062,5.716462,1
49.600000,6,10.316866,5.796266,20.457818,28.937219,10.316866,5.796266,1
49.600000,7,11.835552,7.314952,20.457818,28.937219,11.835552,7.314952,1
50.100000,5,15.663489,11.142890,18.603684,27.083084,15.663489,11.142890,1
50.100000,6,14.149939,9.629339,18.603684,27.083084,14.149939,9.629339,1
50.100000,7,12.853116,8.332516,18.603684,27.083084,12.853116,8.332516,1
50.600000,5,14.018861,9.498261,19.172020,27.651421,14.018861,9.498261,1
50.600000,6,9.810337,5.289737,19.172020,27.651421,9.810337,5.289737,1
50.600000,7,10.905834,6.385234,19.172020,27.651421,10.905834,6.385234,1
51.100000,5,10.591907,6.071307,20.302110,28.781510,10.591907,6.071307,1
51.100000,6,14.139712,9.619112,20.302110,28.781510,14.139712,9.619112,1
51.100000,7,13.153020,8.632420,20.302110,28.781510,13.153020,8.632420,1
51.600000,5,14.107897,9.587297,20.669369,29.148769,14.107897,9.587297,1
51.600000,6,11.971618,7.451018,20.669369,29.148769,11.971618,7.451018,1
51.600000,7,12.651642,8.131042,20.669369,29.148769,12.651642,8.131042,1
52.100000,5,9.427554,4.906954,17.334885,25.814285,9.427554,4.906954,1
52.100000,6,16.442743,11.922143,17.334885,25.814285,16.442743,11.922143,1
52.100000,7,10.957457,6.436857,17.334885,25.814285,10.957457,6.436857,1
52.600000,5,13.203424,8.682825,17.860542,26.339942,13.203424,8.682825,1
52.600000,6,12.892881,8.372281,17.860542,26.339942,12.892881,8.372281,1
52.600000,7,11.977424,7.456824,17.860542,26.339942,11.977424,7.456824,1
53.100000,5,9.589759,5.069159,18.768991,27.248391,9.589759,5.069159,1
53.100000,6,11.686767,7.166167,18.768991,27.248391,11.686767,7.166167,1
53.100000,7,14.163545,9.642945,18.768991,27.248391,14.163545,9.642945,1
53.600000,5,11.041161,6.520561,21.587615,30.067015,11.041161,6.520561,1
53.600000,6,14.053498,9.532898,21.587615,30.067015,14.053498,9.532898,1
53.600000,7,6.971625,2.451025,21.587615,30.067015,6.971625,2.451025,1
54.100000,5,13.224917,8.704317,20.496296,28.975696,13.224917,8.704317,1
54.100000,6,11.966539,7.445939,20.496296,28.975696,11.966539,7.445939,1
54.100000,7,9.998179,5.477579,20.496296,28.975696,9.998179,5.477579,1
54.600000,5,11.423717,6.903117,19.444009,27.923409,11.423717,6.903117,1
54.600000,6,11.744577,7.223977,19.444009,27.923409,11.744577,7.223977,1
54.600000,7,12.698065,8.177465,19.444009,27.923409,12.698065,8.177465,1
55.100000,5,8.440936,3.920336,18.694050,27.173451,8.440936,3.920336,1
55.100000,6,11.107200,6.586600,18.694050,27.173451,11.107200,6.586600,1
55.100000,7,11.895811,7.375211,18.694050,27.173451,11.895811,7.375211,1
55.600000,5,12.893217,8.372617,20.319151,28.798551,12.893217,8.372617,1
55.600000,6,10.380663,5.860063,20.319151,28.798551,10.380663,5.860063,1
55.600000,7,13.898952,9.378353,20.319151,28.798551,13.898952,9.378353,1
56.100000,5,11.868983,7.348383,18.084035,26.563435,11.868983,7.348383,1
56.100000,6,13.256060,8.735460,18.084035,26.563435,13.256060,8.735460,1
56.100000,7,12.592505,8.071905,18.084035,26.563435,12.592505,8.071905,1
56.600000,5,13.671969,9.151369,20.109489,28.588889,13.671969,9.151369,1
56.600000,6,13.372732,8.852132,20.109489,28.588889,13.372732,8.852132,1
56.600000,7,13.417449,8.896849,20.109489,28.588889,13.417449,8.896849,1
57.100000,5,12.725599,8.204999,16.738861,25.218261,12.725599,8.204999,1
57.100000,6,12.948261,8.427661,16.738861,25.218261,12.948261,8.427661,1
57.100000,7,15.601007,11.080407,16.738861,25.218261,15.601007,11.080407,1
57.600000,5,13.903035,9.382435,19.445791,27.925191,13.903035,9.382435,1
57.600000,6,13.390750,8.870150,19.445791,27.925191,13.390750,8.870150,1
57.600000,7,13.800584,9.279984,19.445791,27.925191,13.800584,9.279984,1
58.100000,5,10.680348,6.159748,19.632548,28.111948,10.680348,6.159748,1
58.100000,6,10.995643,6.475043,19.632548,28.111948,10.995643,6.475043,1
58.100000,7,11.806549,7.285949,19.632548,28.111948,11.806549,7.285949,1
58.600000,5,13.500843,8.980244,19.227318,27.706718,13.500843,8.980244,1
58.600000,6,12.309638,7.789038,19.227318,27.706718,12.309638,7.789038,1
58.600000,7,13.488705,8.968105,19.227318,27.706718,13.488705,8.968105,1
59.100000,5,9.227107,4.706507,17.241727,25.721127,9.227107,4.706507,1
59.100000,6,13.091073,8.570473,17.241727,25.721127,13.091073,8.570473,1
59.100000,7,10.736682,6.216082,17.241727,25.721127,10.736682,6.216082,1
59.600000,5,13.281491,8.760891,17.793892,26.273292,13.281491,8.760891,1
59.600000,6,11.611756,7.091156,17.793892,26.273292,11.611756,7.091156,1
59.600000,7,14.877530,10.356930,17.793892,26.273292,14.877530,10.356930,1
60.100000,5,11.041372,6.520772,19.920182,28.399582,11.041372,6.520772,1
60.100000,6,10.900208,6.379608,19.920182,28.399582,10.900208,6.379608,1
60.100000,7,13.262818,8.742218,19.920182,28.399582,13.262818,8.742218,1
60.600000,5,9.482002,4.961402,20.176581,28.655981,9.482002,4.961402,1
60.600000,6,11.808793,7.288193,20.176581,28.655981,11.808793,7.288193,1
60.600000,7,12.124395,7.603795,20.176581,28.655981,12.124395,7.603795,1
61.100000,5,10.402507,5.881907,17.465400,25.944800,10.402507,5.881907,1
61.100000,6,12.724484,8.203884,17.465400,25.944800,12.724484,8.203884,1
61.100000,7,13.616990,9.096390,17.465400,25.944800,13.616990,9.096390,1
61.600000,5,13.609701,9.089101,12.534008,21.013408,12.534008,9.089101,1
61.600000,6,11.616488,7.095888,12.534008,21.013408,11.616488,7.095888,1
61.600000,7,12.403262,7.882662,12.534008,21.013408,12.403262,7.882662,1
62.100000,5,12.106325,7.585725,18.704113,27.183513,12.106325,7.585725,1
62.100000,6,12.666642,8.146042,18.704113,27.183513,12.666642,8.146042,1
62.100000,7,14.980896,10.460296,18.704113,27.183513,14.980896,10.460296,1
62.600000,5,12.528895,8.008295,19.113689,27.593090,12.528895,8.008295,1
62.600000,6,12.087466,7.566866,19.113689,27.593090,12.087466,7.566866,1
62.600000,7,12.015792,7.495192,19.113689,27.593090,12.015792,7.495192,1
63.100000,5,10.999417,6.478817,20.085596,28.564996,10.999417,6.478817,1
63.100000,6,10.892365,6.371765,20.085596,28.564996,10.892365,6.371765,1
63.100000,7,13.269630,8.749030,20.085596,28.564996,13.269630,8.749030,1
63.600000,5,15.016988,10.496389,18.069498,26.548898,15.016988,10.496389,1
63.600000,6,13.436315,8.915715,18.069498,26.548898,13.436315,8.915715,1
63.600000,7,16.302177,11.781577,18.069498,26.548898,16.302177,11.781577,1
64.100000,5,13.251451,8.730851,16.568622,25.048022,13.251451,8.730851,1
64.100000,6,12.975750,8.455150,16.568622,25.048022,12.975750,8.455150,1
64.100000,7,13.295454,8.774854,16.568622,25.048022,13.295454,8.774854,1
64.600000,5,9.476280,4.955680,20.030904,28.510304,9.476280,4.955680,1
64.600000,6,10.365441,5.844841,20.030904,28.510304,10.365441,5.844841,1
64.600000,7,13.567844,9.047245,20.030904,28.510304,13.567844,9.047245,1
65.100000,5,13.353298,8.832698,18.553387,27.032787,13.353298,8.832698,1
65.100000,6,12.430355,7.909755,18.553387,27.032787,12.430355,7.909755,1
65.100000,7,13.115657,8.595057,18.553387,27.032787,13.115657,8.595057,1
65.600000,5,14.762985,10.242385,19.398739,27.878139,14.762985,10.242385,1
65.600000,6,10.817281,6.296681,19.398739,27.878139,10.817281,6.296681,1
65.600000,7,14.165925,9.645325,19.398739,27.878139,14.165925,9.645325,1
66.100000,5,11.841892,7.321292,16.206713,24.686113,11.841892,7.321292,1
66.100000,6,12.743660,8.223060,16.206713,24.686113,12.743660,8.223060,1
66.100000,7,12.083603,7.563003,16.206713,24.686113,12.083603,7.563003,1
66.600000,5,12.437194,7.916594,18.639497,27.118897,12.437194,7.916594,1
66.600000,6,13.055213,8.534613,18.639497,27.118897,13.055213,8.534613,1
66.600000,7,12.504904,7.984304,18.639497,27.118897,12.504904,7.984304,1
67.100000,5,11.232704,6.712104,14.972049,23.451450,11.232704,6.712104,1
67.100000,6,13.190394,8.669794,14.972049,23.451450,13.190394,8.669794,1
67.100000,7,11.875749,7.355149,14.972049,23.451450,11.875749,7.355149,1
67.600000,5,11.947447,7.426847,17.491806,25.971206,11.947447,7.426847,1
67.600000,6,11.679909,7.159309,17.491806,25.971206,11.679909,7.159309,1
67.600000,7,11.945075,7.424475,17.491806,25.971206,11.945075,7.424475,1
68.100000,5,12.534312,8.013712,17.119637,25.599037,12.534312,8.013712,1
68.100000,6,15.298636,10.778036,17.119637,25.599037,15.298636,10.778036,1
68.100000,7,14.326920,9.806320,17.119637,25.599037,14.326920,9.806320,1
68.600000,5,13.184011,8.663411,17.990543,26.469943,13.184011,8.663411,1
68.600000,6,11.986110,7.465510,17.990543,26.469943,11.986110,7.465510,1
68.600000,7,13.240181,8.719581,17.990543,26.469943,13.240181,8.719581,1
69.100000,5,11.954348,7.433748,17.214742,25.694142,11.954348,7.433748,1
69.100000,6,12.646206,8.125606,17.214742,25.694142,12.646206,8.125606,1
69.100000,7,13.140269,8.619669,17.214742,25.694142,13.140269,8.619669,1
69.600000,5,13.507416,8.986816,21.395927,29.875327,13.507416,8.986816,1
69.600000,6,14.575474,10.054874,21.395927,29.875327,14.575474,10.054874,1
69.600000,7,13.204538,8.683938,21.395927,29.875327,13.204538,8.683938,1
70.100000,5,13.444778,8.924178,16.414850,24.894250,13.444778,8.924178,1
70.100000,6,15.246299,10.725699,16.414850,24.894250,15.246299,10.725699,1
70.100000,7,14.420505,9.899905,16.414850,24.894250,14.420505,9.899905,1
70.600000,5,12.436726,7.916126,17.922360,26.401760,12.436726,7.916126,1
70.600000,6,14.485068,9.964468,17.922360,26.401760,14.485068,9.964468,1
70.600000,7,9.318432,4.797832,17.922360,26.401760,9.318432,4.797832,1
71.100000,5,12.769313,8.248713,20.477133,28.956533,12.769313,8.248713,1
71.100000,6,10.249435,5.728835,20.477133,28.956533,10.249435,5.728835,1
71.100000,7,14.498731,9.978131,20.477133,28.956533,14.498731,9.978131,1
71.600000,5,10.850111,6.329511,19.144476,27.623876,10.850111,6.329511,1
71.600000,6,11.163475,6.642875,19.144476,27.623876,11.163475,6.642875,1
71.600000,7,11.496177,6.975577,19.144476,27.623876,11.496177,6.975577,1
72.100000,5,13.615645,9.095045,19.439829,27.919229,13.615645,9.095045,1
72.100000,6,10.414725,5.894125,19.439829,27.919229,10.414725,5.894125,1
72.100000,7,13.744066,9.223466,19.439829,27.919229,13.744066,9.223466,1
72.600000,5,10.844411,6.323812,14.805767,23.285167,10.844411,6.323812,1
72.600000,6,9.571524,5.050924,14.805767,23.285167,9.571524,5.050924,1
72.600000,7,13.582842,9.062242,14.805767,23.285167,13.582842,9.062242,1
73.100000,5,10.297476,5.776876,20.280963,28.760363,10.297476,5.776876,1
73.100000,6,11.089933,6.569333,20.280963,28.760363,11.089933,6.569333,1
73.100000,7,11.099330,6.578730,20.280963,28.760363,11.099330,6.578730,1
73.600000,5,14.235288,9.714688,17.728979,26.208379,14.235288,9.714688,1
73.600000,6,12.065178,7.544578,17.728979,26.208379,12.065178,7.544578,1
73.600000,7,11.247918,6.727318,17.728979,26.208379,11.247918,6.727318,1
74.100000,5,12.862660,8.342060,19.232738,27.712138,12.862660,8.342060,1
74.100000,6,10.849231,6.328631,19.232738,27.712138,10.849231,6.328631,1
74.100000,7,14.180498,9.659898,19.232738,27.712138,14.180498,9.659898,1
74.600000,5,12.510273,7.989673,18.957062,27.436462,12.510273,7.989673,1
74.600000,6,9.191479,4.670879,18.957062,27.436462,9.191479,4.670879,1
74.600000,7,13.743363,9.222763,18.957062,27.436462,13.743363,9.222763,1
75.100000,5,7.870311,3.349711,22.747744,31.227144,7.870311,3.349711,1
75.100000,6,13.470433,8.949833,22.747744,31.227144,13.470433,8.949833,1
75.100000,7,10.842105,6.321505,22.747744,31.227144,10.842105,6.321505,1
75.600000,5,4.500998,-0.019602,17.092044,25.571444,4.500998,-0.019602,0
75.600000,6,13.784889,9.264289,17.092044,25.571444,13.784889,9.264289,1
75.600000,7,12.565868,8.045268,17.092044,25.571444,12.565868,8.045268,1
76.100000,5,11.484697,6.964097,18.778566,27.257966,11.484697,6.964097,1
76.100000,6,11.142737,6.622137,18.778566,27.257966,11.142737,6.622137,1
76.100000,7,8.989357,4.468757,18.778566,27.257966,8.989357,4.468757,1
76.600000,5,10.953282,6.432682,20.621657,29.101057,10.953282,6.432682,1
76.600000,6,11.603295,7.082696,20.621657,29.101057,11.603295,7.082696,1
76.600000,7,10.240856,5.720256,20.621657,29.101057,10.240856,5.720256,1
77.100000,5,10.752271,6.231671,19.037888,27.517288,10.752271,6.231671,1
77.100000,6,12.452180,7.931580,19.037888,27.517288,12.452180,7.931580,1
77.100000,7,11.206048,6.685448,19.037888,27.517288,11.206048,6.685448,1
77.600000,5,15.073470,10.552870,17.626681,26.106081,15.073470,10.552870,1
77.600000,6,14.842684,10.322084,17.626681,26.106081,14.842684,10.322084,1
77.600000,7,11.831634,7.311034,17.626681,26.106081,11.831634,7.311034,1
78.100000,5,11.892057,7.371457,16.980390,25.459790,11.892057,7.371457,1
78.100000,6,6.298015,1.777415,16.980390,25.459790,6.298015,1.777415,1
78.100000,7,13.314505,8.793905,16.980390,25.459790,13.314505,8.793905,1
78.600000,5,15.560910,11.040310,18.557438,27.036838,15.560910,11.040310,1
78.600000,6,12.451387,7.930788,18.557438,27.036838,12.451387,7.930788,1
78.600000,7,13.147051,8.626451,18.557438,27.036838,13.147051,8.626451,1
79.100000,5,14.113162,9.592562,17.945522,26.424922,14.113162,9.592562,1
79.100000,6,11.302095,6.781495,17.945522,26.424922,11.302095,6.781495,1
79.100000,7,11.509304,6.988704,17.945522,26.424922,11.509304,6.988704,1
79.600000,5,9.272571,4.751971,18.263438,26.742838,9.272571,4.751971,1
79.600000,6,16.377854,11.857254,18.263438,26.742838,16.377854,11.857254,1
79.600000,7,13.959743,9.439143,18.263438,26.742838,13.959743,9.439143,1
80.100000,5,14.373127,9.852527,18.366649,26.846049,14.373127,9.852527,1
80.100000,6,12.279500,7.758900,18.366649,26.846049,12.279500,7.758900,1
80.100000,7,14.413790,9.893190,18.366649,26.846049,14.413790,9.893190,1
80.600000,5,13.626070,9.105470,16.694949,25.174349,13.626070,9.105470,1
80.600000,6,9.910176,5.389576,16.694949,25.174349,9.910176,5.389576,1
80.600000,7,10.629043,6.108443,16.694949,25.174349,10.629043,6.108443,1
81.100000,5,12.877136,8.356536,20.839267,29.318667,12.877136,8.356536,1
81.100000,6,11.697543,7.176943,20.839267,29.318667,11.697543,7.176943,1
81.100000,7,8.747856,4.227256,20.839267,29.318667,8.747856,4.227256,1
81.600000,5,12.585336,8.064736,20.477112,28.956512,12.585336,8.064736,1
81.600000,6,10.143279,5.622679,20.477112,28.956512,10.143279,5.622679,1
81.600000,7,15.396849,10.876249,20.477112,28.956512,15.396849,10.876249,1
82.100000,5,13.065741,8.545141,15.803470,24.282870,13.065741,8.545141,1
82.100000,6,14.203199,9.682599,15.803470,24.282870,14.203199,9.682599,1
82.100000,7,9.035170,4.514570,15.803470,24.282870,9.035170,4.514570,1
82.600000,5,11.391603,6.871003,18.140750,26.620150,11.391603,6.871003,1
82.600000,6,11.172678,6.652078,18.140750,26.620150,11.172678,6.652078,1
82.600000,7,11.525153,7.004553,18.140750,26.620150,11.525153,7.004553,1
83.100000,5,13.123162,8.602562,20.282095,28.761495,13.123162,8.602562,1
83.100000,6,12.732299,8.211699,20.282095,28.761495,12.732299,8.211699,1
83.100000,7,13.196001,8.675401,20.282095,28.761495,13.196001,8.675401,1
83.600000,5,10.080124,5.559524,19.102584,27.581984,10.080124,5.559524,1
83.600000,6,13.345466,8.824866,19.102584,27.581984,13.345466,8.824866,1
83.600000,7,14.738488,10.217888,19.102584,27.581984,14.738488,10.217888,1
84.100000,5,11.947581,7.426981,20.655489,29.134889,11.947581,7.426981,1
84.100000,6,13.561432,9.040832,20.655489,29.134889,13.561432,9.040832,1
84.100000,7,11.925369,7.404769,20.655489,29.134889,11.925369,7.404769,1
84.600000,5,13.164383,8.643783,16.225430,24.704830,13.164383,8.643783,1
84.600000,6,15.040216,10.519616,16.225430,24.704830,15.040216,10.519616,1
84.600000,7,11.073512,6.552912,16.225430,24.704830,11.073512,6.552912,1
85.100000,5,12.017976,7.497376,18.355344,26.834744,12.017976,7.497376,1
85.100000,6,12.498390,7.977790,18.355344,26.834744,12.498390,7.977790,1
85.100000,7,12.505756,7.985156,18.355344,26.834744,12.505756,7.985156,1
85.600000,5,13.223824,8.703224,18.774360,27.253760,13.223824,8.703224,1
85.600000,6,11.490411,6.969811,18.774360,27.253760,11.490411,6.969811,1
85.600000,7,9.077877,4.557277,18.774360,27.253760,9.077877,4.557277,1
86.100000,5,11.814389,7.293789,16.952651,25.432051,11.814389,7.293789,1
86.100000,6,7.488527,2.967927,16.952651,25.432051,7.488527,2.967927,1
86.100000,7,11.846453,7.325853,16.952651,25.432051,11.846453,7.325853,1
86.600000,5,9.335979,4.815379,17.700221,26.179622,9.335979,4.815379,1
86.600000,6,11.704943,7.184343,17.700221,26.179622,11.704943,7.184343,1
86.600000,7,14.001033,9.480433,17.700221,26.179622,14.001033,9.480433,1
87.100000,5,11.112856,6.592257,19.165525,27.644925,11.112856,6.592257,1
87.100000,6,11.819220,7.298620,19.165525,27.644925,11.819220,7.298620,1
87.100000,7,10.530589,6.009989,19.165525,27.644925,10.530589,6.009989,1
87.600000,5,13.073602,8.553002,19.444517,27.923918,13.073602,8.553002,1
87.600000,6,12.468248,7.947648,19.444517,27.923918,12.468248,7.947648,1
87.600000,7,10.686037,6.165437,19.444517,27.923918,10.686037,6.165437,1
88.100000,5,13.009291,8.488691,14.791952,23.271352,13.009291,8.488691,1
88.100000,6,9.472940,4.952340,14.791952,23.271352,9.472940,4.952340,1
88.100000,7,13.096534,8.575934,14.791952,23.271352,13.096534,8.575934,1
88.600000,5,11.608987,7.088387,20.420984,28.900384,11.608987,7.088387,1
88.600000,6,11.975547,7.454947,20.420984,28.900384,11.975547,7.454947,1
88.600000,7,11.497957,6.977357,20.420984,28.900384,11.497957,6.977357,1
89.100000,5,12.471584,7.950984,18.022856,26.502256,12.471584,7.950984,1
89.100000,6,13.117912,8.597312,18.022856,26.502256,13.117912,8.597312,1
89.100000,7,8.532552,4.011952,18.022856,26.502256,8.532552,4.011952,1
89.600000,5,10.116312,5.595712,20.617592,29.096992,10.116312,5.595712,1
89.600000,6,8.261574,3.740974,20.617592,29.096992,8.261574,3.740974,1
89.600000,7,14.057282,9.536682,20.617592,29.096992,14.057282,9.536682,1
90.100000,5,14.688148,10.167548,17.397881,25.877281,14.688148,10.167548,1
90.100000,6,14.091733,9.571133,17.397881,25.877281,14.091733,9.571133,1
90.100000,7,14.597126,10.076526,17.397881,25.877281,14.597126,10.076526,1
90.600000,5,13.510051,8.989451,19.112052,27.591452,13.510051,8.989451,1
90.600000,6,13.947862,9.427262,19.112052,27.591452,13.947862,9.427262,1
90.600000,7,11.965597,7.444997,19.112052,27.591452,11.965597,7.444997,1
91.100000,5,11.834617,7.314017,15.629718,24.109119,11.834617,7.314017,1
91.100000,6,10.494447,5.973847,15.629718,24.109119,10.494447,5.973847,1
91.100000,7,13.695339,9.174740,15.629718,24.109119,13.695339,9.174740,1
91.600000,5,13.721831,9.201231,19.262333,27.741733,13.721831,9.201231,1
91.600000,6,13.348988,8.828388,19.262333,27.741733,13.348988,8.828388,1
91.600000,7,13.934037,9.413437,19.262333,27.741733,13.934037,9.413437,1
92.100000,5,11.917487,7.396888,17.987402,26.466802,11.917487,7.396888,1
92.100000,6,10.183062,5.662462,17.987402,26.466802,10.183062,5.662462,1
92.100000,7,13.396424,8.875824,17.987402,26.466802,13.396424,8.875824,1
92.600000,5,12.697719,8.177119,19.457194,27.936594,12.697719,8.177119,1
92.600000,6,7.612578,3.091978,19.457194,27.936594,7.612578,3.091978,1
92.600000,7,7.874345,3.353746,19.457194,27.936594,7.874345,3.353746,1
93.100000,5,10.800517,6.279917,14.671150,23.150550,10.800517,6.279917,1
93.100000,6,11.477537,6.956937,14.671150,23.150550,11.477537,6.956937,1
93.100000,7,12.067545,7.546945,14.671150,23.150550,12.067545,7.546945,1
93.600000,5,12.578378,8.057778,15.579148,24.058548,12.578378,8.057778,1
93.600000,6,13.483613,8.963013,15.579148,24.058548,13.483613,8.963013,1
93.600000,7,14.083083,9.562483,15.579148,24.058548,14.083083,9.562483,1
94.100000,5,11.192517,6.671917,17.407760,25.887160,11.192517,6.671917,1
94.100000,6,12.854736,8.334136,17.407760,25.887160,12.854736,8.334136,1
94.100000,7,10.187225,5.666626,17.407760,25.887160,10.187225,5.666626,1
94.600000,5,10.727700,6.207100,18.403287,26.882687,10.727700,6.207100,1
94.600000,6,11.976851,7.456251,18.403287,26.882687,11.976851,7.456251,1
94.600000,7,12.422035,7.901435,18.403287,26.882687,12.422035,7.901435,1
95.100000,5,14.122757,9.602157,19.535752,28.015152,14.122757,9.602157,1
95.100000,6,11.306722,6.786122,19.535752,28.015152,11.306722,6.786122,1
95.100000,7,8.734805,4.214205,19.535752,28.015152,8.734805,4.214205,1
95.600000,5,14.222752,9.702153,19.000325,27.479725,14.222752,9.702153,1
95.600000,6,11.128992,6.608392,19.000325,27.479725,11.128992,6.608392,1
95.600000,7,9.336769,4.816169,19.000325,27.479725,9.336769,4.816169,1
96.100000,5,5.436382,0.915782,15.302885,23.782286,5.436382,0.915782,1
96.100000,6,12.410598,7.889998,15.302885,23.782286,12.410598,7.889998,1
96.100000,7,13.336677,8.816077,15.302885,23.782286,13.336677,8.816077,1
96.600000,5,13.323575,8.802975,17.385930,25.865330,13.323575,8.802975,1
96.600000,6,14.237872,9.717272,17.385930,25.865330,14.237872,9.717272,1
96.600000,7,12.885224,8.364624,17.385930,25.865330,12.885224,8.364624,1
97.100000,5,13.735536,9.214936,19.156233,27.635633,13.735536,9.214936,1
97.100000,6,7.755571,3.234971,19.156233,27.635633,7.755571,3.234971,1
97.100000,7,12.982626,8.462026,19.156233,27.635633,12.982626,8.462026,1
97.600000,5,13.140129,8.619529,17.413774,25.893174,13.140129,8.619529,1
97.600000,6,12.360202,7.839603,17.413774,25.893174,12.360202,7.839603,1
97.600000,7,9.333777,4.813177,17.413774,25.893174,9.333777,4.813177,1
98.100000,5,11.000820,6.480220,19.537144,28.016544,11.000820,6.480220,1
98.100000,6,13.263104,8.742504,19.537144,28.016544,13.263104,8.742504,1
98.100000,7,10.719897,6.199297,19.537144,28.016544,10.719897,6.199297,1
98.600000,5,13.446001,8.925401,19.307682,27.787082,13.446001,8.925401,1
98.600000,6,11.175439,6.654839,19.307682,27.787082,11.175439,6.654839,1
98.600000,7,13.493087,8.972488,19.307682,27.787082,13.493087,8.972488,1
99.100000,5,15.214780,10.694180,17.793841,26.273241,15.214780,10.694180,1
99.100000,6,12.531199,8.010599,17.793841,26.273241,12.531199,8.010599,1
99.100000,7,10.623534,6.102934,17.793841,26.273241,10.623534,6.102934,1
99.600000,5,10.917322,6.396722,17.527138,26.006538,10.917322,6.396722,1
99.600000,6,9.784890,5.264290,17.527138,26.006538,9.784890,5.264290,1
99.600000,7,12.491984,7.971384,17.527138,26.006538,12.491984,7.971384,1
100.100000,5,13.533919,9.013319,19.346128,27.825528,13.533919,9.013319,1
100.100000,6,12.205825,7.685225,19.346128,27.825528,12.205825,7.685225,1
100.100000,7,12.742226,8.221626,19.346128,27.825528,12.742226,8.221626,1
100.600000,5,11.965129,7.444529,18.936239,27.415639,11.965129,7.444529,1
100.600000,6,11.420532,6.899932,18.936239,27.415639,11.420532,6.899932,1
100.600000,7,9.203122,4.682522,18.936239,27.415639,9.203122,4.682522,1
101.100000,5,10.213581,5.692981,18.376815,26.856215,10.213581,5.692981,1
101.100000,6,12.499186,7.978586,18.376815,26.856215,12.499186,7.978586,1
101.100000,7,13.552261,9.031661,18.376815,26.856215,13.552261,9.031661,1
101.600000,5,14.079086,9.558487,17.912306,26.391707,14.079086,9.558487,1
101.600000,6,10.458202,5.937603,17.912306,26.391707,10.458202,5.937603,1
101.600000,7,13.455502,8.934902,17.912306,26.391707,13.455502,8.934902,1
102.100000,5,11.336946,6.816346,20.310960,28.790360,11.336946,6.816346,1
102.100000,6,12.679278,8.158678,20.310960,28.790360,12.679278,8.158678,1
102.100000,7,7.104824,2.584224,20.310960,28.790360,7.104824,2.584224,1
102.600000,5,13.808603,9.288003,21.587184,30.066584,13.808603,9.288003,1
102.600000,6,12.338808,7.818208,21.587184,30.066584,12.338808,7.818208,1
102.600000,7,9.032643,4.512043,21.587184,30.066584,9.032643,4.512043,1
103.100000,5,11.726661,7.206061,16.882763,25.362163,11.726661,7.206061,1
103.100000,6,11.382451,6.861851,16.882763,25.362163,11.382451,6.861851,1
103.100000,7,12.212985,7.692385,16.882763,25.362163,12.212985,7.692385,1
103.600000,5,13.648858,9.128258,17.978002,26.457402,13.648858,9.128258,1
103.600000,6,9.164875,4.644275,17.978002,26.457402,9.164875,4.644275,1
103.600000,7,12.310139,7.789539,17.978002,26.457402,12.310139,7.789539,1
104.100000,5,14.119805,9.599205,13.715882,22.195282,13.715882,9.599205,1
104.100000,6,13.283373,8.762773,13.715882,22.195282,13.283373,8.762773,1
104.100000,7,10.500902,5.980302,13.715882,22.195282,10.500902,5.980302,1
104.600000,5,12.323682,7.803082,18.866753,27.346153,12.323682,7.803082,1
104.600000,6,13.049163,8.528563,18.866753,27.346153,13.049163,8.528563,1
104.600000,7,9.657053,5.136453,18.866753,27.346153,9.657053,5.136453,1
105.100000,5,12.697514,8.176914,20.516531,28.995931,12.697514,8.176914,1
105.100000,6,12.910307,8.389707,20.516531,28.995931,12.910307,8.389707,1
105.100000,7,12.023963,7.503363,20.516531,28.995931,12.023963,7.503363,1
105.600000,5,8.340879,3.820279,19.183173,27.662573,8.340879,3.820279,1
105.600000,6,10.471926,5.951326,19.183173,27.662573,10.471926,5.951326,1
105.600000,7,12.853205,8.332605,19.183173,27.662573,12.853205,8.332605,1
106.100000,5,13.083003,8.562403,20.499199,28.978599,13.083003,8.562403,1
106.100000,6,12.211101,7.690501,20.499199,28.978599,12.211101,7.690501,1
106.100000,7,12.470278,7.949678,20.499199,28.978599,12.470278,7.949678,1
106.600000,5,12.638323,8.117723,16.378392,24.857792,12.638323,8.117723,1
106.600000,6,13.661454,9.140854,16.378392,24.857792,13.661454,9.140854,1
106.600000,7,13.632940,9.112340,16.378392,24.857792,13.632940,9.112340,1
107.100000,5,13.404319,8.883719,18.506180,26.985580,13.404319,8.883719,1
107.100000,6,8.545204,4.024604,18.506180,26.985580,8.545204,4.024604,1
107.100000,7,12.915427,8.394827,18.506180,26.985580,12.915427,8.394827,1
107.600000,5,14.655284,10.134684,19.828227,28.307627,14.655284,10.134684,1
107.600000,6,7.435668,2.915068,19.828227,28.307627,7.435668,2.915068,1
107.600000,7,14.494051,9.973452,19.828227,28.307627,14.494051,9.973452,1
108.100000,5,10.762091,6.241491,21.798183,30.277583,10.762091,6.241491,1
108.100000,6,6.045888,1.525288,21.798183,30.277583,6.045888,1.525288,1
108.100000,7,13.100153,8.579553,21.798183,30.277583,13.100153,8.579553,1
108.600000,5,13.042368,8.521768,19.490330,27.969730,13.042368,8.521768,1
108.600000,6,10.616632,6.096032,19.490330,27.969730,10.616632,6.096032,1
108.600000,7,10.904988,6.384388,19.490330,27.969730,10.904988,6.384388,1
109.100000,5,11.192004,6.671404,20.089345,28.568745,11.192004,6.671404,1
109.100000,6,13.387890,8.867290,20.089345,28.568745,13.387890,8.867290,1
109.100000,7,9.948808,5.428208,20.089345,28.568745,9.948808,5.428208,1
109.600000,5,13.736884,9.216284,18.584145,27.063545,13.736884,9.216284,1
109.600000,6,12.117740,7.597141,18.584145,27.063545,12.117740,7.597141,1
109.600000,7,5.683684,1.163084,18.584145,27.063545,5.683684,1.163084,1
110.100000,5,11.703983,7.183383,20.183054,28.662455,11.703983,7.183383,1
110.100000,6,10.428390,5.907790,20.183054,28.662455,10.428390,5.907790,1
110.100000,7,15.446866,10.926266,20.183054,28.662455,15.446866,10.926266,1
110.600000,5,15.334263,10.813663,18.282959,26.762359,15.334263,10.813663,1
110.600000,6,12.543836,8.023236,18.282959,26.762359,12.543836,8.023236,1
110.600000,7,13.322207,8.801607,18.282959,26.762359,13.322207,8.801607,1
111.100000,5,13.952073,9.431473,21.528928,30.008328,13.952073,9.431473,1
111.100000,6,11.998115,7.477515,21.528928,30.008328,11.998115,7.477515,1
111.100000,7,14.184569,9.663969,21.528928,30.008328,14.184569,9.663969,1
111.600000,5,12.006022,7.485422,19.875012,28.354412,12.006022,7.485422,1
111.600000,6,11.112263,6.591663,19.875012,28.354412,11.112263,6.591663,1
111.600000,7,11.888599,7.367999,19.875012,28.354412,11.888599,7.367999,1
112.100000,5,12.352016,7.831416,20.359862,28.839262,12.352016,7.831416,1
112.100000,6,13.381189,8.860589,20.359862,28.839262,13.381189,8.860589,1
112.100000,7,13.643320,9.122720,20.359862,28.839262,13.643320,9.122720,1
112.600000,5,13.751351,9.230751,19.393596,27.872996,13.751351,9.230751,1
112.600000,6,13.269935,8.749335,19.393596,27.872996,13.269935,8.749335,1
112.600000,7,10.885556,6.364956,19.393596,27.872996,10.885556,6.364956,1
113.100000,5,11.155778,6.635178,20.061644,28.541044,11.155778,6.635178,1
113.100000,6,9.873570,5.352970,20.061644,28.541044,9.873570,5.352970,1
113.100000,7,13.694552,9.173952,20.061644,28.541044,13.694552,9.173952,1
113.600000,5,15.330452,10.809852,17.813374,26.292774,15.330452,10.809852,1
113.600000,6,10.209984,5.689384,17.813374,26.292774,10.209984,5.689384,1
113.600000,7,10.360013,5.839413,17.813374,26.292774,10.360013,5.839413,1
114.100000,5,12.879154,8.358554,19.017557,27.496957,12.879154,8.358554,1
114.100000,6,13.390357,8.869757,19.017557,27.496957,13.390357,8.869757,1
114.100000,7,11.640107,7.119507,19.017557,27.496957,11.640107,7.119507,1
114.600000,5,13.590617,9.070017,21.533146,30.012546,13.590617,9.070017,1
114.600000,6,15.742401,11.221801,21.533146,30.012546,15.742401,11.221801,1
114.600000,7,9.882118,5.361518,21.533146,30.012546,9.882118,5.361518,1
115.100000,5,14.894041,10.373441,19.003748,27.483148,14.894041,10.373441,1
115.100000,6,12.658982,8.138382,19.003748,27.483148,12.658982,8.138382,1
115.100000,7,12.909680,8.389080,19.003748,27.483148,12.909680,8.389080,1
115.600000,5,14.007506,9.486906,20.383676,28.863076,14.007506,9.486906,1
115.600000,6,10.169537,5.648937,20.383676,28.863076,10.169537,5.648937,1
115.600000,7,10.888799,6.368199,20.383676,28.863076,10.888799,6.368199,1
116.100000,5,13.563726,9.043126,16.891840,25.371240,13.563726,9.043126,1
116.100000,6,13.204237,8.683637,16.891840,25.371240,13.204237,8.683637,1
116.100000,7,12.093763,7.573163,16.891840,25.371240,12.093763,7.573163,1
116.600000,5,12.609408,8.088809,20.426931,28.906331,12.609408,8.088809,1
116.600000,6,13.438761,8.918161,20.426931,28.906331,13.438761,8.918161,1
116.600000,7,13.975761,9.455161,20.426931,28.906331,13.975761,9.455161,1
117.100000,5,13.505005,8.984405,18.283845,26.763245,13.505005,8.984405,1
117.100000,6,13.713492,9.192892,18.283845,26.763245,13.713492,9.192892,1
117.100000,7,8.318725,3.798125,18.283845,26.763245,8.318725,3.798125,1
117.600000,5,14.904430,10.383830,18.226358,26.705758,14.904430,10.383830,1
117.600000,6,11.120425,6.599825,18.226358,26.705758,11.120425,6.599825,1
117.600000,7,12.192270,7.671670,18.226358,26.705758,12.192270,7.671670,1
118.100000,5,14.465332,9.944732,19.961511,28.440911,14.465332,9.944732,1
118.100000,6,14.124869,9.604269,19.961511,28.440911,14.124869,9.604269,1
118.100000,7,13.195830,8.675230,19.961511,28.440911,13.195830,8.675230,1
118.600000,5,13.749758,9.229158,17.717142,26.196542,13.749758,9.229158,1
118.600000,6,13.600288,9.079688,17.717142,26.196542,13.600288,9.079688,1
118.600000,7,9.909075,5.388475,17.717142,26.196542,9.909075,5.388475,1
119.100000,5,11.431639,6.911039,18.918296,27.397696,11.431639,6.911039,1
119.100000,6,14.254818,9.734218,18.918296,27.397696,14.254818,9.734218,1
119.100000,7,14.681012,10.160412,18.918296,27.397696,14.681012,10.160412,1
119.600000,5,12.342174,7.821574,18.228198,26.707599,12.342174,7.821574,1
119.600000,6,11.448485,6.927885,18.228198,26.707599,11.448485,6.927885,1
119.600000,7,12.639862,8.119262,18.228198,26.707599,12.639862,8.119262,1
