Time,UE,Dir,Delay,Jitter,Throughput,PDR
4,0,DL,0,0,0,0
4,0,UL,0,0,0,0
4,1,DL,0,0,0,0
4,1,UL,0,0,0,0
4,2,DL,0,0,0,0
4,2,UL,0,0,0,0
4,3,DL,0.870695,0.0201944,0.996914,20.8333
4,3,UL,0.00620557,0.000184712,0.121582,99.6
4,4,DL,0,0,0,0
4,4,UL,0,0,0,0
4,5,DL,0,0,0,0
4,5,UL,0,0,0,0
4,6,DL,0,0,0,0
4,6,UL,0,0,0,0
4,7,DL,0,0,0,0
4,7,UL,0,0,0,0
4,8,DL,0.520732,0.0085626,0.0796051,1.65289
4,8,UL,0.00620571,0.000184712,0.121582,99.6
4,9,DL,0,0,0,0
4,9,UL,0,0,0,0
4,10,DL,0,0,0,0
4,10,UL,0,0,0,0
4,11,DL,0,0,0,0
4,11,UL,0,0,0,0
4,12,DL,0,0,0,0
4,12,UL,0,0,0,0
4,13,DL,0.594669,0.0216092,2.03174,42.5
4,13,UL,0.00620669,0.00018472,0.121582,99.6
4,14,DL,0,0,0,0
4,14,UL,0,0,0,0
4,15,DL,0,0,0,0
4,15,UL,0,0,0,0
4,16,DL,0,0,0,0
4,16,UL,0,0,0,0
4,17,DL,0,0,0,0
4,17,UL,0,0,0,0
4,18,DL,0,0,0,0
4,18,UL,0,0,0,0
4,19,DL,0.246559,0.00568448,1.23491,25.8333
4,19,UL,0.00620584,0.000184712,0.121582,99.6
4,20,DL,0,0,0,0
4,20,UL,0,0,0,0
4,21,DL,0,0,0,0
4,21,UL,0,0,0,0
4,22,DL,0,0,0,0
4,22,UL,0,0,0,0
4,23,DL,0,0,0,0
4,23,UL,0,0,0,0
4,24,DL,0,0,0,0
4,24,UL,0,0,0,0
4,25,DL,0,0,0,0
4,25,UL,0,0,0,0
4,26,DL,0,0,0,0
4,26,UL,0,0,0,0
4,27,DL,1.03358,0.0185071,0.437599,9.09091
4,27,UL,0,0,0,0
4,28,DL,0,0,0,0
4,28,UL,0.00620712,0.000184725,0.121582,99.6
4,29,DL,0,0,0,0
4,29,UL,0,0,0,0
4,30,DL,0,0,0,0
4,30,UL,0,0,0,0
4,31,DL,0,0,0,0
4,31,UL,0,0,0,0
4,32,DL,0,0,0,0
4,32,UL,0,0,0,0
4,33,DL,0,0,0,0
4,33,UL,0,0,0,0
4,34,DL,0,0,0,0
4,34,UL,0,0,0,0
4,35,DL,0,0,0,0
4,35,UL,0,0,0,0
4,36,DL,0,0,0,0
4,36,UL,0,0,0,0
4,37,DL,0,0,0,0
4,37,UL,0,0,0,0
4,38,DL,0,0,0,0
4,38,UL,0,0,0,0
4,39,DL,0,0,0,0
4,39,UL,0,0,0,0
4,40,DL,0,0,0,0
4,40,UL,0,0,0,0
4,41,DL,0,0,0,0
4,41,UL,0,0,0,0
4,42,DL,0.431808,0.0118331,2.78936,57.8512
4,42,UL,0.00620598,0.000184712,0.121582,99.6
4,43,DL,0,0,0,0
4,43,UL,0,0,0,0
4,44,DL,0,0,0,0
4,44,UL,0.00620611,0.000184712,0.121582,99.6
4,45,DL,0,0,0,0
4,45,UL,0,0,0,0
4,46,DL,0,0,0,0
4,46,UL,0,0,0,0
4,47,DL,0,0,0,0
4,47,UL,0,0,0,0
4,48,DL,0,0,0,0
4,48,UL,0,0,0,0
4,49,DL,0,0,0,0
4,49,UL,0.00803086,0.0020907,0.0107422,8.8
4,50,DL,0,0,0,0
4,50,UL,0,0,0,0
4,51,DL,0.890472,0.0219171,0.956928,20
4,51,UL,0.00620625,0.000184712,0.121582,99.6
4,52,DL,0,0,0,0
4,52,UL,0,0,0,0
4,53,DL,0,0,0,0
4,53,UL,0,0,0,0
4,54,DL,0,0,0,0
4,54,UL,0,0,0,0
4,55,DL,0,0,0,0
4,55,UL,0,0,0,0
4,56,DL,0,0,0,0
4,56,UL,0,0,0,0
4,57,DL,0,0,0,0
4,57,UL,0,0,0,0
4,58,DL,0,0,0,0
4,58,UL,0,0,0,0
4,59,DL,0,0,0,0
4,59,UL,0,0,0,0
4,60,DL,0,0,0,0
4,60,UL,0,0,0,0
4,61,DL,0,0,0,0
4,61,UL,0,0,0,0
4,62,DL,0,0,0,0
4,62,UL,0,0,0,0
4,63,DL,0.139373,0.00229801,4.14196,86.6667
4,63,UL,0,0,0,0
4,64,DL,0,0,0,0
4,64,UL,0,0,0,0
4,65,DL,0.266411,0.00657145,0.955795,19.8347
4,65,UL,0,0,0,0
4,66,DL,0.274023,0.00681569,0.875736,18.1818
4,66,UL,0,0,0,0
4,67,DL,0,0,0,0
4,67,UL,0,0,0,0
4,68,DL,1.03579,0.0186404,0.477947,10
4,68,UL,0,0,0,0
4,69,DL,0,0,0,0
4,69,UL,0,0,0,0
4,70,DL,0,0,0,0
4,70,UL,0,0,0,0
4,71,DL,0,0,0,0
4,71,UL,0,0,0,0
4,72,DL,0,0,0,0
4,72,UL,0,0,0,0
4,73,DL,0,0,0,0
4,73,UL,0,0,0,0
4,74,DL,0,0,0,0
4,74,UL,0,0,0,0
4,75,DL,0,0,0,0
4,75,UL,0,0,0,0
4,76,DL,1.01671,0.017495,0.438751,9.2437
4,76,UL,0.0120303,0.00199939,0.000976562,0.8
4,77,DL,0.276374,0.0200164,1.07569,22.314
4,77,UL,0.00620639,0.000184711,0.121582,99.6
4,78,DL,0,0,0,0
4,78,UL,0,0,0,0
4,79,DL,0,0,0,0
4,79,UL,0,0,0,0
4,80,DL,0,0,0,0
4,80,UL,0,0,0,0
4,81,DL,0,0,0,0
4,81,UL,0,0,0,0
4,82,DL,0,0,0,0
4,82,UL,0,0,0,0
4,83,DL,0,0,0,0
4,83,UL,0,0,0,0
4,84,DL,0,0,0,0
4,84,UL,0,0,0,0
4,85,DL,0,0,0,0
4,85,UL,0,0,0,0
4,86,DL,0,0,0,0
4,86,UL,0,0,0,0
4,87,DL,0,0,0,0
4,87,UL,0,0,0,0
4,88,DL,0,0,0,0
4,88,UL,0,0,0,0
4,89,DL,0,0,0,0
4,89,UL,0,0,0,0
4,90,DL,0,0,0,0
4,90,UL,0,0,0,0
4,91,DL,0.42676,0.0118688,2.78876,57.377
4,91,UL,0.00620682,0.00018472,0.121582,99.6
4,92,DL,0,0,0,0
4,92,UL,0,0,0,0
4,93,DL,0,0,0,0
4,93,UL,0.00803128,0.00209075,0.0107422,8.8
4,94,DL,0,0,0,0
4,94,UL,0,0,0,0
4,95,DL,0,0,0,0
4,95,UL,0,0,0,0
4,96,DL,0.259339,0.0205035,0.957481,19.8347
4,96,UL,0,0,0,0
4,97,DL,0,0,0,0
4,97,UL,0,0,0,0
4,98,DL,0,0,0,0
4,98,UL,0,0,0,0
4,99,DL,0,0,0,0
4,99,UL,0,0,0,0
4,100,DL,0,0,0,0
4,100,UL,0,0,0,0
4,101,DL,0.556633,0.0213825,2.07413,42.9752
4,101,UL,0.00620652,0.000184711,0.121582,99.6
4,102,DL,0,0,0,0
4,102,UL,0,0,0,0
4,103,DL,0,0,0,0
4,103,UL,0,0,0,0
4,104,DL,0,0,0,0
4,104,UL,0,0,0,0
4,105,DL,0,0,0,0
4,105,UL,0,0,0,0
4,106,DL,0,0,0,0
4,106,UL,0,0,0,0
4,107,DL,1.0328,0.0183018,0.477398,9.91736
4,107,UL,0.00620696,0.00018472,0.121582,99.6
4,108,DL,0,0,0,0
4,108,UL,0,0,0,0
4,109,DL,0,0,0,0
4,109,UL,0,0,0,0
4,110,DL,0.265988,0.00682252,0.956131,19.8347
4,110,UL,0,0,0,0
4,111,DL,0,0,0,0
4,111,UL,0,0,0,0
4,112,DL,0,0,0,0
4,112,UL,0,0,0,0
4,113,DL,0.24998,0.0200962,0.95628,19.8347
4,113,UL,0,0,0,0
4,114,DL,1.00527,0.0183918,0.477882,10
4,114,UL,0,0,0,0
6,0,DL,0,0,0,0
6,0,UL,0,0,0,0
6,1,DL,0,0,0,0
6,1,UL,0,0,0,0
6,2,DL,0,0,0,0
6,2,UL,0,0,0,0
6,3,DL,2.14425,0.068918,0.757305,15.8333
6,3,UL,0.00602884,0,0.000976562,0.4
6,4,DL,0,0,0,0
6,4,UL,0,0,0,0
6,5,DL,0,0,0,0
6,5,UL,0,0,0,0
6,6,DL,0,0,0,0
6,6,UL,0,0,0,0
6,7,DL,0,0,0,0
6,7,UL,0,0,0,0
6,8,DL,0,0,0,0
6,8,UL,0.00602885,7.01587e-09,0.123047,50.4
6,9,DL,0,0,0,0
6,9,UL,0,0,0,0
6,10,DL,0,0,0,0
6,10,UL,0,0,0,0
6,11,DL,0,0,0,0
6,11,UL,0,0,0,0
6,12,DL,0,0,0,0
6,12,UL,0,0,0,0
6,13,DL,1.80146,0.0315581,1.63435,33.8843
6,13,UL,0.00853401,0.000392792,0.243652,99.8
6,14,DL,0,0,0,0
6,14,UL,0,0,0,0
6,15,DL,0.0122496,0,0.0398865,0.840336
6,15,UL,0,0,0,0
6,16,DL,0,0,0,0
6,16,UL,0,0,0,0
6,17,DL,0,0,0,0
6,17,UL,0,0,0,0
6,18,DL,0,0,0,0
6,18,UL,0,0,0,0
6,19,DL,0.325003,0.00249534,2.11284,44.5378
6,19,UL,0.00602912,6.47619e-09,0.123047,50.4
6,20,DL,0,0,0,0
6,20,UL,0,0,0,0
6,21,DL,0,0,0,0
6,21,UL,0,0,0,0
6,22,DL,0,0,0,0
6,22,UL,0,0,0,0
6,23,DL,0,0,0,0
6,23,UL,0,0,0,0
6,24,DL,0,0,0,0
6,24,UL,0,0,0,0
6,25,DL,0,0,0,0
6,25,UL,0,0,0,0
6,26,DL,0,0,0,0
6,26,UL,0,0,0,0
6,27,DL,2.52476,0.299045,0.19923,4.13223
6,27,UL,0,0,0,0
6,28,DL,1.99827,0.020725,0.318096,6.66667
6,28,UL,0.00603009,2.61538e-08,0.0126953,5.2
6,29,DL,0,0,0,0
6,29,UL,0,0,0,0
6,30,DL,0,0,0,0
6,30,UL,0,0,0,0
6,31,DL,0,0,0,0
6,31,UL,0,0,0,0
6,32,DL,0,0,0,0
6,32,UL,0,0,0,0
6,33,DL,0,0,0,0
6,33,UL,0,0,0,0
6,34,DL,0,0,0,0
6,34,UL,0,0,0,0
6,35,DL,0,0,0,0
6,35,UL,0,0,0,0
6,36,DL,0,0,0,0
6,36,UL,0,0,0,0
6,37,DL,0,0,0,0
6,37,UL,0,0,0,0
6,38,DL,0,0,0,0
6,38,UL,0,0,0,0
6,39,DL,0,0,0,0
6,39,UL,0,0,0,0
6,40,DL,0,0,0,0
6,40,UL,0,0,0,0
6,41,DL,0,0,0,0
6,41,UL,0,0,0,0
6,42,DL,1.50346,0.0315041,1.63346,34.1667
6,42,UL,0.00602911,5.984e-09,0.244141,100
6,43,DL,0,0,0,0
6,43,UL,0,0,0,0
6,44,DL,0,0,0,0
6,44,UL,0.00602939,0,0.000976562,0.4
6,45,DL,0,0,0,0
6,45,UL,0,0,0,0
6,46,DL,1.52303,0.0115009,1.23559,25.6198
6,46,UL,0,0,0,0
6,47,DL,0,0,0,0
6,47,UL,0,0,0,0
6,48,DL,0,0,0,0
6,48,UL,0,0,0,0
6,49,DL,0,0,0,0
6,49,UL,0,0,0,0
6,50,DL,0,0,0,0
6,50,UL,0,0,0,0
6,51,DL,1.7209,0.0224156,1.9927,41.6667
6,51,UL,0.0141463,0.000764587,0.242676,99.4
6,52,DL,0,0,0,0
6,52,UL,0,0,0,0
6,53,DL,0,0,0,0
6,53,UL,0,0,0,0
6,54,DL,0,0,0,0
6,54,UL,0,0,0,0
6,55,DL,0,0,0,0
6,55,UL,0,0,0,0
6,56,DL,0,0,0,0
6,56,UL,0,0,0,0
6,57,DL,0,0,0,0
6,57,UL,0,0,0,0
6,58,DL,0,0,0,0
6,58,UL,0,0,0,0
6,59,DL,0,0,0,0
6,59,UL,0,0,0,0
6,60,DL,0,0,0,0
6,60,UL,0,0,0,0
6,61,DL,0.597253,0.0302438,1.59535,33.3333
6,61,UL,0,0,0,0
6,62,DL,0,0,0,0
6,62,UL,0,0,0,0
6,63,DL,0.265665,0.00357159,0.039959,0.833333
6,63,UL,0,0,0,0
6,64,DL,0,0,0,0
6,64,UL,0,0,0,0
6,65,DL,0,0,0,0
6,65,UL,0,0,0,0
6,66,DL,0.274448,0.00165306,0.0397377,0.840336
6,66,UL,0,0,0,0
6,67,DL,0,0,0,0
6,67,UL,0,0,0,0
6,68,DL,2.29292,0.124383,0.437428,9.2437
6,68,UL,0,0,0,0
6,69,DL,0,0,0,0
6,69,UL,0,0,0,0
6,70,DL,0,0,0,0
6,70,UL,0,0,0,0
6,71,DL,0,0,0,0
6,71,UL,0,0,0,0
6,72,DL,0,0,0,0
6,72,UL,0,0,0,0
6,73,DL,0,0,0,0
6,73,UL,0,0,0,0
6,74,DL,0,0,0,0
6,74,UL,0,0,0,0
6,75,DL,0,0,0,0
6,75,UL,0,0,0,0
6,76,DL,1.40573,0.0219079,1.03573,21.6667
6,76,UL,0,0,0,0
6,77,DL,0,0,0,0
6,77,UL,0.00602932,4.896e-09,0.244141,100
6,78,DL,0,0,0,0
6,78,UL,0,0,0,0
6,79,DL,0,0,0,0
6,79,UL,0,0,0,0
6,80,DL,0,0,0,0
6,80,UL,0,0,0,0
6,81,DL,0,0,0,0
6,81,UL,0,0,0,0
6,82,DL,0,0,0,0
6,82,UL,0,0,0,0
6,83,DL,0,0,0,0
6,83,UL,0,0,0,0
6,84,DL,0,0,0,0
6,84,UL,0,0,0,0
6,85,DL,0,0,0,0
6,85,UL,0,0,0,0
6,86,DL,0,0,0,0
6,86,UL,0,0,0,0
6,87,DL,0,0,0,0
6,87,UL,0,0,0,0
6,88,DL,0,0,0,0
6,88,UL,0,0,0,0
6,89,DL,0,0,0,0
6,89,UL,0,0,0,0
6,90,DL,0,0,0,0
6,90,UL,0,0,0,0
6,91,DL,1.50881,0.0316984,1.63267,34.1667
6,91,UL,0.00602971,5.44e-09,0.244141,100
6,92,DL,0,0,0,0
6,92,UL,0,0,0,0
6,93,DL,0,0,0,0
6,93,UL,0,0,0,0
6,94,DL,0,0,0,0
6,94,UL,0,0,0,0
6,95,DL,0,0,0,0
6,95,UL,0,0,0,0
6,96,DL,0,0,0,0
6,96,UL,0,0,0,0
6,97,DL,0.693681,0.0493067,1.11592,23.5294
6,97,UL,0.00620594,0.000184007,0.12207,50
6,98,DL,0,0,0,0
6,98,UL,0,0,0,0
6,99,DL,0,0,0,0
6,99,UL,0,0,0,0
6,100,DL,0,0,0,0
6,100,UL,0,0,0,0
6,101,DL,0,0,0,0
6,101,UL,0.00843442,0.000384768,0.243652,99.8
6,102,DL,0,0,0,0
6,102,UL,0,0,0,0
6,103,DL,0,0,0,0
6,103,UL,0,0,0,0
6,104,DL,0,0,0,0
6,104,UL,0,0,0,0
6,105,DL,0,0,0,0
6,105,UL,0,0,0,0
6,106,DL,0,0,0,0
6,106,UL,0,0,0,0
6,107,DL,2.31229,0.11416,0.517101,10.8333
6,107,UL,0.00602968,1.82767e-08,0.123535,50.6
6,108,DL,0,0,0,0
6,108,UL,0,0,0,0
6,109,DL,0,0,0,0
6,109,UL,0,0,0,0
6,110,DL,0.339111,0.00246264,2.1121,44.1667
6,110,UL,0,0,0,0
6,111,DL,0,0,0,0
6,111,UL,0,0,0,0
6,112,DL,0,0,0,0
6,112,UL,0,0,0,0
6,113,DL,0,0,0,0
6,113,UL,0,0,0,0
6,114,DL,1.12946,0.0223802,0.0398979,0.833333
6,114,UL,0,0,0,0
8,0,DL,0,0,0,0
8,0,UL,0,0,0,0
8,1,DL,0,0,0,0
8,1,UL,0,0,0,0
8,2,DL,0,0,0,0
8,2,UL,0,0,0,0
8,3,DL,2.80359,0.0416648,0.677708,14.2857
8,3,UL,0,0,0,0
8,4,DL,0.68767,0.0647215,0.877193,18.4874
8,4,UL,0,0,0,0
8,5,DL,0,0,0,0
8,5,UL,0,0,0,0
8,6,DL,0,0,0,0
8,6,UL,0,0,0,0
8,7,DL,0,0,0,0
8,7,UL,0,0,0,0
8,8,DL,0,0,0,0
8,8,UL,0,0,0,0
8,9,DL,0,0,0,0
8,9,UL,0,0,0,0
8,10,DL,0,0,0,0
8,10,UL,0.00620524,0.000183993,0.12207,50
8,11,DL,0,0,0,0
8,11,UL,0,0,0,0
8,12,DL,0,0,0,0
8,12,UL,0,0,0,0
8,13,DL,2.80316,0.0411771,0.676903,14.1667
8,13,UL,0.00602884,0,0.000976562,0.4
8,14,DL,0,0,0,0
8,14,UL,0,0,0,0
8,15,DL,0,0,0,0
8,15,UL,0,0,0,0
8,16,DL,0,0,0,0
8,16,UL,0,0,0,0
8,17,DL,0,0,0,0
8,17,UL,0,0,0,0
8,18,DL,0,0,0,0
8,18,UL,0,0,0,0
8,19,DL,0.602247,0.0139852,1.23449,25.8333
8,19,UL,0,0,0,0
8,20,DL,0,0,0,0
8,20,UL,0,0,0,0
8,21,DL,0,0,0,0
8,21,UL,0,0,0,0
8,22,DL,0,0,0,0
8,22,UL,0,0,0,0
8,23,DL,0.651596,0.0398102,1.31624,27.5
8,23,UL,0.00620537,0.000183993,0.12207,50
8,24,DL,0,0,0,0
8,24,UL,0,0,0,0
8,25,DL,0,0,0,0
8,25,UL,0,0,0,0
8,26,DL,0,0,0,0
8,26,UL,0,0,0,0
8,27,DL,0,0,0,0
8,27,UL,0,0,0,0
8,28,DL,2.1302,0.0323927,0.0800934,1.66667
8,28,UL,0,0,0,0
8,29,DL,0,0,0,0
8,29,UL,0,0,0,0
8,30,DL,0,0,0,0
8,30,UL,0,0,0,0
8,31,DL,0,0,0,0
8,31,UL,0,0,0,0
8,32,DL,0,0,0,0
8,32,UL,0,0,0,0
8,33,DL,0,0,0,0
8,33,UL,0,0,0,0
8,34,DL,1.40477,0.0385497,0.198936,4.16667
8,34,UL,0,0,0,0
8,35,DL,0,0,0,0
8,35,UL,0,0,0,0
8,36,DL,0,0,0,0
8,36,UL,0,0,0,0
8,37,DL,0,0,0,0
8,37,UL,0,0,0,0
8,38,DL,0,0,0,0
8,38,UL,0,0,0,0
8,39,DL,0,0,0,0
8,39,UL,0,0,0,0
8,40,DL,0,0,0,0
8,40,UL,0,0,0,0
8,41,DL,0,0,0,0
8,41,UL,0,0,0,0
8,42,DL,2.93206,0.0617931,0.996227,21.0084
8,42,UL,0.00602885,7.344e-09,0.244141,100
8,43,DL,0,0,0,0
8,43,UL,0,0,0,0
8,44,DL,0,0,0,0
8,44,UL,0,0,0,0
8,45,DL,0,0,0,0
8,45,UL,0,0,0,0
8,46,DL,2.4437,0.0581174,0.67741,14.2857
8,46,UL,0,0,0,0
8,47,DL,0,0,0,0
8,47,UL,0,0,0,0
8,48,DL,0,0,0,0
8,48,UL,0,0,0,0
8,49,DL,0,0,0,0
8,49,UL,0,0,0,0
8,50,DL,0,0,0,0
8,50,UL,0,0,0,0
8,51,DL,2.90877,0.0316436,1.63327,34.1667
8,51,UL,0.00602913,1.4144e-08,0.244141,100
8,52,DL,0,0,0,0
8,52,UL,0,0,0,0
8,53,DL,0,0,0,0
8,53,UL,0,0,0,0
8,54,DL,0,0,0,0
8,54,UL,0,0,0,0
8,55,DL,0,0,0,0
8,55,UL,0,0,0,0
8,56,DL,0,0,0,0
8,56,UL,0,0,0,0
8,57,DL,0,0,0,0
8,57,UL,0,0,0,0
8,58,DL,0,0,0,0
8,58,UL,0,0,0,0
8,59,DL,0,0,0,0
8,59,UL,0,0,0,0
8,60,DL,0,0,0,0
8,60,UL,0,0,0,0
8,61,DL,1.57315,0.0318067,0.836937,17.5
8,61,UL,0,0,0,0
8,62,DL,0,0,0,0
8,62,UL,0,0,0,0
8,63,DL,0,0,0,0
8,63,UL,0,0,0,0
8,64,DL,0,0,0,0
8,64,UL,0,0,0,0
8,65,DL,0,0,0,0
8,65,UL,0,0,0,0
8,66,DL,0,0,0,0
8,66,UL,0,0,0,0
8,67,DL,0,0,0,0
8,67,UL,0,0,0,0
8,68,DL,2.82252,0.041832,0.717113,14.876
8,68,UL,0,0,0,0
8,69,DL,0,0,0,0
8,69,UL,0,0,0,0
8,70,DL,0,0,0,0
8,70,UL,0,0,0,0
8,71,DL,0,0,0,0
8,71,UL,0,0,0,0
8,72,DL,0,0,0,0
8,72,UL,0,0,0,0
8,73,DL,0,0,0,0
8,73,UL,0,0,0,0
8,74,DL,0,0,0,0
8,74,UL,0,0,0,0
8,75,DL,0,0,0,0
8,75,UL,0,0,0,0
8,76,DL,0,0,0,0
8,76,UL,0,0,0,0
8,77,DL,0,0,0,0
8,77,UL,0.0377533,0.00717236,0.0141602,5.8
8,78,DL,0,0,0,0
8,78,UL,0,0,0,0
8,79,DL,2.67443,0.0176355,0.477451,10
8,79,UL,0,0,0,0
8,80,DL,0,0,0,0
8,80,UL,0,0,0,0
8,81,DL,0,0,0,0
8,81,UL,0,0,0,0
8,82,DL,0,0,0,0
8,82,UL,0,0,0,0
8,83,DL,0,0,0,0
8,83,UL,0,0,0,0
8,84,DL,0,0,0,0
8,84,UL,0,0,0,0
8,85,DL,0,0,0,0
8,85,UL,0.00612176,9.64326e-05,0.23291,95.4
8,86,DL,0,0,0,0
8,86,UL,0,0,0,0
8,87,DL,0,0,0,0
8,87,UL,0,0,0,0
8,88,DL,0,0,0,0
8,88,UL,0,0,0,0
8,89,DL,0,0,0,0
8,89,UL,0,0,0,0
8,90,DL,0,0,0,0
8,90,UL,0,0,0,0
8,91,DL,2.94147,0.0619016,0.997063,20.6612
8,91,UL,0.00602939,1.4688e-08,0.244141,100
8,92,DL,0,0,0,0
8,92,UL,0,0,0,0
8,93,DL,0,0,0,0
8,93,UL,0,0,0,0
8,94,DL,0,0,0,0
8,94,UL,0,0,0,0
8,95,DL,0,0,0,0
8,95,UL,0,0,0,0
8,96,DL,3.61858,0.406618,0.581486,12.605
8,96,UL,0,0,0,0
8,97,DL,2.19014,0.0525699,1.15562,24.3697
8,97,UL,0,0,0,0
8,98,DL,0,0,0,0
8,98,UL,0,0,0,0
8,99,DL,0,0,0,0
8,99,UL,0,0,0,0
8,100,DL,0,0,0,0
8,100,UL,0,0,0,0
8,101,DL,0,0,0,0
8,101,UL,0.00602899,7.616e-09,0.244141,100
8,102,DL,0,0,0,0
8,102,UL,0,0,0,0
8,103,DL,0,0,0,0
8,103,UL,0,0,0,0
8,104,DL,0,0,0,0
8,104,UL,0,0,0,0
8,105,DL,0,0,0,0
8,105,UL,0,0,0,0
8,106,DL,0,0,0,0
8,106,UL,0,0,0,0
8,107,DL,3.41563,0.0526258,1.15518,23.9669
8,107,UL,0,0,0,0
8,108,DL,0,0,0,0
8,108,UL,0,0,0,0
8,109,DL,0,0,0,0
8,109,UL,0,0,0,0
8,110,DL,0,0,0,0
8,110,UL,0,0,0,0
8,111,DL,0,0,0,0
8,111,UL,0,0,0,0
8,112,DL,0.291754,0.0370185,0.63784,13.4454
8,112,UL,0,0,0,0
8,113,DL,0,0,0,0
8,113,UL,0,0,0,0
8,114,DL,0,0,0,0
8,114,UL,0,0,0,0
10,0,DL,0,0,0,0
10,0,UL,0,0,0,0
10,1,DL,0,0,0,0
10,1,UL,0,0,0,0
10,2,DL,0,0,0,0
10,2,UL,0,0,0,0
10,3,DL,4.81805,0.0913074,0.956615,20
10,3,UL,0,0,0,0
10,4,DL,2.32619,0.0656604,0.995682,21.0084
10,4,UL,0,0,0,0
10,5,DL,0,0,0,0
10,5,UL,0,0,0,0
10,6,DL,0,0,0,0
10,6,UL,0,0,0,0
10,7,DL,0,0,0,0
10,7,UL,0,0,0,0
10,8,DL,3.3093,0.167695,0.716953,14.876
10,8,UL,0,0,0,0
10,9,DL,0,0,0,0
10,9,UL,0,0,0,0
10,10,DL,0,0,0,0
10,10,UL,0,0,0,0
10,11,DL,0,0,0,0
10,11,UL,0,0,0,0
10,12,DL,0,0,0,0
10,12,UL,0,0,0,0
10,13,DL,4.77356,0.0833831,1.03587,21.8487
10,13,UL,0,0,0,0
10,14,DL,0,0,0,0
10,14,UL,0,0,0,0
10,15,DL,0,0,0,0
10,15,UL,0,0,0,0
10,16,DL,0,0,0,0
10,16,UL,0,0,0,0
10,17,DL,0,0,0,0
10,17,UL,0,0,0,0
10,18,DL,0,0,0,0
10,18,UL,0,0,0,0
10,19,DL,0.852548,0.0164041,1.15529,24.3697
10,19,UL,0,0,0,0
10,20,DL,0,0,0,0
10,20,UL,0,0,0,0
10,21,DL,0,0,0,0
10,21,UL,0,0,0,0
10,22,DL,0,0,0,0
10,22,UL,0,0,0,0
10,23,DL,2.06151,0.0420617,1.35434,28.0992
10,23,UL,0,0,0,0
10,24,DL,0,0,0,0
10,24,UL,0,0,0,0
10,25,DL,0,0,0,0
10,25,UL,0,0,0,0
10,26,DL,0,0,0,0
10,26,UL,0,0,0,0
10,27,DL,5.42299,0.340898,0.517811,10.9244
10,27,UL,0,0,0,0
10,28,DL,0,0,0,0
10,28,UL,0,0,0,0
10,29,DL,0,0,0,0
10,29,UL,0,0,0,0
10,30,DL,0,0,0,0
10,30,UL,0,0,0,0
10,31,DL,1.0975,0.02389,0.358059,7.56303
10,31,UL,0,0,0,0
10,32,DL,0,0,0,0
10,32,UL,0,0,0,0
10,33,DL,0,0,0,0
10,33,UL,0,0,0,0
10,34,DL,0,0,0,0
10,34,UL,0,0,0,0
10,35,DL,0,0,0,0
10,35,UL,0,0,0,0
10,36,DL,0,0,0,0
10,36,UL,0,0,0,0
10,37,DL,0,0,0,0
10,37,UL,0,0,0,0
10,38,DL,0,0,0,0
10,38,UL,0,0,0,0
10,39,DL,0,0,0,0
10,39,UL,0,0,0,0
10,40,DL,0,0,0,0
10,40,UL,0,0,0,0
10,41,DL,0,0,0,0
10,41,UL,0,0,0,0
10,42,DL,4.50446,0.0630348,0.995625,20.8333
10,42,UL,0.00602885,3.264e-09,0.244141,100
10,43,DL,0,0,0,0
10,43,UL,0,0,0,0
10,44,DL,0,0,0,0
10,44,UL,0,0,0,0
10,45,DL,0,0,0,0
10,45,UL,0,0,0,0
10,46,DL,0,0,0,0
10,46,UL,0,0,0,0
10,47,DL,0,0,0,0
10,47,UL,0,0,0,0
10,48,DL,0,0,0,0
10,48,UL,0,0,0,0
10,49,DL,0,0,0,0
10,49,UL,0,0,0,0
10,50,DL,0,0,0,0
10,50,UL,0,0,0,0
10,51,DL,4.23594,0.0321571,1.67328,35
10,51,UL,0.00843403,0.00038477,0.243652,99.8
10,52,DL,0,0,0,0
10,52,UL,0,0,0,0
10,53,DL,0,0,0,0
10,53,UL,0,0,0,0
10,54,DL,0,0,0,0
10,54,UL,0,0,0,0
10,55,DL,0,0,0,0
10,55,UL,0,0,0,0
10,56,DL,0,0,0,0
10,56,UL,0,0,0,0
10,57,DL,0,0,0,0
10,57,UL,0,0,0,0
10,58,DL,0,0,0,0
10,58,UL,0,0,0,0
10,59,DL,0,0,0,0
10,59,UL,0,0,0,0
10,60,DL,0,0,0,0
10,60,UL,0,0,0,0
10,61,DL,3.21242,0.0495351,1.59454,33.6134
10,61,UL,0,0,0,0
10,62,DL,0,0,0,0
10,62,UL,0,0,0,0
10,63,DL,0,0,0,0
10,63,UL,0,0,0,0
10,64,DL,0,0,0,0
10,64,UL,0,0,0,0
10,65,DL,0,0,0,0
10,65,UL,0,0,0,0
10,66,DL,0,0,0,0
10,66,UL,0,0,0,0
10,67,DL,0,0,0,0
10,67,UL,0,0,0,0
10,68,DL,4.65439,0.069368,1.23506,25.8333
10,68,UL,0,0,0,0
10,69,DL,0,0,0,0
10,69,UL,0,0,0,0
10,70,DL,0,0,0,0
10,70,UL,0,0,0,0
10,71,DL,0,0,0,0
10,71,UL,0,0,0,0
10,72,DL,0,0,0,0
10,72,UL,0,0,0,0
10,73,DL,0,0,0,0
10,73,UL,0,0,0,0
10,74,DL,0,0,0,0
10,74,UL,0,0,0,0
10,75,DL,0,0,0,0
10,75,UL,0,0,0,0
10,76,DL,3.81953,0.263484,0.756954,15.8333
10,76,UL,0,0,0,0
10,77,DL,0,0,0,0
10,77,UL,0,0,0,0
10,78,DL,0,0,0,0
10,78,UL,0,0,0,0
10,79,DL,0,0,0,0
10,79,UL,0,0,0,0
10,80,DL,0,0,0,0
10,80,UL,0,0,0,0
10,81,DL,0,0,0,0
10,81,UL,0,0,0,0
10,82,DL,0,0,0,0
10,82,UL,0,0,0,0
10,83,DL,0,0,0,0
10,83,UL,0,0,0,0
10,84,DL,0,0,0,0
10,84,UL,0,0,0,0
10,85,DL,0,0,0,0
10,85,UL,0.0111604,0.00114627,0.123535,50.6
10,86,DL,0,0,0,0
10,86,UL,0,0,0,0
10,87,DL,0,0,0,0
10,87,UL,0,0,0,0
10,88,DL,0,0,0,0
10,88,UL,0,0,0,0
10,89,DL,0.325348,0.0464279,0.557743,11.8644
10,89,UL,0.0334257,0.00252338,0.229492,94
10,90,DL,0,0,0,0
10,90,UL,0,0,0,0
10,91,DL,4.52195,0.0629461,0.996384,21.0084
10,91,UL,0.00602925,3.264e-09,0.244141,100
10,92,DL,0,0,0,0
10,92,UL,0,0,0,0
10,93,DL,0,0,0,0
10,93,UL,0,0,0,0
10,94,DL,0,0,0,0
10,94,UL,0,0,0,0
10,95,DL,0,0,0,0
10,95,UL,0,0,0,0
10,96,DL,0,0,0,0
10,96,UL,0,0,0,0
10,97,DL,4.12552,0.116688,0.517681,10.8333
10,97,UL,0,0,0,0
10,98,DL,0,0,0,0
10,98,UL,0,0,0,0
10,99,DL,0,0,0,0
10,99,UL,0,0,0,0
10,100,DL,0,0,0,0
10,100,UL,0,0,0,0
10,101,DL,4.60707,1.17303,0.119846,2.5
10,101,UL,0.00602898,6.528e-09,0.244141,100
10,102,DL,0,0,0,0
10,102,UL,0,0,0,0
10,103,DL,0,0,0,0
10,103,UL,0,0,0,0
10,104,DL,0,0,0,0
10,104,UL,0,0,0,0
10,105,DL,0,0,0,0
10,105,UL,0,0,0,0
10,106,DL,0,0,0,0
10,106,UL,0,0,0,0
10,107,DL,5.50995,0.196068,0.319153,6.72269
10,107,UL,0,0,0,0
10,108,DL,0,0,0,0
10,108,UL,0,0,0,0
10,109,DL,0,0,0,0
10,109,UL,0,0,0,0
10,110,DL,0,0,0,0
10,110,UL,0,0,0,0
10,111,DL,0,0,0,0
10,111,UL,0,0,0,0
10,112,DL,0,0,0,0
10,112,UL,0,0,0,0
10,113,DL,0,0,0,0
10,113,UL,0,0,0,0
10,114,DL,0,0,0,0
10,114,UL,0,0,0,0
12,0,DL,0,0,0,0
12,0,UL,0,0,0,0
12,1,DL,0,0,0,0
12,1,UL,0,0,0,0
12,2,DL,0,0,0,0
12,2,UL,0,0,0,0
12,3,DL,6.07811,0.05201,1.15538,24.1667
12,3,UL,0,0,0,0
12,4,DL,3.49025,0.0623967,0.477665,10
12,4,UL,0,0,0,0
12,5,DL,0,0,0,0
12,5,UL,0,0,0,0
12,6,DL,0,0,0,0
12,6,UL,0,0,0,0
12,7,DL,0,0,0,0
12,7,UL,0,0,0,0
12,8,DL,3.60888,0.0120541,1.39261,29.4118
12,8,UL,0,0,0,0
12,9,DL,0,0,0,0
12,9,UL,0,0,0,0
12,10,DL,0,0,0,0
12,10,UL,0,0,0,0
12,11,DL,0,0,0,0
12,11,UL,0,0,0,0
12,12,DL,0,0,0,0
12,12,UL,0,0,0,0
12,13,DL,5.71128,0.0515433,0.596996,12.3967
12,13,UL,0,0,0,0
12,14,DL,0,0,0,0
12,14,UL,0,0,0,0
12,15,DL,0,0,0,0
12,15,UL,0,0,0,0
12,16,DL,0,0,0,0
12,16,UL,0,0,0,0
12,17,DL,0,0,0,0
12,17,UL,0,0,0,0
12,18,DL,0,0,0,0
12,18,UL,0,0,0,0
12,19,DL,0,0,0,0
12,19,UL,0,0,0,0
12,20,DL,0,0,0,0
12,20,UL,0.00620523,0.000183995,0.12207,50
12,21,DL,0,0,0,0
12,21,UL,0,0,0,0
12,22,DL,0,0,0,0
12,22,UL,0,0,0,0
12,23,DL,3.87786,0.0898311,0.638714,13.4454
12,23,UL,0,0,0,0
12,24,DL,0,0,0,0
12,24,UL,0,0,0,0
12,25,DL,0,0,0,0
12,25,UL,0,0,0,0
12,26,DL,0,0,0,0
12,26,UL,0,0,0,0
12,27,DL,6.10523,0.0529202,0.596333,12.5
12,27,UL,0,0,0,0
12,28,DL,0,0,0,0
12,28,UL,0,0,0,0
12,29,DL,0,0,0,0
12,29,UL,0,0,0,0
12,30,DL,0,0,0,0
12,30,UL,0,0,0,0
12,31,DL,1.56119,0.0315305,0.835949,17.5
12,31,UL,0,0,0,0
12,32,DL,0,0,0,0
12,32,UL,0,0,0,0
12,33,DL,0,0,0,0
12,33,UL,0,0,0,0
12,34,DL,0,0,0,0
12,34,UL,0,0,0,0
12,35,DL,0,0,0,0
12,35,UL,0,0,0,0
12,36,DL,0,0,0,0
12,36,UL,0,0,0,0
12,37,DL,0,0,0,0
12,37,UL,0,0,0,0
12,38,DL,0,0,0,0
12,38,UL,0,0,0,0
12,39,DL,0,0,0,0
12,39,UL,0,0,0,0
12,40,DL,0,0,0,0
12,40,UL,0,0,0,0
12,41,DL,0,0,0,0
12,41,UL,0,0,0,0
12,42,DL,6.11113,0.0628379,1.0352,21.4876
12,42,UL,0.00602885,2.72e-09,0.244141,100
12,43,DL,0,0,0,0
12,43,UL,0,0,0,0
12,44,DL,0,0,0,0
12,44,UL,0,0,0,0
12,45,DL,0,0,0,0
12,45,UL,0,0,0,0
12,46,DL,0,0,0,0
12,46,UL,0,0,0,0
12,47,DL,0,0,0,0
12,47,UL,0,0,0,0
12,48,DL,0,0,0,0
12,48,UL,0,0,0,0
12,49,DL,0,0,0,0
12,49,UL,0,0,0,0
12,50,DL,0,0,0,0
12,50,UL,0,0,0,0
12,51,DL,5.27296,0.0422717,0.676712,14.2857
12,51,UL,0.00602912,2.176e-09,0.244141,100
12,52,DL,0,0,0,0
12,52,UL,0,0,0,0
12,53,DL,0,0,0,0
12,53,UL,0,0,0,0
12,54,DL,0,0,0,0
12,54,UL,0,0,0,0
12,55,DL,0,0,0,0
12,55,UL,0,0,0,0
12,56,DL,0,0,0,0
12,56,UL,0,0,0,0
12,57,DL,0,0,0,0
12,57,UL,0,0,0,0
12,58,DL,0,0,0,0
12,58,UL,0,0,0,0
12,59,DL,0,0,0,0
12,59,UL,0,0,0,0
12,60,DL,0,0,0,0
12,60,UL,0,0,0,0
12,61,DL,4.56583,0.0420364,1.35656,28.5714
12,61,UL,0,0,0,0
12,62,DL,0,0,0,0
12,62,UL,0,0,0,0
12,63,DL,0,0,0,0
12,63,UL,0,0,0,0
12,64,DL,0,0,0,0
12,64,UL,0,0,0,0
12,65,DL,0,0,0,0
12,65,UL,0,0,0,0
12,66,DL,0,0,0,0
12,66,UL,0,0,0,0
12,67,DL,0,0,0,0
12,67,UL,0,0,0,0
12,68,DL,5.32214,0.0429038,0.0397911,0.840336
12,68,UL,0,0,0,0
12,69,DL,0,0,0,0
12,69,UL,0,0,0,0
12,70,DL,0,0,0,0
12,70,UL,0,0,0,0
12,71,DL,0,0,0,0
12,71,UL,0,0,0,0
12,72,DL,0,0,0,0
12,72,UL,0,0,0,0
12,73,DL,0,0,0,0
12,73,UL,0,0,0,0
12,74,DL,0,0,0,0
12,74,UL,0,0,0,0
12,75,DL,0,0,0,0
12,75,UL,0,0,0,0
12,76,DL,5.40472,0.0532779,1.5146,31.6667
12,76,UL,0,0,0,0
12,77,DL,6.35023,0.74162,0.318249,6.66667
12,77,UL,0,0,0,0
12,78,DL,0,0,0,0
12,78,UL,0,0,0,0
12,79,DL,0,0,0,0
12,79,UL,0,0,0,0
12,80,DL,0,0,0,0
12,80,UL,0,0,0,0
12,81,DL,0,0,0,0
12,81,UL,0,0,0,0
12,82,DL,0,0,0,0
12,82,UL,0,0,0,0
12,83,DL,0,0,0,0
12,83,UL,0,0,0,0
12,84,DL,0,0,0,0
12,84,UL,0,0,0,0
12,85,DL,0,0,0,0
12,85,UL,0,0,0,0
12,86,DL,0,0,0,0
12,86,UL,0,0,0,0
12,87,DL,0,0,0,0
12,87,UL,0,0,0,0
12,88,DL,0,0,0,0
12,88,UL,0,0,0,0
12,89,DL,2.02096,0.220105,0.279263,5.83333
12,89,UL,0.0554843,0.0071817,0.0107422,4.4
12,90,DL,0,0,0,0
12,90,UL,0,0,0,0
12,91,DL,6.12222,0.0629372,1.03572,21.4876
12,91,UL,0.00602932,5.44e-09,0.244141,100
12,92,DL,0.275579,0.157779,0.159172,3.36134
12,92,UL,0,0,0,0
12,93,DL,0,0,0,0
12,93,UL,0,0,0,0
12,94,DL,0,0,0,0
12,94,UL,0,0,0,0
12,95,DL,0,0,0,0
12,95,UL,0,0,0,0
12,96,DL,0,0,0,0
12,96,UL,0,0,0,0
12,97,DL,5.23135,0.0525632,1.15532,24.1667
12,97,UL,0,0,0,0
12,98,DL,0,0,0,0
12,98,UL,0,0,0,0
12,99,DL,0,0,0,0
12,99,UL,0,0,0,0
12,100,DL,0,0,0,0
12,100,UL,0,0,0,0
12,101,DL,0,0,0,0
12,101,UL,0.00602898,1.632e-09,0.244141,100
12,102,DL,0,0,0,0
12,102,UL,0,0,0,0
12,103,DL,0,0,0,0
12,103,UL,0,0,0,0
12,104,DL,0,0,0,0
12,104,UL,0,0,0,0
12,105,DL,0,0,0,0
12,105,UL,0,0,0,0
12,106,DL,0,0,0,0
12,106,UL,0,0,0,0
12,107,DL,6.10307,0.0521999,0.597786,12.3967
12,107,UL,0,0,0,0
12,108,DL,0,0,0,0
12,108,UL,0,0,0,0
12,109,DL,0,0,0,0
12,109,UL,0,0,0,0
12,110,DL,0,0,0,0
12,110,UL,0,0,0,0
12,111,DL,0,0,0,0
12,111,UL,0,0,0,0
12,112,DL,0,0,0,0
12,112,UL,0,0,0,0
12,113,DL,0,0,0,0
12,113,UL,0,0,0,0
12,114,DL,0,0,0,0
12,114,UL,0,0,0,0
14,0,DL,0,0,0,0
14,0,UL,0,0,0,0
14,1,DL,0,0,0,0
14,1,UL,0,0,0,0
14,2,DL,0,0,0,0
14,2,UL,0,0,0,0
14,3,DL,7.22963,0.0523935,0.597374,12.3967
14,3,UL,0,0,0,0
14,4,DL,0,0,0,0
14,4,UL,0,0,0,0
14,5,DL,0,0,0,0
14,5,UL,0,0,0,0
14,6,DL,0,0,0,0
14,6,UL,0,0,0,0
14,7,DL,0,0,0,0
14,7,UL,0,0,0,0
14,8,DL,4.53381,0.0403712,0.995537,20.8333
14,8,UL,0,0,0,0
14,9,DL,0,0,0,0
14,9,UL,0,0,0,0
14,10,DL,0,0,0,0
14,10,UL,0,0,0,0
14,11,DL,0,0,0,0
14,11,UL,0,0,0,0
14,12,DL,0,0,0,0
14,12,UL,0,0,0,0
14,13,DL,7.83825,0.112952,0.797146,16.6667
14,13,UL,0,0,0,0
14,14,DL,0,0,0,0
14,14,UL,0,0,0,0
14,15,DL,0,0,0,0
14,15,UL,0,0,0,0
14,16,DL,0,0,0,0
14,16,UL,0,0,0,0
14,17,DL,0,0,0,0
14,17,UL,0,0,0,0
14,18,DL,0,0,0,0
14,18,UL,0,0,0,0
14,19,DL,0,0,0,0
14,19,UL,0,0,0,0
14,20,DL,0,0,0,0
14,20,UL,0,0,0,0
14,21,DL,0.770099,0.0694409,0.876751,18.3333
14,21,UL,0.00620549,0.00018402,0.12207,50
14,22,DL,0,0,0,0
14,22,UL,0,0,0,0
14,23,DL,4.57114,0.041879,0.677711,14.1667
14,23,UL,0,0,0,0
14,24,DL,0,0,0,0
14,24,UL,0,0,0,0
14,25,DL,0,0,0,0
14,25,UL,0,0,0,0
14,26,DL,0,0,0,0
14,26,UL,0,0,0,0
14,27,DL,0,0,0,0
14,27,UL,0,0,0,0
14,28,DL,0,0,0,0
14,28,UL,0,0,0,0
14,29,DL,0,0,0,0
14,29,UL,0,0,0,0
14,30,DL,0,0,0,0
14,30,UL,0,0,0,0
14,31,DL,0,0,0,0
14,31,UL,0,0,0,0
14,32,DL,0,0,0,0
14,32,UL,0,0,0,0
14,33,DL,0,0,0,0
14,33,UL,0,0,0,0
14,34,DL,0,0,0,0
14,34,UL,0,0,0,0
14,35,DL,0,0,0,0
14,35,UL,0,0,0,0
14,36,DL,0,0,0,0
14,36,UL,0,0,0,0
14,37,DL,0,0,0,0
14,37,UL,0,0,0,0
14,38,DL,0,0,0,0
14,38,UL,0,0,0,0
14,39,DL,0,0,0,0
14,39,UL,0,0,0,0
14,40,DL,0,0,0,0
14,40,UL,0,0,0,0
14,41,DL,0,0,0,0
14,41,UL,0,0,0,0
14,42,DL,7.71881,0.0630316,0.996437,20.8333
14,42,UL,0.00602885,5.44e-09,0.244141,100
14,43,DL,0,0,0,0
14,43,UL,0,0,0,0
14,44,DL,0,0,0,0
14,44,UL,0,0,0,0
14,45,DL,0,0,0,0
14,45,UL,0,0,0,0
14,46,DL,0,0,0,0
14,46,UL,0,0,0,0
14,47,DL,0,0,0,0
14,47,UL,0,0,0,0
14,48,DL,0,0,0,0
14,48,UL,0,0,0,0
14,49,DL,0,0,0,0
14,49,UL,0,0,0,0
14,50,DL,0,0,0,0
14,50,UL,0,0,0,0
14,51,DL,7.17672,0.0746774,1.1554,23.9669
14,51,UL,0.00602899,5.712e-09,0.244141,100
14,52,DL,0,0,0,0
14,52,UL,0,0,0,0
14,53,DL,0,0,0,0
14,53,UL,0,0,0,0
14,54,DL,0,0,0,0
14,54,UL,0,0,0,0
14,55,DL,0,0,0,0
14,55,UL,0,0,0,0
14,56,DL,0,0,0,0
14,56,UL,0,0,0,0
14,57,DL,0,0,0,0
14,57,UL,0,0,0,0
14,58,DL,0,0,0,0
14,58,UL,0,0,0,0
14,59,DL,0,0,0,0
14,59,UL,0,0,0,0
14,60,DL,0,0,0,0
14,60,UL,0,0,0,0
14,61,DL,6.59524,0.211347,0.2794,5.83333
14,61,UL,0,0,0,0
14,62,DL,0,0,0,0
14,62,UL,0,0,0,0
14,63,DL,0,0,0,0
14,63,UL,0,0,0,0
14,64,DL,0,0,0,0
14,64,UL,0,0,0,0
14,65,DL,0,0,0,0
14,65,UL,0,0,0,0
14,66,DL,0,0,0,0
14,66,UL,0,0,0,0
14,67,DL,0,0,0,0
14,67,UL,0,0,0,0
14,68,DL,0,0,0,0
14,68,UL,0,0,0,0
14,69,DL,0,0,0,0
14,69,UL,0,0,0,0
14,70,DL,0,0,0,0
14,70,UL,0,0,0,0
14,71,DL,0,0,0,0
14,71,UL,0,0,0,0
14,72,DL,0,0,0,0
14,72,UL,0,0,0,0
14,73,DL,0,0,0,0
14,73,UL,0,0,0,0
14,74,DL,0,0,0,0
14,74,UL,0,0,0,0
14,75,DL,0,0,0,0
14,75,UL,0,0,0,0
14,76,DL,0,0,0,0
14,76,UL,0,0,0,0
14,77,DL,7.78259,0.165923,0.358593,7.5
14,77,UL,0,0,0,0
14,78,DL,0,0,0,0
14,78,UL,0,0,0,0
14,79,DL,0,0,0,0
14,79,UL,0,0,0,0
14,80,DL,0,0,0,0
14,80,UL,0,0,0,0
14,81,DL,0,0,0,0
14,81,UL,0,0,0,0
14,82,DL,0,0,0,0
14,82,UL,0,0,0,0
14,83,DL,0,0,0,0
14,83,UL,0,0,0,0
14,84,DL,0,0,0,0
14,84,UL,0,0,0,0
14,85,DL,0,0,0,0
14,85,UL,0,0,0,0
14,86,DL,0,0,0,0
14,86,UL,0,0,0,0
14,87,DL,0,0,0,0
14,87,UL,0,0,0,0
14,88,DL,0,0,0,0
14,88,UL,0,0,0,0
14,89,DL,0,0,0,0
14,89,UL,0,0,0,0
14,90,DL,0,0,0,0
14,90,UL,0,0,0,0
14,91,DL,7.7332,0.0631568,0.99548,20.8333
14,91,UL,0.00602932,1.1424e-08,0.244141,100
14,92,DL,0,0,0,0
14,92,UL,0,0,0,0
14,93,DL,0,0,0,0
14,93,UL,0,0,0,0
14,94,DL,0,0,0,0
14,94,UL,0,0,0,0
14,95,DL,0,0,0,0
14,95,UL,0,0,0,0
14,96,DL,0,0,0,0
14,96,UL,0,0,0,0
14,97,DL,6.75261,0.0524886,1.15527,23.9669
14,97,UL,0,0,0,0
14,98,DL,0,0,0,0
14,98,UL,0,0,0,0
14,99,DL,0,0,0,0
14,99,UL,0,0,0,0
14,100,DL,0,0,0,0
14,100,UL,0,0,0,0
14,101,DL,0,0,0,0
14,101,UL,0.00843401,0.00038477,0.243652,99.8
14,102,DL,0,0,0,0
14,102,UL,0,0,0,0
14,103,DL,0,0,0,0
14,103,UL,0,0,0,0
14,104,DL,0,0,0,0
14,104,UL,0.00620524,0.000183992,0.12207,50
14,105,DL,0,0,0,0
14,105,UL,0,0,0,0
14,106,DL,0,0,0,0
14,106,UL,0,0,0,0
14,107,DL,7.76292,0.152507,0.398537,8.40336
14,107,UL,0,0,0,0
14,108,DL,0,0,0,0
14,108,UL,0,0,0,0
14,109,DL,0,0,0,0
14,109,UL,0,0,0,0
14,110,DL,0,0,0,0
14,110,UL,0,0,0,0
14,111,DL,0,0,0,0
14,111,UL,0,0,0,0
14,112,DL,5.16907,1.16608,0.15955,3.30579
14,112,UL,0,0,0,0
14,113,DL,0,0,0,0
14,113,UL,0,0,0,0
14,114,DL,0,0,0,0
14,114,UL,0,0,0,0
16,0,DL,0,0,0,0
16,0,UL,0,0,0,0
16,1,DL,0,0,0,0
16,1,UL,0,0,0,0
16,2,DL,0,0,0,0
16,2,UL,0,0,0,0
16,3,DL,9.36078,0.113107,0.796227,16.6667
16,3,UL,0,0,0,0
16,4,DL,7.58854,0.4981,0.318504,6.66667
16,4,UL,0,0,0,0
16,5,DL,0,0,0,0
16,5,UL,0,0,0,0
16,6,DL,0,0,0,0
16,6,UL,0,0,0,0
16,7,DL,0,0,0,0
16,7,UL,0,0,0,0
16,8,DL,0,0,0,0
16,8,UL,0,0,0,0
16,9,DL,0,0,0,0
16,9,UL,0,0,0,0
16,10,DL,0,0,0,0
16,10,UL,0,0,0,0
16,11,DL,0,0,0,0
16,11,UL,0,0,0,0
16,12,DL,0,0,0,0
16,12,UL,0,0,0,0
16,13,DL,9.12773,0.0525035,1.1557,24.1667
16,13,UL,0,0,0,0
16,14,DL,0,0,0,0
16,14,UL,0,0,0,0
16,15,DL,0,0,0,0
16,15,UL,0,0,0,0
16,16,DL,0,0,0,0
16,16,UL,0,0,0,0
16,17,DL,0,0,0,0
16,17,UL,0,0,0,0
16,18,DL,0,0,0,0
16,18,UL,0,0,0,0
16,19,DL,0,0,0,0
16,19,UL,0,0,0,0
16,20,DL,0,0,0,0
16,20,UL,0,0,0,0
16,21,DL,3.06393,0.53616,0.119556,2.5
16,21,UL,0,0,0,0
16,22,DL,0,0,0,0
16,22,UL,0,0,0,0
16,23,DL,6.75398,0.135433,0.63689,13.3333
16,23,UL,0,0,0,0
16,24,DL,0,0,0,0
16,24,UL,0,0,0,0
16,25,DL,0,0,0,0
16,25,UL,0,0,0,0
16,26,DL,0,0,0,0
16,26,UL,0,0,0,0
16,27,DL,0,0,0,0
16,27,UL,0,0,0,0
16,28,DL,0,0,0,0
16,28,UL,0,0,0,0
16,29,DL,0,0,0,0
16,29,UL,0,0,0,0
16,30,DL,0,0,0,0
16,30,UL,0,0,0,0
16,31,DL,0,0,0,0
16,31,UL,0,0,0,0
16,32,DL,0,0,0,0
16,32,UL,0,0,0,0
16,33,DL,0,0,0,0
16,33,UL,0,0,0,0
16,34,DL,0,0,0,0
16,34,UL,0,0,0,0
16,35,DL,0,0,0,0
16,35,UL,0,0,0,0
16,36,DL,0,0,0,0
16,36,UL,0,0,0,0
16,37,DL,1.6395,0.00554938,0.756744,15.8333
16,37,UL,0,0,0,0
16,38,DL,0,0,0,0
16,38,UL,0,0,0,0
16,39,DL,0,0,0,0
16,39,UL,0,0,0,0
16,40,DL,0,0,0,0
16,40,UL,0,0,0,0
16,41,DL,0,0,0,0
16,41,UL,0,0,0,0
16,42,DL,9.29459,0.0631385,0.996361,20.6612
16,42,UL,0.00602885,5.44e-10,0.244141,100
16,43,DL,0.349904,0.0750338,0.359138,7.5
16,43,UL,0,0,0,0
16,44,DL,0,0,0,0
16,44,UL,0,0,0,0
16,45,DL,0,0,0,0
16,45,UL,0,0,0,0
16,46,DL,0,0,0,0
16,46,UL,0,0,0,0
16,47,DL,0,0,0,0
16,47,UL,0,0,0,0
16,48,DL,0,0,0,0
16,48,UL,0,0,0,0
16,49,DL,0,0,0,0
16,49,UL,0,0,0,0
16,50,DL,0,0,0,0
16,50,UL,0,0,0,0
16,51,DL,8.50079,0.0419508,1.35447,28.5714
16,51,UL,0.025629,0.0196,0.00244141,1
16,52,DL,0,0,0,0
16,52,UL,0,0,0,0
16,53,DL,0,0,0,0
16,53,UL,0,0,0,0
16,54,DL,0,0,0,0
16,54,UL,0,0,0,0
16,55,DL,2.32634,0.0383099,0.875797,18.3333
16,55,UL,0,0,0,0
16,56,DL,0,0,0,0
16,56,UL,0,0,0,0
16,57,DL,0,0,0,0
16,57,UL,0,0,0,0
16,58,DL,0,0,0,0
16,58,UL,0,0,0,0
16,59,DL,0,0,0,0
16,59,UL,0,0,0,0
16,60,DL,0,0,0,0
16,60,UL,0,0,0,0
16,61,DL,7.44388,0.0419461,1.35533,28.0992
16,61,UL,0,0,0,0
16,62,DL,0,0,0,0
16,62,UL,0,0,0,0
16,63,DL,0,0,0,0
16,63,UL,0,0,0,0
16,64,DL,0,0,0,0
16,64,UL,0,0,0,0
16,65,DL,0,0,0,0
16,65,UL,0,0,0,0
16,66,DL,0,0,0,0
16,66,UL,0,0,0,0
16,67,DL,0,0,0,0
16,67,UL,0,0,0,0
16,68,DL,9.56657,0.409401,0.437889,9.09091
16,68,UL,0,0,0,0
16,69,DL,0,0,0,0
16,69,UL,0,0,0,0
16,70,DL,0,0,0,0
16,70,UL,0,0,0,0
16,71,DL,0,0,0,0
16,71,UL,0,0,0,0
16,72,DL,0,0,0,0
16,72,UL,0,0,0,0
16,73,DL,0,0,0,0
16,73,UL,0,0,0,0
16,74,DL,0,0,0,0
16,74,UL,0,0,0,0
16,75,DL,0,0,0,0
16,75,UL,0,0,0,0
16,76,DL,0,0,0,0
16,76,UL,0,0,0,0
16,77,DL,0,0,0,0
16,77,UL,0,0,0,0
16,78,DL,0,0,0,0
16,78,UL,0,0,0,0
16,79,DL,0,0,0,0
16,79,UL,0,0,0,0
16,80,DL,0,0,0,0
16,80,UL,0,0,0,0
16,81,DL,0,0,0,0
16,81,UL,0,0,0,0
16,82,DL,0,0,0,0
16,82,UL,0,0,0,0
16,83,DL,0,0,0,0
16,83,UL,0,0,0,0
16,84,DL,0,0,0,0
16,84,UL,0,0,0,0
16,85,DL,0,0,0,0
16,85,UL,0,0,0,0
16,86,DL,0,0,0,0
16,86,UL,0,0,0,0
16,87,DL,0,0,0,0
16,87,UL,0,0,0,0
16,88,DL,0,0,0,0
16,88,UL,0,0,0,0
16,89,DL,0,0,0,0
16,89,UL,0,0,0,0
16,90,DL,0,0,0,0
16,90,UL,0,0,0,0
16,91,DL,9.30665,0.0629853,0.99749,20.8333
16,91,UL,0.00602912,2.72e-10,0.244141,100
16,92,DL,0,0,0,0
16,92,UL,0,0,0,0
16,93,DL,0,0,0,0
16,93,UL,0,0,0,0
16,94,DL,0,0,0,0
16,94,UL,0,0,0,0
16,95,DL,0,0,0,0
16,95,UL,0,0,0,0
16,96,DL,0,0,0,0
16,96,UL,0,0,0,0
16,97,DL,8.27533,0.0526589,1.15552,24.1667
16,97,UL,0,0,0,0
16,98,DL,0,0,0,0
16,98,UL,0,0,0,0
16,99,DL,0,0,0,0
16,99,UL,0,0,0,0
16,100,DL,0,0,0,0
16,100,UL,0,0,0,0
16,101,DL,0,0,0,0
16,101,UL,0.00602898,8.16e-10,0.244141,100
16,102,DL,0,0,0,0
16,102,UL,0,0,0,0
16,103,DL,0,0,0,0
16,103,UL,0,0,0,0
16,104,DL,0,0,0,0
16,104,UL,0,0,0,0
16,105,DL,0,0,0,0
16,105,UL,0,0,0,0
16,106,DL,0,0,0,0
16,106,UL,0,0,0,0
16,107,DL,9.28886,0.155282,0.398479,8.33333
16,107,UL,0,0,0,0
16,108,DL,0,0,0,0
16,108,UL,0,0,0,0
16,109,DL,0,0,0,0
16,109,UL,0,0,0,0
16,110,DL,0,0,0,0
16,110,UL,0,0,0,0
16,111,DL,0,0,0,0
16,111,UL,0,0,0,0
16,112,DL,0,0,0,0
16,112,UL,0,0,0,0
16,113,DL,0,0,0,0
16,113,UL,0,0,0,0
16,114,DL,0,0,0,0
16,114,UL,0,0,0,0
18,0,DL,0,0,0,0
18,0,UL,0,0,0,0
18,1,DL,0,0,0,0
18,1,UL,0,0,0,0
18,2,DL,0,0,0,0
18,2,UL,0,0,0,0
18,3,DL,0,0,0,0
18,3,UL,0,0,0,0
18,4,DL,8.6142,0.0630347,0.997791,20.8333
18,4,UL,0,0,0,0
18,5,DL,0,0,0,0
18,5,UL,0,0,0,0
18,6,DL,0,0,0,0
18,6,UL,0,0,0,0
18,7,DL,0,0,0,0
18,7,UL,0,0,0,0
18,8,DL,0,0,0,0
18,8,UL,0,0,0,0
18,9,DL,0,0,0,0
18,9,UL,0,0,0,0
18,10,DL,0,0,0,0
18,10,UL,0,0,0,0
18,11,DL,0,0,0,0
18,11,UL,0,0,0,0
18,12,DL,0,0,0,0
18,12,UL,0,0,0,0
18,13,DL,10.283,0.0528146,0.597797,12.5
18,13,UL,0,0,0,0
18,14,DL,0,0,0,0
18,14,UL,0,0,0,0
18,15,DL,0,0,0,0
18,15,UL,0,0,0,0
18,16,DL,0,0,0,0
18,16,UL,0,0,0,0
18,17,DL,0,0,0,0
18,17,UL,0,0,0,0
18,18,DL,0,0,0,0
18,18,UL,0,0,0,0
18,19,DL,0,0,0,0
18,19,UL,0,0,0,0
18,20,DL,0,0,0,0
18,20,UL,0,0,0,0
18,21,DL,3.61536,0.0848922,0.398895,8.40336
18,21,UL,0,0,0,0
18,22,DL,0,0,0,0
18,22,UL,0,0,0,0
18,23,DL,7.45202,0.0421087,0.677666,14.4068
18,23,UL,0,0,0,0
18,24,DL,0,0,0,0
18,24,UL,0,0,0,0
18,25,DL,0,0,0,0
18,25,UL,0,0,0,0
18,26,DL,0,0,0,0
18,26,UL,0,0,0,0
18,27,DL,0,0,0,0
18,27,UL,0,0,0,0
18,28,DL,0,0,0,0
18,28,UL,0,0,0,0
18,29,DL,0,0,0,0
18,29,UL,0,0,0,0
18,30,DL,0,0,0,0
18,30,UL,0,0,0,0
18,31,DL,0,0,0,0
18,31,UL,0,0,0,0
18,32,DL,0,0,0,0
18,32,UL,0,0,0,0
18,33,DL,0,0,0,0
18,33,UL,0,0,0,0
18,34,DL,0,0,0,0
18,34,UL,0,0,0,0
18,35,DL,0,0,0,0
18,35,UL,0,0,0,0
18,36,DL,0,0,0,0
18,36,UL,0,0,0,0
18,37,DL,0,0,0,0
18,37,UL,0,0,0,0
18,38,DL,0,0,0,0
18,38,UL,0,0,0,0
18,39,DL,0,0,0,0
18,39,UL,0,0,0,0
18,40,DL,0,0,0,0
18,40,UL,0,0,0,0
18,41,DL,0,0,0,0
18,41,UL,0,0,0,0
18,42,DL,10.5907,0.0949049,0.319118,6.66667
18,42,UL,0.00602884,0,0.244141,100
18,43,DL,0,0,0,0
18,43,UL,0,0,0,0
18,44,DL,0,0,0,0
18,44,UL,0,0,0,0
18,45,DL,0,0,0,0
18,45,UL,0,0,0,0
18,46,DL,6.28808,0.276208,0.557529,11.6667
18,46,UL,0,0,0,0
18,47,DL,0,0,0,0
18,47,UL,0,0,0,0
18,48,DL,0,0,0,0
18,48,UL,0,0,0,0
18,49,DL,0,0,0,0
18,49,UL,0,0,0,0
18,50,DL,0,0,0,0
18,50,UL,0,0,0,0
18,51,DL,9.9283,0.0420999,1.35352,28.3333
18,51,UL,0,0,0,0
18,52,DL,0,0,0,0
18,52,UL,0,0,0,0
18,53,DL,0,0,0,0
18,53,UL,0,0,0,0
18,54,DL,0,0,0,0
18,54,UL,0,0,0,0
18,55,DL,0,0,0,0
18,55,UL,0,0,0,0
18,56,DL,0,0,0,0
18,56,UL,0,0,0,0
18,57,DL,0,0,0,0
18,57,UL,0,0,0,0
18,58,DL,0,0,0,0
18,58,UL,0,0,0,0
18,59,DL,0,0,0,0
18,59,UL,0,0,0,0
18,60,DL,0,0,0,0
18,60,UL,0,0,0,0
18,61,DL,8.51486,0.0422364,0.677876,14.1667
18,61,UL,0,0,0,0
18,62,DL,0,0,0,0
18,62,UL,0,0,0,0
18,63,DL,0,0,0,0
18,63,UL,0,0,0,0
18,64,DL,0,0,0,0
18,64,UL,0,0,0,0
18,65,DL,0,0,0,0
18,65,UL,0,0,0,0
18,66,DL,7.2429,0.557256,0.517746,10.9244
18,66,UL,0,0,0,0
18,67,DL,0,0,0,0
18,67,UL,0,0,0,0
18,68,DL,10.2458,0.0527302,0.597443,12.5
18,68,UL,0,0,0,0
18,69,DL,0,0,0,0
18,69,UL,0,0,0,0
18,70,DL,0,0,0,0
18,70,UL,0,0,0,0
18,71,DL,0,0,0,0
18,71,UL,0,0,0,0
18,72,DL,0,0,0,0
18,72,UL,0,0,0,0
18,73,DL,0,0,0,0
18,73,UL,0,0,0,0
18,74,DL,0,0,0,0
18,74,UL,0,0,0,0
18,75,DL,0,0,0,0
18,75,UL,0,0,0,0
18,76,DL,0,0,0,0
18,76,UL,0,0,0,0
18,77,DL,10.5967,0.237349,0.477829,9.91736
18,77,UL,0,0,0,0
18,78,DL,0,0,0,0
18,78,UL,0,0,0,0
18,79,DL,0,0,0,0
18,79,UL,0,0,0,0
18,80,DL,0,0,0,0
18,80,UL,0,0,0,0
18,81,DL,0,0,0,0
18,81,UL,0,0,0,0
18,82,DL,0,0,0,0
18,82,UL,0,0,0,0
18,83,DL,0,0,0,0
18,83,UL,0,0,0,0
18,84,DL,0,0,0,0
18,84,UL,0,0,0,0
18,85,DL,0,0,0,0
18,85,UL,0,0,0,0
18,86,DL,0,0,0,0
18,86,UL,0,0,0,0
18,87,DL,0,0,0,0
18,87,UL,0,0,0,0
18,88,DL,0,0,0,0
18,88,UL,0,0,0,0
18,89,DL,0,0,0,0
18,89,UL,0,0,0,0
18,90,DL,0,0,0,0
18,90,UL,0,0,0,0
18,91,DL,10.6343,0.108893,0.27906,5.83333
18,91,UL,0.00602912,0,0.244141,100
18,92,DL,0,0,0,0
18,92,UL,0,0,0,0
18,93,DL,0,0,0,0
18,93,UL,0,0,0,0
18,94,DL,0,0,0,0
18,94,UL,0,0,0,0
18,95,DL,0,0,0,0
18,95,UL,0,0,0,0
18,96,DL,0,0,0,0
18,96,UL,0,0,0,0
18,97,DL,9.79704,0.0521416,1.1549,24.1667
18,97,UL,0,0,0,0
18,98,DL,0,0,0,0
18,98,UL,0,0,0,0
18,99,DL,0,0,0,0
18,99,UL,0,0,0,0
18,100,DL,0,0,0,0
18,100,UL,0,0,0,0
18,101,DL,0,0,0,0
18,101,UL,0.00602898,0,0.244141,100
18,102,DL,0,0,0,0
18,102,UL,0,0,0,0
18,103,DL,0,0,0,0
18,103,UL,0,0,0,0
18,104,DL,0,0,0,0
18,104,UL,0,0,0,0
18,105,DL,0,0,0,0
18,105,UL,0,0,0,0
18,106,DL,0,0,0,0
18,106,UL,0,0,0,0
18,107,DL,0,0,0,0
18,107,UL,0,0,0,0
18,108,DL,0,0,0,0
18,108,UL,0,0,0,0
18,109,DL,0,0,0,0
18,109,UL,0,0,0,0
18,110,DL,0,0,0,0
18,110,UL,0,0,0,0
18,111,DL,0,0,0,0
18,111,UL,0,0,0,0
18,112,DL,0,0,0,0
18,112,UL,0,0,0,0
18,113,DL,0,0,0,0
18,113,UL,0,0,0,0
18,114,DL,0,0,0,0
18,114,UL,0,0,0,0
