Time,CellId,ServiceDlSnrDb,ServiceUlSnrDb,FeederDlSnrDb,FeederUlSnrDb,BackhaulDlSnrDb,BackhaulUlSnrDb,BackhaulHealthy
0.100000,9,10.453695,5.933095,8.794592,17.273992,8.794592,5.933095,1
0.100000,10,11.852546,7.331946,8.794592,17.273992,8.794592,7.331946,1
0.100000,11,12.356159,7.835559,8.794592,17.273992,8.794592,7.835559,1
0.100000,12,9.246007,4.725407,8.794592,17.273992,8.794592,4.725407,1
0.100000,13,9.779366,5.258766,8.794592,17.273992,8.794592,5.258766,1
0.100000,14,14.337710,9.817110,8.794592,17.273992,8.794592,9.817110,1
0.600000,9,10.453695,5.933095,8.794592,17.273992,8.794592,5.933095,1
0.600000,10,11.852546,7.331946,8.794592,17.273992,8.794592,7.331946,1
0.600000,11,12.356159,7.835559,8.794592,17.273992,8.794592,7.835559,1
0.600000,12,9.246007,4.725407,8.794592,17.273992,8.794592,4.725407,1
0.600000,13,9.779366,5.258766,8.794592,17.273992,8.794592,5.258766,1
0.600000,14,14.337710,9.817110,8.794592,17.273992,8.794592,9.817110,1
1.100000,9,12.926267,8.405667,17.854397,26.333797,12.926267,8.405667,1
1.100000,10,7.875475,3.354875,17.854397,26.333797,7.875475,3.354875,1
1.100000,11,13.281481,8.760881,17.854397,26.333797,13.281481,8.760881,1
1.100000,12,12.791681,8.271081,17.854397,26.333797,12.791681,8.271081,1
1.100000,13,8.866434,4.345834,17.854397,26.333797,8.866434,4.345834,1
1.100000,14,9.054876,4.534276,17.854397,26.333797,9.054876,4.534276,1
1.600000,9,12.926267,8.405667,17.854397,26.333797,12.926267,8.405667,1
1.600000,10,7.875475,3.354875,17.854397,26.333797,7.875475,3.354875,1
1.600000,11,13.281481,8.760881,17.854397,26.333797,13.281481,8.760881,1
1.600000,12,12.791681,8.271081,17.854397,26.333797,12.791681,8.271081,1
1.600000,13,8.866434,4.345834,17.854397,26.333797,8.866434,4.345834,1
1.600000,14,9.054876,4.534276,17.854397,26.333797,9.054876,4.534276,1
2.100000,9,12.926267,8.405667,17.854397,26.333797,12.926267,8.405667,1
2.100000,10,7.875475,3.354875,17.854397,26.333797,7.875475,3.354875,1
2.100000,11,13.281481,8.760881,17.854397,26.333797,13.281481,8.760881,1
2.100000,12,12.791681,8.271081,17.854397,26.333797,12.791681,8.271081,1
2.100000,13,8.866434,4.345834,17.854397,26.333797,8.866434,4.345834,1
2.100000,14,9.054876,4.534276,17.854397,26.333797,9.054876,4.534276,1
2.600000,9,13.838211,9.317611,16.613048,25.092448,13.838211,9.317611,1
2.600000,10,13.402077,8.881477,16.613048,25.092448,13.402077,8.881477,1
2.600000,11,11.281370,6.760770,16.613048,25.092448,11.281370,6.760770,1
2.600000,12,13.366468,8.845869,16.613048,25.092448,13.366468,8.845869,1
2.600000,13,11.227704,6.707104,16.613048,25.092448,11.227704,6.707104,1
2.600000,14,12.336135,7.815535,16.613048,25.092448,12.336135,7.815535,1
3.100000,9,13.838211,9.317611,16.613048,25.092448,13.838211,9.317611,1
3.100000,10,13.402077,8.881477,16.613048,25.092448,13.402077,8.881477,1
3.100000,11,11.281370,6.760770,16.613048,25.092448,11.281370,6.760770,1
3.100000,12,13.366468,8.845869,16.613048,25.092448,13.366468,8.845869,1
3.100000,13,11.227704,6.707104,16.613048,25.092448,11.227704,6.707104,1
3.100000,14,12.336135,7.815535,16.613048,25.092448,12.336135,7.815535,1
3.600000,9,13.838211,9.317611,16.613048,25.092448,13.838211,9.317611,1
3.600000,10,13.402077,8.881477,16.613048,25.092448,13.402077,8.881477,1
3.600000,11,11.281370,6.760770,16.613048,25.092448,11.281370,6.760770,1
3.600000,12,13.366468,8.845869,16.613048,25.092448,13.366468,8.845869,1
3.600000,13,11.227704,6.707104,16.613048,25.092448,11.227704,6.707104,1
3.600000,14,12.336135,7.815535,16.613048,25.092448,12.336135,7.815535,1
4.100000,9,10.484233,5.963634,18.030770,26.510170,10.484233,5.963634,1
4.100000,10,11.329737,6.809137,18.030770,26.510170,11.329737,6.809137,1
4.100000,11,14.154744,9.634144,18.030770,26.510170,14.154744,9.634144,1
4.100000,12,13.116903,8.596303,18.030770,26.510170,13.116903,8.596303,1
4.100000,13,13.554212,9.033612,18.030770,26.510170,13.554212,9.033612,1
4.100000,14,11.554383,7.033783,18.030770,26.510170,11.554383,7.033783,1
4.600000,9,10.484233,5.963634,18.030770,26.510170,10.484233,5.963634,1
4.600000,10,11.329737,6.809137,18.030770,26.510170,11.329737,6.809137,1
4.600000,11,14.154744,9.634144,18.030770,26.510170,14.154744,9.634144,1
4.600000,12,13.116903,8.596303,18.030770,26.510170,13.116903,8.596303,1
4.600000,13,13.554212,9.033612,18.030770,26.510170,13.554212,9.033612,1
4.600000,14,11.554383,7.033783,18.030770,26.510170,11.554383,7.033783,1
5.100000,9,10.484233,5.963634,18.030770,26.510170,10.484233,5.963634,1
5.100000,10,11.329737,6.809137,18.030770,26.510170,11.329737,6.809137,1
5.100000,11,14.154744,9.634144,18.030770,26.510170,14.154744,9.634144,1
5.100000,12,13.116903,8.596303,18.030770,26.510170,13.116903,8.596303,1
5.100000,13,13.554212,9.033612,18.030770,26.510170,13.554212,9.033612,1
5.100000,14,11.554383,7.033783,18.030770,26.510170,11.554383,7.033783,1
5.600000,9,15.543215,11.022615,18.607756,27.087156,15.543215,11.022615,1
5.600000,10,13.291641,8.771042,18.607756,27.087156,13.291641,8.771042,1
5.600000,11,12.006849,7.486249,18.607756,27.087156,12.006849,7.486249,1
5.600000,12,13.035673,8.515073,18.607756,27.087156,13.035673,8.515073,1
5.600000,13,15.045864,10.525264,18.607756,27.087156,15.045864,10.525264,1
5.600000,14,11.612251,7.091651,18.607756,27.087156,11.612251,7.091651,1
6.100000,9,15.543215,11.022615,18.607756,27.087156,15.543215,11.022615,1
6.100000,10,13.291641,8.771042,18.607756,27.087156,13.291641,8.771042,1
6.100000,11,12.006849,7.486249,18.607756,27.087156,12.006849,7.486249,1
6.100000,12,13.035673,8.515073,18.607756,27.087156,13.035673,8.515073,1
6.100000,13,15.045864,10.525264,18.607756,27.087156,15.045864,10.525264,1
6.100000,14,11.612251,7.091651,18.607756,27.087156,11.612251,7.091651,1
6.600000,9,15.543215,11.022615,18.607756,27.087156,15.543215,11.022615,1
6.600000,10,13.291641,8.771042,18.607756,27.087156,13.291641,8.771042,1
6.600000,11,12.006849,7.486249,18.607756,27.087156,12.006849,7.486249,1
6.600000,12,13.035673,8.515073,18.607756,27.087156,13.035673,8.515073,1
6.600000,13,15.045864,10.525264,18.607756,27.087156,15.045864,10.525264,1
6.600000,14,11.612251,7.091651,18.607756,27.087156,11.612251,7.091651,1
7.100000,9,13.179038,8.658438,16.033615,24.513015,13.179038,8.658438,1
7.100000,10,13.709576,9.188977,16.033615,24.513015,13.709576,9.188977,1
7.100000,11,12.256687,7.736087,16.033615,24.513015,12.256687,7.736087,1
7.100000,12,12.214300,7.693700,16.033615,24.513015,12.214300,7.693700,1
7.100000,13,13.868805,9.348205,16.033615,24.513015,13.868805,9.348205,1
7.100000,14,14.658995,10.138395,16.033615,24.513015,14.658995,10.138395,1
7.600000,9,13.179038,8.658438,16.033615,24.513015,13.179038,8.658438,1
7.600000,10,13.709576,9.188977,16.033615,24.513015,13.709576,9.188977,1
7.600000,11,12.256687,7.736087,16.033615,24.513015,12.256687,7.736087,1
7.600000,12,12.214300,7.693700,16.033615,24.513015,12.214300,7.693700,1
7.600000,13,13.868805,9.348205,16.033615,24.513015,13.868805,9.348205,1
7.600000,14,14.658995,10.138395,16.033615,24.513015,14.658995,10.138395,1
8.100000,9,13.179038,8.658438,16.033615,24.513015,13.179038,8.658438,1
8.100000,10,13.709576,9.188977,16.033615,24.513015,13.709576,9.188977,1
8.100000,11,12.256687,7.736087,16.033615,24.513015,12.256687,7.736087,1
8.100000,12,12.214300,7.693700,16.033615,24.513015,12.214300,7.693700,1
8.100000,13,13.868805,9.348205,16.033615,24.513015,13.868805,9.348205,1
8.100000,14,14.658995,10.138395,16.033615,24.513015,14.658995,10.138395,1
8.600000,9,12.705828,8.185228,18.705945,27.185345,12.705828,8.185228,1
8.600000,10,13.887452,9.366852,18.705945,27.185345,13.887452,9.366852,1
8.600000,11,9.493270,4.972670,18.705945,27.185345,9.493270,4.972670,1
8.600000,12,10.878459,6.357859,18.705945,27.185345,10.878459,6.357859,1
8.600000,13,11.145229,6.624629,18.705945,27.185345,11.145229,6.624629,1
8.600000,14,12.565321,8.044721,18.705945,27.185345,12.565321,8.044721,1
9.100000,9,12.705828,8.185228,18.705945,27.185345,12.705828,8.185228,1
9.100000,10,13.887452,9.366852,18.705945,27.185345,13.887452,9.366852,1
9.100000,11,9.493270,4.972670,18.705945,27.185345,9.493270,4.972670,1
9.100000,12,10.878459,6.357859,18.705945,27.185345,10.878459,6.357859,1
9.100000,13,11.145229,6.624629,18.705945,27.185345,11.145229,6.624629,1
9.100000,14,12.565321,8.044721,18.705945,27.185345,12.565321,8.044721,1
9.600000,9,12.705828,8.185228,18.705945,27.185345,12.705828,8.185228,1
9.600000,10,13.887452,9.366852,18.705945,27.185345,13.887452,9.366852,1
9.600000,11,9.493270,4.972670,18.705945,27.185345,9.493270,4.972670,1
9.600000,12,10.878459,6.357859,18.705945,27.185345,10.878459,6.357859,1
9.600000,13,11.145229,6.624629,18.705945,27.185345,11.145229,6.624629,1
9.600000,14,12.565321,8.044721,18.705945,27.185345,12.565321,8.044721,1
10.100000,9,13.825909,9.305309,19.356116,27.835516,13.825909,9.305309,1
10.100000,10,11.752309,7.231709,19.356116,27.835516,11.752309,7.231709,1
10.100000,11,12.934275,8.413675,19.356116,27.835516,12.934275,8.413675,1
10.100000,12,12.592154,8.071554,19.356116,27.835516,12.592154,8.071554,1
10.100000,13,14.083149,9.562549,19.356116,27.835516,14.083149,9.562549,1
10.100000,14,14.796331,10.275731,19.356116,27.835516,14.796331,10.275731,1
10.600000,9,13.825909,9.305309,19.356116,27.835516,13.825909,9.305309,1
10.600000,10,11.752309,7.231709,19.356116,27.835516,11.752309,7.231709,1
10.600000,11,12.934275,8.413675,19.356116,27.835516,12.934275,8.413675,1
10.600000,12,12.592154,8.071554,19.356116,27.835516,12.592154,8.071554,1
10.600000,13,14.083149,9.562549,19.356116,27.835516,14.083149,9.562549,1
10.600000,14,14.796331,10.275731,19.356116,27.835516,14.796331,10.275731,1
11.100000,9,13.825909,9.305309,19.356116,27.835516,13.825909,9.305309,1
11.100000,10,11.752309,7.231709,19.356116,27.835516,11.752309,7.231709,1
11.100000,11,12.934275,8.413675,19.356116,27.835516,12.934275,8.413675,1
11.100000,12,12.592154,8.071554,19.356116,27.835516,12.592154,8.071554,1
11.100000,13,14.083149,9.562549,19.356116,27.835516,14.083149,9.562549,1
11.100000,14,14.796331,10.275731,19.356116,27.835516,14.796331,10.275731,1
11.600000,9,12.028070,7.507471,16.458849,24.938249,12.028070,7.507471,1
11.600000,10,14.317876,9.797276,16.458849,24.938249,14.317876,9.797276,1
11.600000,11,11.687992,7.167392,16.458849,24.938249,11.687992,7.167392,1
11.600000,12,13.456587,8.935987,16.458849,24.938249,13.456587,8.935987,1
11.600000,13,10.419210,5.898610,16.458849,24.938249,10.419210,5.898610,1
11.600000,14,14.592289,10.071689,16.458849,24.938249,14.592289,10.071689,1
12.100000,9,12.028070,7.507471,16.458849,24.938249,12.028070,7.507471,1
12.100000,10,14.317876,9.797276,16.458849,24.938249,14.317876,9.797276,1
12.100000,11,11.687992,7.167392,16.458849,24.938249,11.687992,7.167392,1
12.100000,12,13.456587,8.935987,16.458849,24.938249,13.456587,8.935987,1
12.100000,13,10.419210,5.898610,16.458849,24.938249,10.419210,5.898610,1
12.100000,14,14.592289,10.071689,16.458849,24.938249,14.592289,10.071689,1
12.600000,9,12.028070,7.507471,16.458849,24.938249,12.028070,7.507471,1
12.600000,10,14.317876,9.797276,16.458849,24.938249,14.317876,9.797276,1
12.600000,11,11.687992,7.167392,16.458849,24.938249,11.687992,7.167392,1
12.600000,12,13.456587,8.935987,16.458849,24.938249,13.456587,8.935987,1
12.600000,13,10.419210,5.898610,16.458849,24.938249,10.419210,5.898610,1
12.600000,14,14.592289,10.071689,16.458849,24.938249,14.592289,10.071689,1
13.100000,9,14.079695,9.559095,15.949883,24.429283,14.079695,9.559095,1
13.100000,10,14.251307,9.730707,15.949883,24.429283,14.251307,9.730707,1
13.100000,11,14.088617,9.568017,15.949883,24.429283,14.088617,9.568017,1
13.100000,12,11.463656,6.943056,15.949883,24.429283,11.463656,6.943056,1
13.100000,13,11.596842,7.076242,15.949883,24.429283,11.596842,7.076242,1
13.100000,14,13.023270,8.502670,15.949883,24.429283,13.023270,8.502670,1
13.600000,9,14.079695,9.559095,15.949883,24.429283,14.079695,9.559095,1
13.600000,10,14.251307,9.730707,15.949883,24.429283,14.251307,9.730707,1
13.600000,11,14.088617,9.568017,15.949883,24.429283,14.088617,9.568017,1
13.600000,12,11.463656,6.943056,15.949883,24.429283,11.463656,6.943056,1
13.600000,13,11.596842,7.076242,15.949883,24.429283,11.596842,7.076242,1
13.600000,14,13.023270,8.502670,15.949883,24.429283,13.023270,8.502670,1
14.100000,9,14.079695,9.559095,15.949883,24.429283,14.079695,9.559095,1
14.100000,10,14.251307,9.730707,15.949883,24.429283,14.251307,9.730707,1
14.100000,11,14.088617,9.568017,15.949883,24.429283,14.088617,9.568017,1
14.100000,12,11.463656,6.943056,15.949883,24.429283,11.463656,6.943056,1
14.100000,13,11.596842,7.076242,15.949883,24.429283,11.596842,7.076242,1
14.100000,14,13.023270,8.502670,15.949883,24.429283,13.023270,8.502670,1
14.600000,9,15.788556,11.267956,17.629959,26.109360,15.788556,11.267956,1
14.600000,10,13.969934,9.449334,17.629959,26.109360,13.969934,9.449334,1
14.600000,11,12.217900,7.697300,17.629959,26.109360,12.217900,7.697300,1
14.600000,12,11.054099,6.533499,17.629959,26.109360,11.054099,6.533499,1
14.600000,13,14.096905,9.576305,17.629959,26.109360,14.096905,9.576305,1
14.600000,14,10.448568,5.927969,17.629959,26.109360,10.448568,5.927969,1
15.100000,9,15.788556,11.267956,17.629959,26.109360,15.788556,11.267956,1
15.100000,10,13.969934,9.449334,17.629959,26.109360,13.969934,9.449334,1
15.100000,11,12.217900,7.697300,17.629959,26.109360,12.217900,7.697300,1
15.100000,12,11.054099,6.533499,17.629959,26.109360,11.054099,6.533499,1
15.100000,13,14.096905,9.576305,17.629959,26.109360,14.096905,9.576305,1
15.100000,14,10.448568,5.927969,17.629959,26.109360,10.448568,5.927969,1
15.600000,9,15.788556,11.267956,17.629959,26.109360,15.788556,11.267956,1
15.600000,10,13.969934,9.449334,17.629959,26.109360,13.969934,9.449334,1
15.600000,11,12.217900,7.697300,17.629959,26.109360,12.217900,7.697300,1
15.600000,12,11.054099,6.533499,17.629959,26.109360,11.054099,6.533499,1
15.600000,13,14.096905,9.576305,17.629959,26.109360,14.096905,9.576305,1
15.600000,14,10.448568,5.927969,17.629959,26.109360,10.448568,5.927969,1
16.100000,9,12.482787,7.962187,18.581546,27.060946,12.482787,7.962187,1
16.100000,10,15.902568,11.381968,18.581546,27.060946,15.902568,11.381968,1
16.100000,11,12.363369,7.842769,18.581546,27.060946,12.363369,7.842769,1
16.100000,12,11.303789,6.783189,18.581546,27.060946,11.303789,6.783189,1
16.100000,13,10.381192,5.860592,18.581546,27.060946,10.381192,5.860592,1
16.100000,14,13.574219,9.053619,18.581546,27.060946,13.574219,9.053619,1
16.600000,9,12.482787,7.962187,18.581546,27.060946,12.482787,7.962187,1
16.600000,10,15.902568,11.381968,18.581546,27.060946,15.902568,11.381968,1
16.600000,11,12.363369,7.842769,18.581546,27.060946,12.363369,7.842769,1
16.600000,12,11.303789,6.783189,18.581546,27.060946,11.303789,6.783189,1
16.600000,13,10.381192,5.860592,18.581546,27.060946,10.381192,5.860592,1
16.600000,14,13.574219,9.053619,18.581546,27.060946,13.574219,9.053619,1
17.100000,9,12.482787,7.962187,18.581546,27.060946,12.482787,7.962187,1
17.100000,10,15.902568,11.381968,18.581546,27.060946,15.902568,11.381968,1
17.100000,11,12.363369,7.842769,18.581546,27.060946,12.363369,7.842769,1
17.100000,12,11.303789,6.783189,18.581546,27.060946,11.303789,6.783189,1
17.100000,13,10.381192,5.860592,18.581546,27.060946,10.381192,5.860592,1
17.100000,14,13.574219,9.053619,18.581546,27.060946,13.574219,9.053619,1
17.600000,9,11.737000,7.216400,18.527871,27.007271,11.737000,7.216400,1
17.600000,10,11.416572,6.895972,18.527871,27.007271,11.416572,6.895972,1
17.600000,11,14.774951,10.254352,18.527871,27.007271,14.774951,10.254352,1
17.600000,12,9.352017,4.831417,18.527871,27.007271,9.352017,4.831417,1
17.600000,13,11.159290,6.638690,18.527871,27.007271,11.159290,6.638690,1
17.600000,14,14.795131,10.274531,18.527871,27.007271,14.795131,10.274531,1
18.100000,9,11.737000,7.216400,18.527871,27.007271,11.737000,7.216400,1
18.100000,10,11.416572,6.895972,18.527871,27.007271,11.416572,6.895972,1
18.100000,11,14.774951,10.254352,18.527871,27.007271,14.774951,10.254352,1
18.100000,12,9.352017,4.831417,18.527871,27.007271,9.352017,4.831417,1
18.100000,13,11.159290,6.638690,18.527871,27.007271,11.159290,6.638690,1
18.100000,14,14.795131,10.274531,18.527871,27.007271,14.795131,10.274531,1
18.600000,9,11.737000,7.216400,18.527871,27.007271,11.737000,7.216400,1
18.600000,10,11.416572,6.895972,18.527871,27.007271,11.416572,6.895972,1
18.600000,11,14.774951,10.254352,18.527871,27.007271,14.774951,10.254352,1
18.600000