Time,UE,Dir,Delay,Jitter,Throughput,PDR
4,0,DL,0.139514,0.0180173,1.2734,26.8908
4,0,UL,0.169029,0.00742845,0.00341797,2.8
4,1,DL,0.103782,0.0316129,0.558514,11.6667
4,1,UL,0,0,0,0
4,2,DL,0,0,0,0
4,2,UL,0,0,0,0
4,3,DL,0.498374,0.03509,1.91152,39.6694
4,3,UL,0.344032,0,0.000488281,0.4
4,4,DL,0.360932,0.0211018,1.95168,40.4959
4,4,UL,0,0,0,0
4,5,DL,0,0,0,0
4,5,UL,0,0,0,0
4,6,DL,0,0,0,0
4,6,UL,0,0,0,0
4,7,DL,0,0,0,0
4,7,UL,0,0,0,0
4,8,DL,0,0,0,0
4,8,UL,0.194029,0,0.000488281,0.4
4,9,DL,0,0,0,0
4,9,UL,0,0,0,0
4,10,DL,0,0,0,0
4,10,UL,0,0,0,0
4,11,DL,0,0,0,0
4,11,UL,0,0,0,0
4,12,DL,0,0,0,0
4,12,UL,0,0,0,0
4,13,DL,0.817685,0.0331772,2.66883,55.8333
4,13,UL,0.313699,0.0313329,0.00146484,1.2
4,14,DL,0,0,0,0
4,14,UL,0,0,0,0
4,15,DL,0,0,0,0
4,15,UL,0,0,0,0
4,16,DL,0.00605765,0.00173801,0.158787,3.30579
4,16,UL,0,0,0,0
4,17,DL,0,0,0,0
4,17,UL,0,0,0,0
4,18,DL,0,0,0,0
4,18,UL,0,0,0,0
4,19,DL,0.141169,0.0124199,0.198875,4.16667
4,19,UL,0.0210189,0.0158469,0.00341797,2.8
4,20,DL,0,0,0,0
4,20,UL,0,0,0,0
4,21,DL,0,0,0,0
4,21,UL,0,0,0,0
4,22,DL,0,0,0,0
4,22,UL,0,0,0,0
4,23,DL,0,0,0,0
4,23,UL,0,0,0,0
4,24,DL,0,0,0,0
4,24,UL,0,0,0,0
4,25,DL,0,0,0,0
4,25,UL,0,0,0,0
4,26,DL,0,0,0,0
4,26,UL,0,0,0,0
4,27,DL,0,0,0,0
4,27,UL,0,0,0,0
4,28,DL,0,0,0,0
4,28,UL,0,0,0,0
4,29,DL,0,0,0,0
4,29,UL,0,0,0,0
4,30,DL,0,0,0,0
4,30,UL,0,0,0,0
4,31,DL,0,0,0,0
4,31,UL,0,0,0,0
4,32,DL,0.0130699,0,0.0395088,0.826446
4,32,UL,0.0990291,0.00266658,0.00146484,1.2
4,33,DL,0,0,0,0
4,33,UL,0,0,0,0
4,34,DL,0,0,0,0
4,34,UL,0,0,0,0
4,35,DL,0,0,0,0
4,35,UL,0,0,0,0
4,36,DL,0.587528,0.0209601,0.917706,19.0083
4,36,UL,0.344032,0,0.000488281,0.4
4,37,DL,0.0843705,0.0191694,1.39496,28.9256
4,37,UL,0.14753,0.0107498,0.0078125,6.4
4,38,DL,0,0,0,0
4,38,UL,0,0,0,0
4,39,DL,0,0,0,0
4,39,UL,0,0,0,0
4,40,DL,0,0,0,0
4,40,UL,0,0,0,0
4,41,DL,0,0,0,0
4,41,UL,0,0,0,0
4,42,DL,0.256744,0.00680647,4.02208,83.4711
4,42,UL,0.325123,0.0114146,0.0117188,9.6
4,43,DL,0,0,0,0
4,43,UL,0,0,0,0
4,44,DL,0,0,0,0
4,44,UL,0.430961,0.00666576,0.00146484,1.2
4,45,DL,0.283681,0.006581,0.0796318,1.65289
4,45,UL,0,0,0,0
4,46,DL,0.179807,0.0285659,2.03324,42.1488
4,46,UL,0.160362,0.0306666,0.00146484,1.2
4,47,DL,0,0,0,0
4,47,UL,0,0,0,0
4,48,DL,0,0,0,0
4,48,UL,0,0,0,0
4,49,DL,0,0,0,0
4,49,UL,0,0,0,0
4,50,DL,0,0,0,0
4,50,UL,0,0,0,0
4,51,DL,0.257306,0.00747519,2.98764,61.9835
4,51,UL,0.248103,0.00231846,0.00634766,5.2
4,52,DL,0,0,0,0
4,52,UL,0,0,0,0
4,53,DL,0,0,0,0
4,53,UL,0,0,0,0
4,54,DL,0,0,0,0
4,54,UL,0,0,0,0
4,55,DL,0,0,0,0
4,55,UL,0,0,0,0
4,56,DL,0,0,0,0
4,56,UL,0,0,0,0
4,57,DL,0,0,0,0
4,57,UL,0,0,0,0
4,58,DL,0,0,0,0
4,58,UL,0,0,0,0
4,59,DL,0,0,0,0
4,59,UL,0,0,0,0
4,60,DL,0,0,0,0
4,60,UL,0,0,0,0
4,61,DL,0,0,0,0
4,61,UL,0,0,0,0
4,62,DL,0,0,0,0
4,62,UL,0,0,0,0
4,63,DL,0.329302,0.0167478,0.198902,4.13223
4,63,UL,0,0,0,0
4,64,DL,0,0,0,0
4,64,UL,0,0,0,0
4,65,DL,0,0,0,0
4,65,UL,0.0316282,0.00437714,0.0244141,20
4,66,DL,0,0,0,0
4,66,UL,0.0330291,0.0259997,0.00195312,1.6
4,67,DL,0,0,0,0
4,67,UL,0,0,0,0
4,68,DL,0.515585,0.0230242,2.4706,51.6667
4,68,UL,0.418033,0.0106658,0.00146484,1.2
4,69,DL,0,0,0,0
4,69,UL,0,0,0,0
4,70,DL,0,0,0,0
4,70,UL,0,0,0,0
4,71,DL,0,0,0,0
4,71,UL,0,0,0,0
4,72,DL,0,0,0,0
4,72,UL,0,0,0,0
4,73,DL,0,0,0,0
4,73,UL,0,0,0,0
4,74,DL,0,0,0,0
4,74,UL,0,0,0,0
4,75,DL,0,0,0,0
4,75,UL,0,0,0,0
4,76,DL,0.102855,0.0847549,0.0797081,1.66667
4,76,UL,0,0,0,0
4,77,DL,0.399757,0.0189624,2.4691,51.6667
4,77,UL,0,0,0,0
4,78,DL,0,0,0,0
4,78,UL,0,0,0,0
4,79,DL,0,0,0,0
4,79,UL,0,0,0,0
4,80,DL,0,0,0,0
4,80,UL,0,0,0,0
4,81,DL,0,0,0,0
4,81,UL,0,0,0,0
4,82,DL,0,0,0,0
4,82,UL,0,0,0,0
4,83,DL,0,0,0,0
4,83,UL,0,0,0,0
4,84,DL,0,0,0,0
4,84,UL,0,0,0,0
4,85,DL,0,0,0,0
4,85,UL,0,0,0,0
4,86,DL,0,0,0,0
4,86,UL,0,0,0,0
4,87,DL,0,0,0,0
4,87,UL,0,0,0,0
4,88,DL,0,0,0,0
4,88,UL,0,0,0,0
4,89,DL,0,0,0,0
4,89,UL,0,0,0,0
4,90,DL,0,0,0,0
4,90,UL,0,0,0,0
4,91,DL,0.250411,0.00396897,4.14436,85.9504
4,91,UL,0.255861,0.00931321,0.00634766,5.2
4,92,DL,0,0,0,0
4,92,UL,0,0,0,0
4,93,DL,0,0,0,0
4,93,UL,0,0,0,0
4,94,DL,0,0,0,0
4,94,UL,0.0100293,0.00266635,0.00146484,1.2
4,95,DL,0,0,0,0
4,95,UL,0,0,0,0
4,96,DL,0,0,0,0
4,96,UL,0,0,0,0
4,97,DL,0,0,0,0
4,97,UL,0,0,0,0
4,98,DL,0,0,0,0
4,98,UL,0,0,0,0
4,99,DL,0,0,0,0
4,99,UL,0,0,0,0
4,100,DL,0,0,0,0
4,100,UL,0,0,0,0
4,101,DL,0.231078,0.0461694,1.47433,30.3279
4,101,UL,0.112292,0.00995219,0.0205078,16.8
4,102,DL,0,0,0,0
4,102,UL,0,0,0,0
4,103,DL,0,0,0,0
4,103,UL,0,0,0,0
4,104,DL,0,0,0,0
4,104,UL,0,0,0,0
4,105,DL,0,0,0,0
4,105,UL,0,0,0,0
4,106,DL,0,0,0,0
4,106,UL,0,0,0,0
4,107,DL,0.392875,0.0192526,1.23474,25.8333
4,107,UL,0.342032,0.00199932,0.000976562,0.8
4,108,DL,0.423155,0,0.0398979,0.833333
4,108,UL,0,0,0,0
4,109,DL,0,0,0,0
4,109,UL,0,0,0,0
4,110,DL,0.159558,0.030795,1.07655,22.314
4,110,UL,0.133549,0.0105183,0.0131836,10.8
4,111,DL,0,0,0,0
4,111,UL,0,0,0,0
4,112,DL,0,0,0,0
4,112,UL,0,0,0,0
4,113,DL,0,0,0,0
4,113,UL,0,0,0,0
4,114,DL,0.0814804,0.0235791,0.438202,9.09091
4,114,UL,0.110029,0,0.000488281,0.4
4,115,DL,0,0,0,0
4,115,UL,0,0,0,0
4,116,DL,0,0,0,0
4,116,UL,0,0,0,0
4,117,DL,0,0,0,0
4,117,UL,0,0,0,0
4,118,DL,0,0,0,0
4,118,UL,0,0,0,0
4,119,DL,0,0,0,0
4,119,UL,0,0,0,0
6,0,DL,0,0,0,0
6,0,UL,0,0,0,0
6,1,DL,0.57263,0.611519,0.278866,5.9322
6,1,UL,0,0,0,0
6,2,DL,0,0,0,0
6,2,UL,0,0,0,0
6,3,DL,0.679671,0.0296417,1.91405,40
6,3,UL,0,0,0,0
6,4,DL,0.38002,0.0194304,4.42159,91.7355
6,4,UL,0,0,0,0
6,5,DL,0,0,0,0
6,5,UL,0,0,0,0
6,6,DL,0,0,0,0
6,6,UL,0,0,0,0
6,7,DL,0,0,0,0
6,7,UL,0,0,0,0
6,8,DL,0.283808,0.0213255,0.358463,7.56303
6,8,UL,0,0,0,0
6,9,DL,0,0,0,0
6,9,UL,0,0,0,0
6,10,DL,0,0,0,0
6,10,UL,0,0,0,0
6,11,DL,0,0,0,0
6,11,UL,0,0,0,0
6,12,DL,0,0,0,0
6,12,UL,0,0,0,0
6,13,DL,0.533729,0.0238978,4.26219,89.916
6,13,UL,0,0,0,0
6,14,DL,0,0,0,0
6,14,UL,0,0,0,0
6,15,DL,0,0,0,0
6,15,UL,0,0,0,0
6,16,DL,0,0,0,0
6,16,UL,0,0,0,0
6,17,DL,0.326244,0.0230871,0.478313,10.084
6,17,UL,0.375032,0.0319991,0.00146484,0.6
6,18,DL,0,0,0,0
6,18,UL,0,0,0,0
6,19,DL,0,0,0,0
6,19,UL,0,0,0,0
6,20,DL,0,0,0,0
6,20,UL,0,0,0,0
6,21,DL,0,0,0,0
6,21,UL,0.020086,0.00846666,0.00732422,3
6,22,DL,0,0,0,0
6,22,UL,0,0,0,0
6,23,DL,0,0,0,0
6,23,UL,0,0,0,0
6,24,DL,0,0,0,0
6,24,UL,0,0,0,0
6,25,DL,0,0,0,0
6,25,UL,0,0,0,0
6,26,DL,0,0,0,0
6,26,UL,0,0,0,0
6,27,DL,0,0,0,0
6,27,UL,0,0,0,0
6,28,DL,0,0,0,0
6,28,UL,0,0,0,0
6,29,DL,0,0,0,0
6,29,UL,0,0,0,0
6,30,DL,0,0,0,0
6,30,UL,0,0,0,0
6,31,DL,0,0,0,0
6,31,UL,0,0,0,0
6,32,DL,0,0,0,0
6,32,UL,0,0,0,0
6,33,DL,0,0,0,0
6,33,UL,0,0,0,0
6,34,DL,0,0,0,0
6,34,UL,0,0,0,0
6,35,DL,0,0,0,0
6,35,UL,0,0,0,0
6,36,DL,0.471377,0.0252357,4.57969,95.8333
6,36,UL,0,0,0,0
6,37,DL,0.258832,0.0261804,0.477974,10.084
6,37,UL,0,0,0,0
6,38,DL,0,0,0,0
6,38,UL,0,0,0,0
6,39,DL,0,0,0,0
6,39,UL,0,0,0,0
6,40,DL,0,0,0,0
6,40,UL,0,0,0,0
6,41,DL,0,0,0,0
6,41,UL,0,0,0,0
6,42,DL,0.252052,0.0045723,4.82181,100.833
6,42,UL,0,0,0,0
6,43,DL,0,0,0,0
6,43,UL,0,0,0,0
6,44,DL,0,0,0,0
6,44,UL,0,0,0,0
6,45,DL,0,0,0,0
6,45,UL,0,0,0,0
6,46,DL,0.0902185,0.0292091,0.318684,6.72269
6,46,UL,0,0,0,0
6,47,DL,0,0,0,0
6,47,UL,0,0,0,0
6,48,DL,0,0,0,0
6,48,UL,0,0,0,0
6,49,DL,0,0,0,0
6,49,UL,0,0,0,0
6,50,DL,0,0,0,0
6,50,UL,0,0,0,0
6,51,DL,0.404927,0.0204346,5.25904,110.924
6,51,UL,0,0,0,0
6,52,DL,0,0,0,0
6,52,UL,0,0,0,0
6,53,DL,0,0,0,0
6,53,UL,0,0,0,0
6,54,DL,0,0,0,0
6,54,UL,0,0,0,0
6,55,DL,0,0,0,0
6,55,UL,0,0,0,0
6,56,DL,0,0,0,0
6,56,UL,0,0,0,0
6,57,DL,0,0,0,0
6,57,UL,0,0,0,0
6,58,DL,0,0,0,0
6,58,UL,0,0,0,0
6,59,DL,0,0,0,0
6,59,UL,0,0,0,0
6,60,DL,0,0,0,0
6,60,UL,0,0,0,0
6,61,DL,0,0,0,0
6,61,UL,0,0,0,0
6,62,DL,0,0,0,0
6,62,UL,0,0,0,0
6,63,DL,0,0,0,0
6,63,UL,0,0,0,0
6,64,DL,0,0,0,0
6,64,UL,0,0,0,0
6,65,DL,0,0,0,0
6,65,UL,0,0,0,0
6,66,DL,0,0,0,0
6,66,UL,0,0,0,0
6,67,DL,0,0,0,0
6,67,UL,0,0,0,0
6,68,DL,0.542236,0.0403613,1.59351,33.0579
6,68,UL,0,0,0,0
6,69,DL,0,0,0,0
6,69,UL,0,0,0,0
6,70,DL,0,0,0,0
6,70,UL,0,0,0,0
6,71,DL,0,0,0,0
6,71,UL,0,0,0,0
6,72,DL,0,0,0,0
6,72,UL,0,0,0,0
6,73,DL,0,0,0,0
6,73,UL,0,0,0,0
6,74,DL,0,0,0,0
6,74,UL,0,0,0,0
6,75,DL,0,0,0,0
6,75,UL,0,0,0,0
6,76,DL,0.113888,0.0198061,1.35455,28.3333
6,76,UL,0,0,0,0
6,77,DL,0.367959,0.0259952,3.10814,64.4628
6,77,UL,0,0,0,0
6,78,DL,0,0,0,0
6,78,UL,0,0,0,0
6,79,DL,0,0,0,0
6,79,UL,0,0,0,0
6,80,DL,0,0,0,0
6,80,UL,0,0,0,0
6,81,DL,0,0,0,0
6,81,UL,0,0,0,0
6,82,DL,0,0,0,0
6,82,UL,0,0,0,0
6,83,DL,0,0,0,0
6,83,UL,0,0,0,0
6,84,DL,0,0,0,0
6,84,UL,0,0,0,0
6,85,DL,0,0,0,0
6,85,UL,0,0,0,0
6,86,DL,0,0,0,0
6,86,UL,0,0,0,0
6,87,DL,0,0,0,0
6,87,UL,0,0,0,0
6,88,DL,0,0,0,0
6,88,UL,0,0,0,0
6,89,DL,0.485654,0.03935,0.677025,14.0496
6,89,UL,0.140358,0.0207999,0.00244141,1
6,90,DL,0,0,0,0
6,90,UL,0,0,0,0
6,91,DL,0.253927,0.00545066,4.70115,100
6,91,UL,0,0,0,0
6,92,DL,0,0,0,0
6,92,UL,0,0,0,0
6,93,DL,0,0,0,0
6,93,UL,0,0,0,0
6,94,DL,0,0,0,0
6,94,UL,0,0,0,0
6,95,DL,0,0,0,0
6,95,UL,0,0,0,0
6,96,DL,0,0,0,0
6,96,UL,0,0,0,0
6,97,DL,0,0,0,0
6,97,UL,0,0,0,0
6,98,DL,0,0,0,0
6,98,UL,0,0,0,0
6,99,DL,0,0,0,0
6,99,UL,0,0,0,0
6,100,DL,0,0,0,0
6,100,UL,0,0,0,0
6,101,DL,0.659801,0.0284231,3.94512,82.5
6,101,UL,0,0,0,0
6,102,DL,0,0,0,0
6,102,UL,0,0,0,0
6,103,DL,0,0,0,0
6,103,UL,0.251176,0.00318963,0.0234375,9.6
6,104,DL,0,0,0,0
6,104,UL,0,0,0,0
6,105,DL,0,0,0,0
6,105,UL,0,0,0,0
6,106,DL,0,0,0,0
6,106,UL,0,0,0,0
6,107,DL,0.499271,0.0390649,2.82869,59.1667
6,107,UL,0,0,0,0
6,108,DL,0,0,0,0
6,108,UL,0,0,0,0
6,109,DL,0,0,0,0
6,109,UL,0,0,0,0
6,110,DL,0.234564,0.0285327,2.9906,62.5
6,110,UL,0,0,0,0
6,111,DL,0,0,0,0
6,111,UL,0,0,0,0
6,112,DL,0.470578,0.0377716,1.8721,39.1667
6,112,UL,0.00983943,0.00304658,0.0239258,9.8
6,113,DL,0,0,0,0
6,113,UL,0,0,0,0
6,114,DL,0,0,0,0
6,114,UL,0,0,0,0
6,115,DL,0,0,0,0
6,115,UL,0,0,0,0
6,116,DL,0,0,0,0
6,116,UL,0,0,0,0
6,117,DL,0,0,0,0
6,117,UL,0,0,0,0
6,118,DL,0,0,0,0
6,118,UL,0,0,0,0
6,119,DL,0,0,0,0
6,119,UL,0,0,0,0
8,0,DL,0,0,0,0
8,0,UL,0,0,0,0
8,1,DL,0,0,0,0
8,1,UL,0,0,0,0
8,2,DL,0,0,0,0
8,2,UL,0,0,0,0
8,3,DL,1.04617,0.0425287,2.07291,43.6975
8,3,UL,0,0,0,0
8,4,DL,0.395232,0.0267127,4.2212,89.8305
8,4,UL,0,0,0,0
8,5,DL,0.00616892,0.00176556,0.159416,3.30579
8,5,UL,0,0,0,0
8,6,DL,0,0,0,0
8,6,UL,0,0,0,0
8,7,DL,0,0,0,0
8,7,UL,0,0,0,0
8,8,DL,0.397968,0.0248837,0.875671,18.1818
8,8,UL,0,0,0,0
8,9,DL,0,0,0,0
8,9,UL,0,0,0,0
8,10,DL,0,0,0,0
8,10,UL,0,0,0,0
8,11,DL,0,0,0,0
8,11,UL,0,0,0,0
8,12,DL,0,0,0,0
8,12,UL,0,0,0,0
8,13,DL,0.793656,0.035949,2.27162,47.8992
8,13,UL,0,0,0,0
8,14,DL,0,0,0,0
8,14,UL,0,0,0,0
8,15,DL,0,0,0,0
8,15,UL,0,0,0,0
8,16,DL,0,0,0,0
8,16,UL,0,0,0,0
8,17,DL,0,0,0,0
8,17,UL,0,0,0,0
8,18,DL,0,0,0,0
8,18,UL,0,0,0,0
8,19,DL,0,0,0,0
8,19,UL,0,0,0,0
8,20,DL,0,0,0,0
8,20,UL,0,0,0,0
8,21,DL,0.671596,0.00993978,0.318428,6.66667
8,21,UL,0,0,0,0
8,22,DL,0,0,0,0
8,22,UL,0,0,0,0
8,23,DL,0.0807525,0.024281,1.59364,33.3333
8,23,UL,0.00711528,0.00153858,0.0488281,20
8,24,DL,0,0,0,0
8,24,UL,0,0,0,0
8,25,DL,0,0,0,0
8,25,UL,0,0,0,0
8,26,DL,0,0,0,0
8,26,UL,0,0,0,0
8,27,DL,0,0,0,0
8,27,UL,0,0,0,0
8,28,DL,0,0,0,0
8,28,UL,0,0,0,0
8,29,DL,0,0,0,0
8,29,UL,0,0,0,0
8,30,DL,0,0,0,0
8,30,UL,0,0,0,0
8,31,DL,0,0,0,0
8,31,UL,0,0,0,0
8,32,DL,0,0,0,0
8,32,UL,0,0,0,0
8,33,DL,0,0,0,0
8,33,UL,0,0,0,0
8,34,DL,0,0,0,0
8,34,UL,0,0,0,0
8,35,DL,3.07658,0.0186578,0.159355,3.30579
8,35,UL,0,0,0,0
8,36,DL,0.713895,0.0526956,0.835915,17.6471
8,36,UL,0,0,0,0
8,37,DL,0.251169,0.0269392,2.19084,46.2185
8,37,UL,0,0,0,0
8,38,DL,0,0,0,0
8,38,UL,0,0,0,0
8,39,DL,0,0,0,0
8,39,UL,0,0,0,0
8,40,DL,0,0,0,0
8,40,UL,0,0,0,0
8,41,DL,0,0,0,0
8,41,UL,0,0,0,0
8,42,DL,0.257941,0.00532467,4.50356,93.3884
8,42,UL,0,0,0,0
8,43,DL,0,0,0,0
8,43,UL,0,0,0,0
8,44,DL,2.48147,0.0158379,0.0795784,1.65289
8,44,UL,0,0,0,0
8,45,DL,0,0,0,0
8,45,UL,0,0,0,0
8,46,DL,0,0,0,0
8,46,UL,0,0,0,0
8,47,DL,0,0,0,0
8,47,UL,0,0,0,0
8,48,DL,0,0,0,0
8,48,UL,0,0,0,0
8,49,DL,0,0,0,0
8,49,UL,0,0,0,0
8,50,DL,0,0,0,0
8,50,UL,0,0,0,0
8,51,DL,0.489243,0.0234987,3.18755,67.2269
8,51,UL,0,0,0,0
8,52,DL,0,0,0,0
8,52,UL,0,0,0,0
8,53,DL,0,0,0,0
8,53,UL,0,0,0,0
8,54,DL,0,0,0,0
8,54,UL,0,0,0,0
8,55,DL,0,0,0,0
8,55,UL,0,0,0,0
8,56,DL,0,0,0,0
8,56,UL,0,0,0,0
8,57,DL,0,0,0,0
8,57,UL,0,0,0,0
8,58,DL,0,0,0,0
8,58,UL,0,0,0,0
8,59,DL,0,0,0,0
8,59,UL,0,0,0,0
8,60,DL,0,0,0,0
8,60,UL,0,0,0,0
8,61,DL,0,0,0,0
8,61,UL,0,0,0,0
8,62,DL,0,0,0,0
8,62,UL,0,0,0,0
8,63,DL,0,0,0,0
8,63,UL,0,0,0,0
8,64,DL,0,0,0,0
8,64,UL,0,0,0,0
8,65,DL,0,0,0,0
8,65,UL,0,0,0,0
8,66,DL,0,0,0,0
8,66,UL,0,0,0,0
8,67,DL,0,0,0,0
8,67,UL,0,0,0,0
8,68,DL,0.838715,0.0674425,2.84754,60.5042
8,68,UL,0,0,0,0
8,69,DL,0,0,0,0
8,69,UL,0,0,0,0
8,70,DL,0.216986,0.014295,0.238407,5.04202
8,70,UL,0,0,0,0
8,71,DL,0,0,0,0
8,71,UL,0,0,0,0
8,72,DL,0,0,0,0
8,72,UL,0,0,0,0
8,73,DL,0,0,0,0
8,73,UL,0,0,0,0
8,74,DL,0,0,0,0
8,74,UL,0.249532,0.00274963,0.00195312,0.8
8,75,DL,0,0,0,0
8,75,UL,0,0,0,0
8,76,DL,0,0,0,0
8,76,UL,0,0,0,0
8,77,DL,0.420064,0.0301453,3.98496,84.0336
8,77,UL,0,0,0,0
8,78,DL,0,0,0,0
8,78,UL,0,0,0,0
8,79,DL,0,0,0,0
8,79,UL,0,0,0,0
8,80,DL,0,0,0,0
8,80,UL,0,0,0,0
8,81,DL,0,0,0,0
8,81,UL,0,0,0,0
8,82,DL,0,0,0,0
8,82,UL,0,0,0,0
8,83,DL,0,0,0,0
8,83,UL,0,0,0,0
8,84,DL,0,0,0,0
8,84,UL,0,0,0,0
8,85,DL,0,0,0,0
8,85,UL,0,0,0,0
8,86,DL,0,0,0,0
8,86,UL,0,0,0,0
8,87,DL,0,0,0,0
8,87,UL,0,0,0,0
8,88,DL,0,0,0,0
8,88,UL,0,0,0,0
8,89,DL,1.23785,0.0499363,1.15659,24.3697
8,89,UL,0,0,0,0
8,90,DL,0,0,0,0
8,90,UL,0,0,0,0
8,91,DL,0.247846,0.00278481,4.82017,100
8,91,UL,0,0,0,0
8,92,DL,0,0,0,0
8,92,UL,0,0,0,0
8,93,DL,0,0,0,0
8,93,UL,0,0,0,0
8,94,DL,0,0,0,0
8,94,UL,0,0,0,0
8,95,DL,0,0,0,0
8,95,UL,0,0,0,0
8,96,DL,0,0,0,0
8,96,UL,0,0,0,0
8,97,DL,0,0,0,0
8,97,UL,0,0,0,0
8,98,DL,0,0,0,0
8,98,UL,0,0,0,0
8,99,DL,0,0,0,0
8,99,UL,0,0,0,0
8,100,DL,0,0,0,0
8,100,UL,0,0,0,0
8,101,DL,0.390059,0.0793878,0.159512,3.33333
8,101,UL,0,0,0,0
8,102,DL,0,0,0,0
8,102,UL,0,0,0,0
8,103,DL,0,0,0,0
8,103,UL,0,0,0,0
8,104,DL,0,0,0,0
8,104,UL,0,0,0,0
8,105,DL,0,0,0,0
8,105,UL,0,0,0,0
8,106,DL,0,0,0,0
8,106,UL,0,0,0,0
8,107,DL,0.566942,0.0305867,4.30173,90
8,107,UL,0,0,0,0
8,108,DL,0,0,0,0
8,108,UL,0,0,0,0
8,109,DL,0,0,0,0
8,109,UL,0,0,0,0
8,110,DL,0.260548,0.0320368,3.06707,64.7059
8,110,UL,0,0,0,0
8,111,DL,0.00596043,0.00164932,0.198715,4.16667
8,111,UL,0.00714403,0.00157726,0.0239258,9.8
8,112,DL,0.937063,0.105686,0.199181,4.16667
8,112,UL,0,0,0,0
8,113,DL,0,0,0,0
8,113,UL,0,0,0,0
8,114,DL,0.452769,0.0336648,3.34858,70
8,114,UL,0,0,0,0
8,115,DL,0,0,0,0
8,115,UL,0,0,0,0
8,116,DL,0,0,0,0
8,116,UL,0,0,0,0
8,117,DL,0,0,0,0
8,117,UL,0,0,0,0
8,118,DL,0,0,0,0
8,118,UL,0,0,0,0
8,119,DL,0,0,0,0
8,119,UL,0.250532,0.00274966,0.00195312,0.8
