Time,CellId,ServiceDlSnrDb,ServiceUlSnrDb,FeederDlSnrDb,FeederUlSnrDb,BackhaulDlSnrDb,BackhaulUlSnrDb,BackhaulHealthy
0.100000,5,11.155120,6.634520,16.041735,24.521135,11.155120,6.634520,1
0.100000,6,14.474324,9.953724,16.041735,24.521135,14.474324,9.953724,1
0.100000,7,14.042013,9.521413,16.041735,24.521135,14.042013,9.521413,1
0.600000,5,15.475944,10.955344,15.738808,24.218208,15.475944,10.955344,1
0.600000,6,12.237164,7.716564,15.738808,24.218208,12.237164,7.716564,1
0.600000,7,11.284557,6.763957,15.738808,24.218208,11.284557,6.763957,1
1.100000,5,11.592810,7.072210,19.147334,27.626734,11.592810,7.072210,1
1.100000,6,8.992450,4.471850,19.147334,27.626734,8.992450,4.471850,1
1.100000,7,11.798997,7.278397,19.147334,27.626734,11.798997,7.278397,1
1.600000,5,14.091605,9.571005,19.324061,27.803461,14.091605,9.571005,1
1.600000,6,10.452466,5.931866,19.324061,27.803461,10.452466,5.931866,1
1.600000,7,12.687515,8.166915,19.324061,27.803461,12.687515,8.166915,1
2.100000,5,14.252699,9.732099,19.160742,27.640142,14.252699,9.732099,1
2.100000,6,12.569383,8.048783,19.160742,27.640142,12.569383,8.048783,1
2.100000,7,12.204197,7.683597,19.160742,27.640142,12.204197,7.683597,1
2.600000,5,13.081819,8.561219,19.898065,28.377465,13.081819,8.561219,1
2.600000,6,13.514849,8.994250,19.898065,28.377465,13.514849,8.994250,1
2.600000,7,16.220718,11.700118,19.898065,28.377465,16.220718,11.700118,1
3.100000,5,13.831393,9.310793,18.078783,26.558183,13.831393,9.310793,1
3.100000,6,12.084360,7.563760,18.078783,26.558183,12.084360,7.563760,1
3.100000,7,13.569499,9.048899,18.078783,26.558183,13.569499,9.048899,1
3.600000,5,8.571086,4.050487,16.230801,24.710201,8.571086,4.050487,1
3.600000,6,10.905080,6.384480,16.230801,24.710201,10.905080,6.384480,1
3.600000,7,11.001923,6.481323,16.230801,24.710201,11.001923,6.481323,1
4.100000,5,11.123880,6.603280,16.602455,25.081855,11.123880,6.603280,1
4.100000,6,13.295463,8.774863,16.602455,25.081855,13.295463,8.774863,1
4.100000,7,9.353371,4.832771,16.602455,25.081855,9.353371,4.832771,1
4.600000,5,12.301324,7.780724,16.461918,24.941318,12.301324,7.780724,1
4.600000,6,13.700993,9.180393,16.461918,24.941318,13.700993,9.180393,1
4.600000,7,10.371178,5.850578,16.461918,24.941318,10.371178,5.850578,1
5.100000,5,9.854645,5.334045,18.459239,26.938639,9.854645,5.334045,1
5.100000,6,14.980485,10.459885,18.459239,26.938639,14.980485,10.459885,1
5.100000,7,13.262014,8.741414,18.459239,26.938639,13.262014,8.741414,1
5.600000,5,11.048028,6.527428,17.977102,26.456502,11.048028,6.527428,1
5.600000,6,13.296505,8.775905,17.977102,26.456502,13.296505,8.775905,1
5.600000,7,12.549486,8.028886,17.977102,26.456502,12.549486,8.028886,1
6.100000,5,12.060098,7.539498,16.480030,24.959430,12.060098,7.539498,1
6.100000,6,10.801761,6.281161,16.480030,24.959430,10.801761,6.281161,1
6.100000,7,12.378760,7.858160,16.480030,24.959430,12.378760,7.858160,1
6.600000,5,13.255834,8.735234,19.990484,28.469884,13.255834,8.735234,1
6.600000,6,13.255617,8.735017,19.990484,28.469884,13.255617,8.735017,1
6.600000,7,12.074678,7.554078,19.990484,28.469884,12.074678,7.554078,1
7.100000,5,15.381186,10.860586,19.348090,27.827491,15.381186,10.860586,1
7.100000,6,11.764622,7.244022,19.348090,27.827491,11.764622,7.244022,1
7.100000,7,11.912069,7.391469,19.348090,27.827491,11.912069,7.391469,1
7.600000,5,13.769562,9.248963,18.276801,26.756201,13.769562,9.248963,1
7.600000,6,13.865193,9.344593,18.276801,26.756201,13.865193,9.344593,1
7.600000,7,9.246931,4.726331,18.276801,26.756201,9.246931,4.726331,1
8.100000,5,12.207500,7.686900,19.086305,27.565705,12.207500,7.686900,1
8.100000,6,12.492335,7.971735,19.086305,27.565705,12.492335,7.971735,1
8.100000,7,11.462929,6.942329,19.086305,27.565705,11.462929,6.942329,1
8.600000,5,14.602901,10.082301,18.062482,26.541882,14.602901,10.082301,1
8.600000,6,12.876132,8.355532,18.062482,26.541882,12.876132,8.355532,1
8.600000,7,10.767509,6.246909,18.062482,26.541882,10.767509,6.246909,1
9.100000,5,7.404150,2.883550,15.826750,24.306150,7.404150,2.883550,1
9.100000,6,10.319152,5.798552,15.826750,24.306150,10.319152,5.798552,1
9.100000,7,11.599637,7.079037,15.826750,24.306150,11.599637,7.079037,1
9.600000,5,12.823275,8.302675,15.103779,23.583179,12.823275,8.302675,1
9.600000,6,13.794524,9.273924,15.103779,23.583179,13.794524,9.273924,1
9.600000,7,8.238558,3.717959,15.103779,23.583179,8.238558,3.717959,1
10.100000,5,12.566739,8.046139,21.987823,30.467223,12.566739,8.046139,1
10.100000,6,12.594901,8.074301,21.987823,30.467223,12.594901,8.074301,1
10.100000,7,10.799472,6.278872,21.987823,30.467223,10.799472,6.278872,1
10.600000,5,12.068241,7.547641,19.318181,27.797581,12.068241,7.547641,1
10.600000,6,13.423830,8.903230,19.318181,27.797581,13.423830,8.903230,1
10.600000,7,13.211179,8.690579,19.318181,27.797581,13.211179,8.690579,1
11.100000,5,12.826763,8.306164,15.461025,23.940425,12.826763,8.306164,1
11.100000,6,15.644149,11.123549,15.461025,23.940425,15.461025,11.123549,1
11.100000,7,11.201841,6.681241,15.461025,23.940425,11.201841,6.681241,1
11.600000,5,12.873909,8.353309,18.158009,26.637409,12.873909,8.353309,1
11.600000,6,10.038502,5.517902,18.158009,26.637409,10.038502,5.517902,1
11.600000,7,12.451923,7.931323,18.158009,26.637409,12.451923,7.931323,1
12.100000,5,13.900648,9.380048,19.440943,27.920343,13.900648,9.380048,1
12.100000,6,13.591737,9.071137,19.440943,27.920343,13.591737,9.071137,1
12.100000,7,14.281326,9.760726,19.440943,27.920343,14.281326,9.760726,1
12.600000,5,15.124683,10.604083,20.712090,29.191490,15.124683,10.604083,1
12.600000,6,10.641875,6.121275,20.712090,29.191490,10.641875,6.121275,1
12.600000,7,8.458751,3.938151,20.712090,29.191490,8.458751,3.938151,1
13.100000,5,14.278536,9.757936,19.306449,27.785850,14.278536,9.757936,1
13.100000,6,11.798034,7.277434,19.306449,27.785850,11.798034,7.277434,1
13.100000,7,12.948835,8.428235,19.306449,27.785850,12.948835,8.428235,1
13.600000,5,12.367649,7.847049,19.218402,27.697802,12.367649,7.847049,1
13.600000,6,12.390347,7.869747,19.218402,27.697802,12.390347,7.869747,1
13.600000,7,10.782374,6.261774,19.218402,27.697802,10.782374,6.261774,1
14.100000,5,8.366991,3.846391,17.760931,26.240331,8.366991,3.846391,1
14.100000,6,13.812119,9.291519,17.760931,26.240331,13.812119,9.291519,1
14.100000,7,10.956256,6.435656,17.760931,26.240331,10.956256,6.435656,1
14.600000,5,13.267872,8.747272,19.606765,28.086165,13.267872,8.747272,1
14.600000,6,13.773007,9.252407,19.606765,28.086165,13.773007,9.252407,1
14.600000,7,8.762711,4.242111,19.606765,28.086165,8.762711,4.242111,1
15.100000,5,12.947105,8.426505,15.283591,23.762992,12.947105,8.426505,1
15.100000,6,11.357079,6.836479,15.283591,23.762992,11.357079,6.836479,1
15.100000,7,14.984023,10.463423,15.283591,23.762992,14.984023,10.463423,1
15.600000,5,10.439642,5.919042,19.554125,28.033525,10.439642,5.919042,1
15.600000,6,13.648192,9.127592,19.554125,28.033525,13.648192,9.127592,1
15.600000,7,14.547523,10.026924,19.554125,28.033525,14.547523,10.026924,1
16.100000,5,11.276456,6.755856,18.542297,27.021697,11.276456,6.755856,1
16.100000,6,14.369871,9.849271,18.542297,27.021697,14.369871,9.849271,1
16.100000,7,12.839913,8.319314,18.542297,27.021697,12.839913,8.319314,1
16.600000,5,13.356773,8.836173,17.021863,25.501263,13.356773,8.836173,1
16.600000,6,15.624886,11.104286,17.021863,25.501263,15.624886,11.104286,1
16.600000,7,13.238552,8.717952,17.021863,25.501263,13.238552,8.717952,1
17.100000,5,11.447244,6.926644,19.442360,27.921760,11.447244,6.926644,1
17.100000,6,12.582373,8.061773,19.442360,27.921760,12.582373,8.061773,1
17.100000,7,7.865164,3.344564,19.442360,27.921760,7.865164,3.344564,1
17.600000,5,12.637240,8.116640,19.721343,28.200744,12.637240,8.116640,1
17.600000,6,8.819002,4.298402,19.721343,28.200744,8.819002,4.298402,1
17.600000,7,12.819580,8.298980,19.721343,28.200744,12.819580,8.298980,1
18.100000,5,14.081811,9.561211,15.261131,23.740532,14.081811,9.561211,1
18.100000,6,11.220616,6.700016,15.261131,23.740532,11.220616,6.700016,1
18.100000,7,10.387241,5.866641,15.261131,23.740532,10.387241,5.866641,1
18.600000,5,11.089292,6.568692,19.584074,28.063474,11.089292,6.568692,1
18.600000,6,13.658794,9.138194,19.584074,28.063474,13.658794,9.138194,1
18.600000,7,12.450742,7.930142,19.584074,28.063474,12.450742,7.930142,1
19.100000,5,14.394971,9.874371,13.917608,22.397008,13.917608,9.874371,1
19.100000,6,11.124031,6.603431,13.917608,22.397008,11.124031,6.603431,1
19.100000,7,13.416967,8.896367,13.917608,22.397008,13.416967,8.896367,1
19.600000,5,11.769437,7.248838,19.527880,28.007280,11.769437,7.248838,1
19.600000,6,14.103832,9.583233,19.527880,28.007280,14.103832,9.583233,1
19.600000,7,13.020658,8.500058,19.527880,28.007280,13.020658,8.500058,1
20.100000,5,15.748070,11.227470,18.927491,27.406891,15.748070,11.227470,1
20.100000,6,12.825948,8.305349,18.927491,27.406891,12.825948,8.305349,1
20.100000,7,10.978950,6.458350,18.927491,27.406891,10.978950,6.458350,1
20.600000,5,12.342650,7.822050,20.020909,28.500309,12.342650,7.822050,1
20.600000,6,12.095891,7.575291,20.020909,28.500309,12.095891,7.575291,1
20.600000,7,11.567315,7.046715,20.020909,28.500309,11.567315,7.046715,1
21.100000,5,7.961380,3.440780,19.825431,28.304831,7.961380,3.440780,1
21.100000,6,15.677445,11.156845,19.825431,28.304831,15.677445,11.156845,1
21.100000,7,11.356399,6.835799,19.825431,28.304831,11.356399,6.835799,1
21.600000,5,6.718035,2.197435,20.524815,29.004215,6.718035,2.197435,1
21.600000,6,10.333702,5.813102,20.524815,29.004215,10.333702,5.813102,1
21.600000,7,14.147953,9.627353,20.524815,29.004215,14.147953,9.627353,1
22.100000,5,15.323272,10.802673,16.678675,25.158075,15.323272,10.802673,1
22.100000,6,10.013505,5.492905,16.678675,25.158075,10.013505,5.492905,1
22.100000,7,9.121356,4.600756,16.678675,25.158075,9.121356,4.600756,1
22.600000,5,15.035018,10.514418,18.282592,26.761992,15.035018,10.514418,1
22.600000,6,11.675608,7.155008,18.282592,26.761992,11.675608,7.155008,1
22.600000,7,10.334894,5.814294,18.282592,26.761992,10.334894,5.814294,1
23.100000,5,10.144821,5.624221,18.185905,26.665305,10.144821,5.624221,1
23.100000,6,14.651301,10.130701,18.185905,26.665305,14.651301,10.130701,1
23.100000,7,11.290208,6.769608,18.185905,26.665305,11.290208,6.769608,1
23.600000,5,14.966756,10.446156,19.311458,27.790858,14.966756,10.446156,1
23.600000,6,11.084684,6.564084,19.311458,27.790858,11.084684,6.564084,1
23.600000,7,13.478603,8.958003,19.311458,27.790858,13.478603,8.958003,1
24.100000,5,11.530634,7.010034,17.907749,26.387149,11.530634,7.010034,1
24.100000,6,14.036473,9.515873,17.907749,26.387149,14.036473,9.515873,1
24.100000,7,11.237976,6.717376,17.907749,26.387149,11.237976,6.717376,1
24.600000,5,11.902068,7.381468,16.372404,24.851804,11.902068,7.381468,1
24.600000,6,11.575379,7.054779,16.372404,24.851804,11.575379,7.054779,1
24.600000,7,11.873277,7.352677,16.372404,24.851804,11.873277,7.352677,1
25.100000,5,11.071731,6.551131,15.302722,23.782122,11.071731,6.551131,1
25.100000,6,9.218779,4.698179,15.302722,23.782122,9.218779,4.698179,1
25.100000,7,10.294227,5.773627,15.302722,23.782122,10.294227,5.773627,1
25.600000,5,10.813956,6.293356,16.177584,24.656985,10.813956,6.293356,1
25.600000,6,15.224795,10.704195,16.177584,24.656985,15.224795,10.704195,1
25.600000,7,13.662846,9.142246,16.177584,24.656985,13.662846,9.142246,1
26.100000,5,13.608721,9.088121,18.877521,27.356921,13.608721,9.088121,1
26.100000,6,12.003956,7.483356,18.877521,27.356921,12.003956,7.483356,1
26.100000,7,13.212115,8.691515,18.877521,27.356921,13.212115,8.691515,1
26.600000,5,13.163519,8.642919,16.541745,25.021145,13.163519,8.642919,1
26.600000,6,11.524340,7.003741,16.541745,25.021145,11.524340,7.003741,1
26.600000,7,13.536253,9.015653,16.541745,25.021145,13.536253,9.015653,1
27.100000,5,9.846572,5.325972,19.257793,27.737193,9.846572,5.325972,1
27.100000,6,12.785720,8.265120,19.257793,27.737193,12.785720,8.265120,1
27.100000,7,11.204717,6.684118,19.257793,27.737193,11.204717,6.684118,1
27.600000,5,14.267020,9.746420,20.273851,28.753251,14.267020,9.746420,1
27.600000,6,12.719890,8.199290,20.273851,28.753251,12.719890,8.199290,1
27.600000,7,12.131940,7.611341,20.273851,28.753251,12.131940,7.611341,1
28.100000,5,11.421237,6.900637,17.859471,26.338871,11.421237,6.900637,1
28.100000,6,11.880449,7.359849,17.859471,26.338871,11.880449,7.359849,1
28.100000,7,9.535140,5.014540,17.859471,26.338871,9.535140,5.014540,1
28.600000,5,12.644685,8.124085,18.483662,26.963062,12.644685,8.124085,1
28.600000,6,12.504157,7.983557,18.483662,26.963062,12.504157,7.983557,1
28.600000,7,12.504696,7.984096,18.483662,26.963062,12.504696,7.984096,1
29.100000,5,12.529680,8.009081,18.259509,26.738909,12.529680,8.009081,1
29.100000,6,11.470938,6.950339,18.259509,26.738909,11.470938,6.950339,1
29.100000,7,13.250898,8.730298,18.259509,26.738909,13.250898,8.730298,1
29.600000,5,11.426640,6.906040,20.455864,28.935264,11.426640,6.906040,1
29.600000,6,12.262118,7.741518,20.455864,28.935264,12.262118,7.741518,1
29.600000,7,11.219640,6.699040,20.455864,28.935264,11.219640,6.699040,1
30.100000,5,14.528616,10.008016,15.032270,23.511670,14.528616,10.008016,1
30.100000,6,13.868849,9.348249,15.032270,23.511670,13.868849,9.348249,1
30.100000,7,11.893477,7.372877,15.032270,23.511670,11.893477,7.372877,1
30.600000,5,14.031698,9.511098,18.037637,26.517037,14.031698,9.511098,1
30.600000,6,11.923814,7.403214,18.037637,26.517037,11.923814,7.403214,1
30.600000,7,15.303103,10.782503,18.037637,26.517037,15.303103,10.782503,1
31.100000,5,11.991040,7.470440,17.625290,26.104690,11.991040,7.470440,1
31.100000,6,11.381209,6.860609,17.625290,26.104690,11.381209,6.860609,1
31.100000,7,11.902788,7.382188,17.625290,26.104690,11.902788,7.382188,1
31.600000,5,11.016163,6.495563,19.521611,28.001011,11.016163,6.495563,1
31.600000,6,14.432562,9.911962,19.521611,28.001011,14.432562,9.911962,1
31.600000,7,11.977179,7.456579,19.521611,28.001011,11.977179,7.456579,1
32.100000,5,13.429699,8.909099,21.313333,29.792733,13.429699,8.909099,1
32.100000,6,13.052583,8.531983,21.313333,29.792733,13.052583,8.531983,1
32.100000,7,9.829106,5.308506,21.313333,29.792733,9.829106,5.308506,1
32.600000,5,12.016897,7.496297,18.966510,27.445910,12.016897,7.496297,1
32.600000,6,15.478050,10.957450,18.966510,27.445910,15.478050,10.957450,1
32.600000,7,12.766577,8.245977,18.966510,27.445910,12.766577,8.245977,1
33.100000,5,15.986971,11.466371,20.667706,29.147106,15.986971,11.466371,1
33.100000,6,14.885425,10.364826,20.667706,29.147106,14.885425,10.364826,1
33.100000,7,12.178108,7.657508,20.667706,29.147106,12.178108,7.657508,1
33.600000,5,12.312299,7.791699,19.700485,28.179885,12.312299,7.791699,1
33.600000,6,13.454572,8.933972,19.700485,28.179885,13.454572,8.933972,1
33.600000,7,12.188656,7.668057,19.700485,28.179885,12.188656,7.668057,1
34.100000,5,12.013515,7.492915,10.874807,19.354207,10.874807,7.492915,1
34.100000,6,9.037804,4.517204,10.874807,19.354207,9.037804,4.517204,1
34.100000,7,13.905834,9.385234,10.874807,19.354207,10.874807,9.385234,1
34.600000,5,12.600225,8.079625,20.068621,28.548021,12.600225,8.079625,1
34.600000,6,12.951038,8.430438,20.068621,28.548021,12.951038,8.430438,1
34.600000,7,12.533197,8.012597,20.068621,28.548021,12.533197,8.012597,1
35.100000,5,11.263845,6.743245,20.399321,28.878721,11.263845,6.743245,1
35.100000,6,10.480615,5.960015,20.399321,28.878721,10.480615,5.960015,1
35.100000,7,9.967845,5.447245,20.399321,28.878721,9.967845,5.447245,1
35.600000,5,14.376298,9.855698,15.014191,23.493591,14.376298,9.855698,1
35.600000,6,9.502660,4.982060,15.014191,23.493591,9.502660,4.982060,1
35.600000,7,11.713529,7.192929,15.014191,23.493591,11.713529,7.192929,1
36.100000,5,11.807560,7.286960,16.971944,25.451344,11.807560,7.286960,1
36.100000,6,14.847940,10.327340,16.971944,25.451344,14.847940,10.327340,1
36.100000,7,11.330235,6.809635,16.971944,25.451344,11.330235,6.809635,1
36.600000,5,10.776026,6.255426,17.657719,26.137120,10.776026,6.255426,1
36.600000,6,13.348913,8.828313,17.657719,26.137120,13.348913,8.828313,1
36.600000,7,12.860068,8.339468,17.657719,26.137120,12.860068,8.339468,1
37.100000,5,11.409572,6.888972,16.282094,24.761494,11.409572,6.888972,1
37.100000,6,11.062645,6.542046,16.282094,24.761494,11.062645,6.542046,1
37.100000,7,13.591395,9.070795,16.282094,24.761494,13.591395,9.070795,1
37.600000,5,12.978428,8.457828,17.983810,26.463210,12.978428,8.457828,1
37.600000,6,11.069170,6.548570,17.983810,26.463210,11.069170,6.548570,1
37.600000,7,12.999047,8.478448,17.983810,26.463210,12.999047,8.478448,1
38.100000,5,9.525723,5.005123,19.847769,28.327169,9.525723,5.005123,1
38.100000,6,12.033238,7.512638,19.847769,28.327169,12.033238,7.512638,1
38.100000,7,12.919482,8.398882,19.847769,28.327169,12.919482,8.398882,1
38.600000,5,14.300539,9.779939,15.613004,24.092404,14.300539,9.779939,1
38.600000,6,11.554724,7.034124,15.613004,24.092404,11.554724,7.034124,1
38.600000,7,11.291388,6.770788,15.613004,24.092404,11.291388,6.770788,1
39.100000,5,6.092666,1.572066,13.201188,21.680588,6.092666,1.572066,1
39.100000,6,13.283079,8.762479,13.201188,21.680588,13.201188,8.762479,1
39.100000,7,12.147539,7.626940,13.201188,21.680588,12.147539,7.626940,1
39.600000,5,13.369253,8.848653,16.686857,25.166257,13.369253,8.848653,1
39.600000,6,11.443171,6.922571,16.686857,25.166257,11.443171,6.922571,1
39.600000,7,13.444199,8.923599,16.686857,25.166257,13.444199,8.923599,1
40.100000,5,7.969655,3.449056,21.875199,30.354599,7.969655,3.449056,1
40.100000,6,12.054164,7.533564,21.875199,30.354599,12.054164,7.533564,1
40.100000,7,11.804611,7.284011,21.875199,30.354599,11.804611,7.284011,1
40.600000,5,11.501701,6.981101,15.603090,24.082490,11.501701,6.981101,1
40.600000,6,13.032456,8.511856,15.603090,24.082490,13.032456,8.511856,1
40.600000,7,13.303605,8.783005,15.603090,24.082490,13.303605,8.783005,1
41.100000,5,15.032143,10.511543,16.342530,24.821930,15.032143,10.511543,1
41.100000,6,12.123805,7.603205,16.342530,24.821930,12.123805,7.603205,1
41.100000,7,12.854893,8.334293,16.342530,24.821930,12.854893,8.334293,1
41.600000,5,12.150377,7.629777,18.133657,26.613057,12.150377,7.629777,1
41.600000,6,12.263636,7.743036,18.133657,26.613057,12.263636,7.743036,1
41.600000,7,12.169071,7.648471,18.133657,26.613057,12.169071,7.648471,1
42.100000,5,12.254305,7.733705,18.147801,26.627201,12.254305,7.733705,1
42.100000,6,15.691362,11.170762,18.147801,26.627201,15.691362,11.170762,1
42.100000,7,10.909983,6.389383,18.147801,26.627201,10.909983,6.389383,1
42.600000,5,12.323336,7.802736,16.905833,25.385233,12.323336,7.802736,1
42.600000,6,14.858709,10.338109,16.905833,25.385233,14.858709,10.338109,1
42.600000,7,13.225583,8.704984,16.905833,25.385233,13.225583,8.704984,1
43.100000,5,13.250837,8.730237,20.293478,28.772878,13.250837,8.730237,1
43.100000,6,14.031464,9.510864,20.293478,28.772878,14.031464,9.510864,1
43.100000,7,16.199698,11.679098,20.293478,28.772878,16.199698,11.679098,1
43.600000,5,11.085175,6.564575,20.361015,28.840415,11.085175,6.564575,1
43.600000,6,12.738472,8.217872,20.361015,28.840415,12.738472,8.217872,1
43.600000,7,11.317583,6.796983,20.361015,28.840415,11.317583,6.796983,1
44.100000,5,11.135662,6.615062,17.746192,26.225592,11.135662,6.615062,1
44.100000,6,13.710889,9.190289,17.746192,26.225592,13.710889,9.190289,1
44.100000,7,13.657316,9.136716,17.746192,26.225592,13.657316,9.136716,1
44.600000,5,11.969228,7.448628,19.081071,27.560472,11.969228,7.448628,1
44.600000,6,12.799307,8.278707,19.081071,27.560472,12.799307,8.278707,1
44.600000,7,14.049147,9.528547,19.081071,27.560472,14.049147,9.528547,1
45.100000,5,9.274018,4.753418,18.058631,26.538031,9.274018,4.753418,1
45.100000,6,14.102963,9.582363,18.058631,26.538031,14.102963,9.582363,1
45.100000,7,11.635201,7.114601,18.058631,26.538031,11.635201,7.114601,1
45.600000,5,11.997072,7.476472,16.581985,25.061385,11.997072,7.476472,1
45.600000,6,13.468499,8.947899,16.581985,25.061385,13.468499,8.947899,1
45.600000,7,14.109507,9.588908,16.581985,25.061385,14.109507,9.588908,1
46.100000,5,14.725134,10.204534,19.032190,27.511590,14.725134,10.204534,1
46.100000,6,12.872400,8.351800,19.032190,27.511590,12.872400,8.351800,1
46.100000,7,11.424573,6.903973,19.032190,27.511590,11.424573,6.903973,1
46.600000,5,9.463334,4.942734,19.374476,27.853876,9.463334,4.942734,1
46.600000,6,13.373611,8.853011,19.374476,27.853876,13.373611,8.853011,1
46.600000,7,11.738060,7.217460,19.374476,27.853876,11.738060,7.217460,1
47.100000,5,12.230517,7.709917,20.389351,28.868751,12.230517,7.709917,1
47.100000,6,12.941714,8.421114,20.389351,28.868751,12.941714,8.421114,1
47.100000,7,10.885165,6.364565,20.389351,28.868751,10.885165,6.364565,1
47.600000,5,8.904974,4.384374,19.597480,28.076880,8.904974,4.384374,1
47.600000,6,9.755544,5.234944,19.597480,28.076880,9.755544,5.234944,1
47.600000,7,12.896975,8.376375,19.597480,28.076880,12.896975,8.376375,1
48.100000,5,11.271784,6.751184,19.561321,28.040721,11.271784,6.751184,1
48.100000,6,13.450090,8.929490,19.561321,28.040721,13.450090,8.929490,1
48.100000,7,15.403679,10.883079,19.561321,28.040721,15.403679,10.883079,1
48.600000,5,14.074869,9.554269,17.116018,25.595418,14.074869,9.554269,1
48.600000,6,9.820959,5.300359,17.116018,25.595418,9.820959,5.300359,1
48.600000,7,10.756366,6.235766,17.116018,25.595418,10.756366,6.235766,1
49.100000,5,11.350269,6.829669,14.186400,22.665800,11.350269,6.829669,1
49.100000,6,12.615305,8.094705,14.186400,22.665800,12.615305,8.094705,1
49.100000,7,10.945727,6.425127,14.186400,22.665800,10.945727,6.425127,1
49.600000,5,11.134217,6.613617,18.710562,27.189962,11.134217,6.613617,1
49.600000,6,10.859350,6.338751,18.710562,27.189962,10.859350,6.338751,1
49.600000,7,11.752500,7.231900,18.710562,27.189962,11.752500,7.231900,1
50.100000,5,14.574726,10.054126,13.964622,22.444023,13.964622,10.054126,1
50.100000,6,9.039554,4.518955,13.964622,22.444023,9.039554,4.518955,1
50.100000,7,11.291550,6.770951,13.964622,22.444023,11.291550,6.770951,1
50.600000,5,12.475860,7.955260,14.563484,23.042884,12.475860,7.955260,1
50.600000,6,9.000635,4.480035,14.563484,23.042884,9.000635,4.480035,1
50.600000,7,9.420415,4.899816,14.563484,23.042884,9.420415,4.899816,1
51.100000,5,13.482618,8.962018,18.900091,27.379491,13.482618,8.962018,1
51.100000,6,9.974774,5.454174,18.900091,27.379491,9.974774,5.454174,1
51.100000,7,13.816644,9.296044,18.900091,27.379491,13.816644,9.296044,1
51.600000,5,9.808577,5.287977,18.203971,26.683371,9.808577,5.287977,1
51.600000,6,12.272048,7.751448,18.203971,26.683371,12.272048,7.751448,1
51.600000,7,10.902959,6.382360,18.203971,26.683371,10.902959,6.382360,1
52.100000,5,10.572014,6.051414,16.616790,25.096190,10.572014,6.051414,1
52.100000,6,13.219458,8.698858,16.616790,25.096190,13.219458,8.698858,1
52.100000,7,11.414939,6.894339,16.616790,25.096190,11.414939,6.894339,1
52.600000,5,11.184555,6.663955,17.458506,25.937907,11.184555,6.663955,1
52.600000,6,11.754715,7.234115,17.458506,25.937907,11.754715,7.234115,1
52.600000,7,8.387223,3.866623,17.458506,25.937907,8.387223,3.866623,1
53.100000,5,13.573210,9.052610,20.664856,29.144256,13.573210,9.052610,1
53.100000,6,9.203539,4.682939,20.664856,29.144256,9.203539,4.682939,1
53.100000,7,12.739696,8.219096,20.664856,29.144256,12.739696,8.219096,1
53.600000,5,13.060103,8.539503,15.847388,24.326788,13.060103,8.539503,1
53.600000,6,13.929434,9.408834,15.847388,24.326788,13.929434,9.408834,1
53.600000,7,14.787036,10.266436,15.847388,24.326788,14.787036,10.266436,1
54.100000,5,13.888139,9.367539,18.131504,26.610904,13.888139,9.367539,1
54.100000,6,11.028152,6.507552,18.131504,26.610904,11.028152,6.507552,1
54.100000,7,13.257523,8.736923,18.131504,26.610904,13.257523,8.736923,1
54.600000,5,11.292713,6.772114,19.955566,28.434966,11.292713,6.772114,1
54.600000,6,13.597653,9.077053,19.955566,28.434966,13.597653,9.077053,1
54.600000,7,11.285188,6.764589,19.955566,28.434966,11.285188,6.764589,1
55.100000,5,10.948266,6.427666,14.937871,23.417271,10.948266,6.427666,1
55.100000,6,10.462326,5.941726,14.937871,23.417271,10.462326,5.941726,1
55.100000,7,12.823862,8.303262,14.937871,23.417271,12.823862,8.303262,1
55.600000,5,14.104114,9.583514,18.244203,26.723603,14.104114,9.583514,1
55.600000,6,7.733750,3.213150,18.244203,26.723603,7.733750,3.213150,1
55.600000,7,11.587028,7.066428,18.244203,26.723603,11.587028,7.066428,1
56.100000,5,13.121785,8.601185,20.634556,29.113957,13.121785,8.601185,1
56.100000,6,10.293581,5.772982,20.634556,29.113957,10.293581,5.772982,1
56.100000,7,11.445069,6.924469,20.634556,29.113957,11.445069,6.924469,1
56.600000,5,10.177588,5.656988,18.704247,27.183647,10.177588,5.656988,1
56.600000,6,14.136693,9.616093,18.704247,27.183647,14.136693,9.616093,1
56.600000,7,12.511320,7.990720,18.704247,27.183647,12.511320,7.990720,1
57.100000,5,12.563643,8.043043,20.352366,28.831766,12.563643,8.043043,1
57.100000,6,13.407359,8.886759,20.352366,28.831766,13.407359,8.886759,1
57.100000,7,8.671497,4.150897,20.352366,28.831766,8.671497,4.150897,1
57.600000,5,11.321465,6.800865,19.527867,28.007267,11.321465,6.800865,1
57.600000,6,11.913892,7.393293,19.527867,28.007267,11.913892,7.393293,1
57.600000,7,10.628201,6.107601,19.527867,28.007267,10.628201,6.107601,1
58.100000,5,13.950429,9.429829,19.345580,27.824980,13.950429,9.429829,1
58.100000,6,14.963705,10.443105,19.345580,27.824980,14.963705,10.443105,1
58.100000,7,10.803645,6.283045,19.345580,27.824980,10.803645,6.283045,1
58.600000,5,12.979301,8.458701,14.746853,23.226253,12.979301,8.458701,1
58.600000,6,8.119941,3.599342,14.746853,23.226253,8.119941,3.599342,1
58.600000,7,9.914190,5.393590,14.746853,23.226253,9.914190,5.393590,1
59.100000,5,14.316032,9.795432,18.193665,26.673065,14.316032,9.795432,1
59.100000,6,12.016778,7.496178,18.193665,26.673065,12.016778,7.496178,1
59.100000,7,11.725033,7.204433,18.193665,26.673065,11.725033,7.204433,1
59.600000,5,14.550068,10.029468,18.569319,27.048719,14.550068,10.029468,1
59.600000,6,11.026180,6.505580,18.569319,27.048719,11.026180,6.505580,1
59.600000,7,13.224123,8.703523,18.569319,27.048719,13.224123,8.703523,1
60.100000,5,9.999530,5.478930,19.504208,27.983608,9.999530,5.478930,1
60.100000,6,14.786777,10.266177,19.504208,27.983608,14.786777,10.266177,1
60.100000,7,10.268227,5.747627,19.504208,27.983608,10.268227,5.747627,1
60.600000,5,12.445330,7.924730,20.241594,28.720994,12.445330,7.924730,1
60.600000,6,12.808743,8.288143,20.241594,28.720994,12.808743,8.288143,1
60.600000,7,9.131074,4.610474,20.241594,28.720994,9.131074,4.610474,1
61.100000,5,12.890339,8.369739,17.671140,26.150540,12.890339,8.369739,1
61.100000,6,11.601356,7.080756,17.671140,26.150540,11.601356,7.080756,1
61.100000,7,14.255127,9.734527,17.671140,26.150540,14.255127,9.734527,1
61.600000,5,11.725321,7.204721,20.481277,28.960677,11.725321,7.204721,1
61.600000,6,12.064389,7.543790,20.481277,28.960677,12.064389,7.543790,1
61.600000,7,13.358974,8.838374,20.481277,28.960677,13.358974,8.838374,1
62.100000,5,13.727765,9.207165,18.366202,26.845602,13.727765,9.207165,1
62.100000,6,13.678173,9.157574,18.366202,26.845602,13.678173,9.157574,1
62.100000,7,14.197477,9.676877,18.366202,26.845602,14.197477,9.676877,1
62.600000,5,10.868247,6.347647,18.683181,27.162581,10.868247,6.347647,1
62.600000,6,10.123291,5.602691,18.683181,27.162581,10.123291,5.602691,1
62.600000,7,11.506538,6.985938,18.683181,27.162581,11.506538,6.985938,1
63.100000,5,12.177978,7.657378,16.762870,25.242270,12.177978,7.657378,1
63.100000,6,11.484838,6.964238,16.762870,25.242270,11.484838,6.964238,1
63.100000,7,12.309046,7.788446,16.762870,25.242270,12.309046,7.788446,1
63.600000,5,12.732639,8.212039,21.423225,29.902625,12.732639,8.212039,1
63.600000,6,10.446376,5.925776,21.423225,29.902625,10.446376,5.925776,1
63.600000,7,11.347421,6.826821,21.423225,29.902625,11.347421,6.826821,1
64.100000,5,13.502203,8.981603,18.493512,26.972912,13.502203,8.981603,1
64.100000,6,11.077707,6.557107,18.493512,26.972912,11.077707,6.557107,1
64.100000,7,11.673297,7.152697,18.493512,26.972912,11.673297,7.152697,1
64.600000,5,12.918626,8.398027,17.809272,26.288672,12.918626,8.398027,1
64.600000,6,14.092656,9.572056,17.809272,26.288672,14.092656,9.572056,1
64.600000,7,5.532136,1.011536,17.809272,26.288672,5.532136,1.011536,1
65.100000,5,16.120424,11.599824,19.365927,27.845327,16.120424,11.599824,1
65.100000,6,13.623659,9.103059,19.365927,27.845327,13.623659,9.103059,1
65.100000,7,14.519416,9.998816,19.365927,27.845327,14.519416,9.998816,1
65.600000,5,8.328107,3.807507,17.471646,25.951046,8.328107,3.807507,1
65.600000,6,14.165317,9.644717,17.471646,25.951046,14.165317,9.644717,1
65.600000,7,10.317700,5.797100,17.471646,25.951046,10.317700,5.797100,1
66.100000,5,12.466050,7.945450,16.034495,24.513895,12.466050,7.945450,1
66.100000,6,14.914976,10.394376,16.034495,24.513895,14.914976,10.394376,1
66.100000,7,13.366902,8.846302,16.034495,24.513895,13.366902,8.846302,1
66.600000,5,15.037683,10.517083,19.979871,28.459271,15.037683,10.517083,1
66.600000,6,14.059212,9.538613,19.979871,28.459271,14.059212,9.538613,1
66.600000,7,13.021237,8.500637,19.979871,28.459271,13.021237,8.500637,1
67.100000,5,9.860331,5.339731,16.079924,24.559324,9.860331,5.339731,1
67.100000,6,11.376664,6.856064,16.079924,24.559324,11.376664,6.856064,1
67.100000,7,12.633239,8.112640,16.079924,24.559324,12.633239,8.112640,1
67.600000,5,11.684746,7.164146,17.634773,26.114173,11.684746,7.164146,1
67.600000,6,14.952253,10.431653,17.634773,26.114173,14.952253,10.431653,1
67.600000,7,14.997074,10.476474,17.634773,26.114173,14.997074,10.476474,1
68.100000,5,14.409082,9.888482,19.030795,27.510196,14.409082,9.888482,1
68.100000,6,15.419386,10.898786,19.030795,27.510196,15.419386,10.898786,1
68.100000,7,13.528219,9.007619,19.030795,27.510196,13.528219,9.007619,1
68.600000,5,13.877293,9.356693,19.049409,27.528809,13.877293,9.356693,1
68.600000,6,10.424094,5.903494,19.049409,27.528809,10.424094,5.903494,1
68.600000,7,14.875736,10.355136,19.049409,27.528809,14.875736,10.355136,1
69.100000,5,14.159957,9.639357,20.671279,29.150679,14.159957,9.639357,1
69.100000,6,14.780132,10.259532,20.671279,29.150679,14.780132,10.259532,1
69.100000,7,7.203270,2.682670,20.671279,29.150679,7.203270,2.682670,1
69.600000,5,13.832230,9.311630,18.937120,27.416520,13.832230,9.311630,1
69.600000,6,11.692053,7.171454,18.937120,27.416520,11.692053,7.171454,1
69.600000,7,11.626314,7.105714,18.937120,27.416520,11.626314,7.105714,1
70.100000,5,13.401664,8.881064,19.229881,27.709281,13.401664,8.881064,1
70.100000,6,14.695409,10.174809,19.229881,27.709281,14.695409,10.174809,1
70.100000,7,13.123099,8.602499,19.229881,27.709281,13.123099,8.602499,1
70.600000,5,14.172007,9.651407,18.426044,26.905444,14.172007,9.651407,1
70.600000,6,13.260950,8.740350,18.426044,26.905444,13.260950,8.740350,1
70.600000,7,11.332560,6.811960,18.426044,26.905444,11.332560,6.811960,1
71.100000,5,14.727953,10.207353,20.397236,28.876636,14.727953,10.207353,1
71.100000,6,14.523569,10.002970,20.397236,28.876636,14.523569,10.002970,1
71.100000,7,11.128699,6.608099,20.397236,28.876636,11.128699,6.608099,1
71.600000,5,11.032183,6.511583,18.585303,27.064703,11.032183,6.511583,1
71.600000,6,12.362556,7.841957,18.585303,27.064703,12.362556,7.841957,1
71.600000,7,15.760734,11.240134,18.585303,27.064703,15.760734,11.240134,1
72.100000,5,13.482340,8.961740,17.645733,26.125133,13.482340,8.961740,1
72.100000,6,10.412728,5.892128,17.645733,26.125133,10.412728,5.892128,1
72.100000,7,11.972811,7.452211,17.645733,26.125133,11.972811,7.452211,1
72.600000,5,13.731824,9.211224,15.999596,24.478996,13.731824,9.211224,1
72.600000,6,11.103357,6.582757,15.999596,24.478996,11.103357,6.582757,1
72.600000,7,12.920719,8.400119,15.999596,24.478996,12.920719,8.400119,1
73.100000,5,13.458412,8.937812,14.754933,23.234333,13.458412,8.937812,1
73.100000,6,14.270702,9.750102,14.754933,23.234333,14.270702,9.750102,1
73.100000,7,14.078465,9.557865,14.754933,23.234333,14.078465,9.557865,1
73.600000,5,11.642517,7.121917,17.611045,26.090445,11.642517,7.121917,1
73.600000,6,10.568091,6.047492,17.611045,26.090445,10.568091,6.047492,1
73.600000,7,11.703417,7.182817,17.611045,26.090445,11.703417,7.182817,1
74.100000,5,13.259983,8.739383,19.729769,28.209169,13.259983,8.739383,1
74.100000,6,11.508137,6.987537,19.729769,28.209169,11.508137,6.987537,1
74.100000,7,7.185391,2.664791,19.729769,28.209169,7.185391,2.664791,1
74.600000,5,13.934483,9.413883,16.979127,25.458527,13.934483,9.413883,1
74.600000,6,9.748325,5.227725,16.979127,25.458527,9.748325,5.227725,1
74.600000,7,9.087702,4.567102,16.979127,25.458527,9.087702,4.567102,1
75.100000,5,14.326833,9.806234,18.987624,27.467024,14.326833,9.806234,1
75.100000,6,9.355492,4.834892,18.987624,27.467024,9.355492,4.834892,1
75.100000,7,12.642502,8.121902,18.987624,27.467024,12.642502,8.121902,1
75.600000,5,13.010568,8.489968,23.315494,31.794894,13.010568,8.489968,1
75.600000,6,14.176151,9.655551,23.315494,31.794894,14.176151,9.655551,1
75.600000,7,9.271289,4.750689,23.315494,31.794894,9.271289,4.750689,1
76.100000,5,12.003859,7.483259,18.224521,26.703921,12.003859,7.483259,1
76.100000,6,9.353569,4.832969,18.224521,26.703921,9.353569,4.832969,1
76.100000,7,15.089717,10.569117,18.224521,26.703921,15.089717,10.569117,1
76.600000,5,12.195082,7.674482,19.601337,28.080737,12.195082,7.674482,1
76.600000,6,13.188049,8.667449,19.601337,28.080737,13.188049,8.667449,1
76.600000,7,12.131349,7.610749,19.601337,28.080737,12.131349,7.610749,1
77.100000,5,9.147186,4.626586,16.336606,24.816007,9.147186,4.626586,1
77.100000,6,12.538399,8.017799,16.336606,24.816007,12.538399,8.017799,1
77.100000,7,14.954746,10.434146,16.336606,24.816007,14.954746,10.434146,1
77.600000,5,9.693177,5.172577,21.037096,29.516496,9.693177,5.172577,1
77.600000,6,14.284080,9.763480,21.037096,29.516496,14.284080,9.763480,1
77.600000,7,14.387146,9.866546,21.037096,29.516496,14.387146,9.866546,1
78.100000,5,13.382812,8.862212,19.364466,27.843866,13.382812,8.862212,1
78.100000,6,14.765374,10.244774,19.364466,27.843866,14.765374,10.244774,1
78.100000,7,9.857370,5.336770,19.364466,27.843866,9.857370,5.336770,1
78.600000,5,9.913150,5.392551,14.426537,22.905937,9.913150,5.392551,1
78.600000,6,13.236027,8.715427,14.426537,22.905937,13.236027,8.715427,1
78.600000,7,11.450502,6.929902,14.426537,22.905937,11.450502,6.929902,1
79.100000,5,13.269356,8.748756,17.503483,25.982883,13.269356,8.748756,1
79.100000,6,11.373803,6.853203,17.503483,25.982883,11.373803,6.853203,1
79.100000,7,14.497244,9.976644,17.503483,25.982883,14.497244,9.976644,1
79.600000,5,11.957664,7.437064,17.743460,26.222860,11.957664,7.437064,1
79.600000,6,12.332657,7.812057,17.743460,26.222860,12.332657,7.812057,1
79.600000,7,12.664877,8.144277,17.743460,26.222860,12.664877,8.144277,1
80.100000,5,8.621183,4.100583,16.821767,25.301167,8.621183,4.100583,1
80.100000,6,15.335389,10.814790,16.821767,25.301167,15.335389,10.814790,1
80.100000,7,11.530688,7.010088,16.821767,25.301167,11.530688,7.010088,1
80.600000,5,11.666210,7.145610,19.770360,28.249760,11.666210,7.145610,1
80.600000,6,11.625113,7.104513,19.770360,28.249760,11.625113,7.104513,1
80.600000,7,15.859221,11.338621,19.770360,28.249760,15.859221,11.338621,1
81.100000,5,11.331098,6.810498,18.590015,27.069415,11.331098,6.810498,1
81.100000,6,7.532739,3.012139,18.590015,27.069415,7.532739,3.012139,1
81.100000,7,11.832887,7.312287,18.590015,27.069415,11.832887,7.312287,1
81.600000,5,14.605949,10.085349,18.106293,26.585693,14.605949,10.085349,1
81.600000,6,12.334052,7.813452,18.106293,26.585693,12.334052,7.813452,1
81.600000,7,12.950698,8.430098,18.106293,26.585693,12.950698,8.430098,1
82.100000,5,14.161721,9.641121,19.862682,28.342082,14.161721,9.641121,1
82.100000,6,10.265399,5.744799,19.862682,28.342082,10.265399,5.744799,1
82.100000,7,12.418512,7.897912,19.862682,28.342082,12.418512,7.897912,1
82.600000,5,13.856100,9.335500,18.008510,26.487910,13.856100,9.335500,1
82.600000,6,11.556525,7.035925,18.008510,26.487910,11.556525,7.035925,1
82.600000,7,12.339336,7.818736,18.008510,26.487910,12.339336,7.818736,1
83.100000,5,11.296619,6.776019,18.652093,27.131493,11.296619,6.776019,1
83.100000,6,14.150979,9.630379,18.652093,27.131493,14.150979,9.630379,1
83.100000,7,13.642860,9.122260,18.652093,27.131493,13.642860,9.122260,1
83.600000,5,11.210157,6.689557,16.896492,25.375892,11.210157,6.689557,1
83.600000,6,15.861928,11.341328,16.896492,25.375892,15.861928,11.341328,1
83.600000,7,14.083977,9.563377,16.896492,25.375892,14.083977,9.563377,1
84.100000,5,11.985598,7.464998,17.633413,26.112813,11.985598,7.464998,1
84.100000,6,13.235158,8.714558,17.633413,26.112813,13.235158,8.714558,1
84.100000,7,13.328926,8.808326,17.633413,26.112813,13.328926,8.808326,1
84.600000,5,12.484697,7.964097,11.277756,19.757156,11.277756,7.964097,1
84.600000,6,10.404697,5.884097,11.277756,19.757156,10.404697,5.884097,1
84.600000,7,9.840133,5.319533,11.277756,19.757156,9.840133,5.319533,1
85.100000,5,8.807894,4.287294,19.227354,27.706754,8.807894,4.287294,1
85.100000,6,12.587059,8.066459,19.227354,27.706754,12.587059,8.066459,1
85.100000,7,13.727040,9.206440,19.227354,27.706754,13.727040,9.206440,1
85.600000,5,13.567955,9.047355,19.700698,28.180098,13.567955,9.047355,1
85.600000,6,12.249176,7.728576,19.700698,28.180098,12.249176,7.728576,1
85.600000,7,11.769101,7.248502,19.700698,28.180098,11.769101,7.248502,1
86.100000,5,12.307225,7.786625,19.969442,28.448842,12.307225,7.786625,1
86.100000,6,12.207475,7.686875,19.969442,28.448842,12.207475,7.686875,1
86.100000,7,14.353075,9.832476,19.969442,28.448842,14.353075,9.832476,1
86.600000,5,10.798870,6.278270,19.446819,27.926219,10.798870,6.278270,1
86.600000,6,12.254617,7.734017,19.446819,27.926219,12.254617,7.734017,1
86.600000,7,11.557093,7.036494,19.446819,27.926219,11.557093,7.036494,1
87.100000,5,10.744501,6.223901,18.110983,26.590383,10.744501,6.223901,1
87.100000,6,9.827292,5.306692,18.110983,26.590383,9.827292,5.306692,1
87.100000,7,12.281803,7.761203,18.110983,26.590383,12.281803,7.761203,1
87.600000,5,12.623066,8.102466,17.143370,25.622770,12.623066,8.102466,1
87.600000,6,16.372026,11.851427,17.143370,25.622770,16.372026,11.851427,1
87.600000,7,14.717794,10.197194,17.143370,25.622770,14.717794,10.197194,1
88.100000,5,6.972098,2.451498,21.949969,30.429370,6.972098,2.451498,1
88.100000,6,14.114299,9.593699,21.949969,30.429370,14.114299,9.593699,1
88.100000,7,11.673444,7.152844,21.949969,30.429370,11.673444,7.152844,1
88.600000,5,10.858409,6.337809,20.056776,28.536176,10.858409,6.337809,1
88.600000,6,9.739835,5.219235,20.056776,28.536176,9.739835,5.219235,1
88.600000,7,11.579104,7.058504,20.056776,28.536176,11.579104,7.058504,1
89.100000,5,13.225282,8.704682,19.389543,27.868943,13.225282,8.704682,1
89.100000,6,11.205298,6.684698,19.389543,27.868943,11.205298,6.684698,1
89.100000,7,11.835271,7.314671,19.389543,27.868943,11.835271,7.314671,1
89.600000,5,11.736936,7.216336,19.311267,27.790667,11.736936,7.216336,1
89.600000,6,11.583937,7.063337,19.311267,27.790667,11.583937,7.063337,1
89.600000,7,12.299865,7.779265,19.311267,27.790667,12.299865,7.779265,1
90.100000,5,9.228161,4.707562,12.467460,20.946860,9.228161,4.707562,1
90.100000,6,11.615408,7.094808,12.467460,20.946860,11.615408,7.094808,1
90.100000,7,12.545473,8.024873,12.467460,20.946860,12.467460,8.024873,1
90.600000,5,10.954097,6.433497,19.426022,27.905423,10.954097,6.433497,1
90.600000,6,12.246831,7.726232,19.426022,27.905423,12.246831,7.726232,1
90.600000,7,11.235938,6.715338,19.426022,27.905423,11.235938,6.715338,1
91.100000,5,14.492435,9.971836,18.626602,27.106002,14.492435,9.971836,1
91.100000,6,11.760685,7.240085,18.626602,27.106002,11.760685,7.240085,1
91.100000,7,10.776277,6.255677,18.626602,27.106002,10.776277,6.255677,1
91.600000,5,10.195665,5.675065,19.609875,28.089276,10.195665,5.675065,1
91.600000,6,13.186613,8.666013,19.609875,28.089276,13.186613,8.666013,1
91.600000,7,13.389811,8.869211,19.609875,28.089276,13.389811,8.869211,1
92.100000,5,11.843506,7.322906,19.025973,27.505373,11.843506,7.322906,1
92.100000,6,12.339674,7.819074,19.025973,27.505373,12.339674,7.819074,1
92.100000,7,12.867936,8.347336,19.025973,27.505373,12.867936,8.347336,1
92.600000,5,13.474757,8.954157,17.432683,25.912083,13.474757,8.954157,1
92.600000,6,12.765668,8.245068,17.432683,25.912083,12.765668,8.245068,1
92.600000,7,15.969253,11.448653,17.432683,25.912083,15.969253,11.448653,1
93.100000,5,13.172894,8.652294,15.905645,24.385045,13.172894,8.652294,1
93.100000,6,14.273027,9.752427,15.905645,24.385045,14.273027,9.752427,1
93.100000,7,12.862631,8.342031,15.905645,24.385045,12.862631,8.342031,1
93.600000,5,11.976549,7.455949,16.510963,24.990363,11.976549,7.455949,1
93.600000,6,13.539994,9.019394,16.510963,24.990363,13.539994,9.019394,1
93.600000,7,11.186403,6.665803,16.510963,24.990363,11.186403,6.665803,1
94.100000,5,13.721020,9.200420,19.215683,27.695083,13.721020,9.200420,1
94.100000,6,12.144207,7.623607,19.215683,27.695083,12.144207,7.623607,1
94.100000,7,13.163736,8.643137,19.215683,27.695083,13.163736,8.643137,1
94.600000,5,13.077752,8.557152,18.915481,27.394881,13.077752,8.557152,1
94.600000,6,11.857548,7.336948,18.915481,27.394881,11.857548,7.336948,1
94.600000,7,12.769514,8.248914,18.915481,27.394881,12.769514,8.248914,1
95.100000,5,11.237387,6.716787,16.894193,25.373594,11.237387,6.716787,1
95.100000,6,12.203689,7.683089,16.894193,25.373594,12.203689,7.683089,1
95.100000,7,14.277467,9.756867,16.894193,25.373594,14.277467,9.756867,1
95.600000,5,13.882119,9.361519,19.109468,27.588868,13.882119,9.361519,1
95.600000,6,11.952271,7.431672,19.109468,27.588868,11.952271,7.431672,1
95.600000,7,10.921848,6.401248,19.109468,27.588868,10.921848,6.401248,1
96.100000,5,11.226960,6.706360,20.503762,28.983162,11.226960,6.706360,1
96.100000,6,9.995924,5.475325,20.503762,28.983162,9.995924,5.475325,1
96.100000,7,13.761823,9.241223,20.503762,28.983162,13.761823,9.241223,1
96.600000,5,13.300600,8.780000,17.799795,26.279195,13.300600,8.780000,1
96.600000,6,11.249881,6.729281,17.799795,26.279195,11.249881,6.729281,1
96.600000,7,10.672862,6.152262,17.799795,26.279195,10.672862,6.152262,1
97.100000,5,9.915045,5.394445,20.469047,28.948447,9.915045,5.394445,1
97.100000,6,12.665832,8.145232,20.469047,28.948447,12.665832,8.145232,1
97.100000,7,12.847263,8.326663,20.469047,28.948447,12.847263,8.326663,1
97.600000,5,7.233853,2.713253,14.620425,23.099825,7.233853,2.713253,1
97.600000,6,15.025724,10.505124,14.620425,23.099825,14.620425,10.505124,1
97.600000,7,11.746387,7.225787,14.620425,23.099825,11.746387,7.225787,1
98.100000,5,10.231886,5.711286,17.670218,26.149618,10.231886,5.711286,1
98.100000,6,12.341176,7.820576,17.670218,26.149618,12.341176,7.820576,1
98.100000,7,12.979592,8.458992,17.670218,26.149618,12.979592,8.458992,1
98.600000,5,13.192470,8.671870,18.321466,26.800867,13.192470,8.671870,1
98.600000,6,10.233775,5.713175,18.321466,26.800867,10.233775,5.713175,1
98.600000,7,13.166102,8.645502,18.321466,26.800867,13.166102,8.645502,1
99.100000,5,11.009759,6.489159,20.166910,28.646310,11.009759,6.489159,1
99.100000,6,8.539711,4.019111,20.166910,28.646310,8.539711,4.019111,1
99.100000,7,10.598763,6.078163,20.166910,28.646310,10.598763,6.078163,1
99.600000,5,10.541613,6.021013,21.716218,30.195618,10.541613,6.021013,1
99.600000,6,11.451206,6.930606,21.716218,30.195618,11.451206,6.930606,1
99.600000,7,10.783462,6.262862,21.716218,30.195618,10.783462,6.262862,1
100.100000,5,13.076710,8.556110,19.370913,27.850313,13.076710,8.556110,1
100.100000,6,12.321687,7.801087,19.370913,27.850313,12.321687,7.801087,1
100.100000,7,7.453159,2.932559,19.370913,27.850313,7.453159,2.932559,1
100.600000,5,11.751602,7.231002,19.318734,27.798134,11.751602,7.231002,1
100.600000,6,14.904537,10.383938,19.318734,27.798134,14.904537,10.383938,1
100.600000,7,12.493391,7.972791,19.318734,27.798134,12.493391,7.972791,1
101.100000,5,13.118329,8.597729,18.276203,26.755603,13.118329,8.597729,1
101.100000,6,14.109397,9.588798,18.276203,26.755603,14.109397,9.588798,1
101.100000,7,11.030002,6.509402,18.276203,26.755603,11.030002,6.509402,1
101.600000,5,10.058562,5.537962,17.914684,26.394084,10.058562,5.537962,1
101.600000,6,12.764108,8.243508,17.914684,26.394084,12.764108,8.243508,1
101.600000,7,6.343575,1.822975,17.914684,26.394084,6.343575,1.822975,1
102.100000,5,14.057966,9.537366,18.899982,27.379382,14.057966,9.537366,1
102.100000,6,12.824293,8.303693,18.899982,27.379382,12.824293,8.303693,1
102.100000,7,12.318239,7.797639,18.899982,27.379382,12.318239,7.797639,1
102.600000,5,12.012487,7.491887,19.364958,27.844358,12.012487,7.491887,1
102.600000,6,12.797169,8.276569,19.364958,27.844358,12.797169,8.276569,1
102.600000,7,12.939238,8.418638,19.364958,27.844358,12.939238,8.418638,1
103.100000,5,11.260139,6.739539,18.766372,27.245772,11.260139,6.739539,1
103.100000,6,13.321621,8.801021,18.766372,27.245772,13.321621,8.801021,1
103.100000,7,13.312791,8.792192,18.766372,27.245772,13.312791,8.792192,1
103.600000,5,11.802424,7.281824,20.102846,28.582246,11.802424,7.281824,1
103.600000,6,12.010566,7.489966,20.102846,28.582246,12.010566,7.489966,1
103.600000,7,11.777189,7.256589,20.102846,28.582246,11.777189,7.256589,1
104.100000,5,11.205268,6.684668,21.511437,29.990837,11.205268,6.684668,1
104.100000,6,11.182190,6.661590,21.511437,29.990837,11.182190,6.661590,1
104.100000,7,13.104415,8.583815,21.511437,29.990837,13.104415,8.583815,1
104.600000,5,11.688144,7.167544,20.150537,28.629937,11.688144,7.167544,1
104.600000,6,11.069407,6.548807,20.150537,28.629937,11.069407,6.548807,1
104.600000,7,12.213875,7.693276,20.150537,28.629937,12.213875,7.693276,1
105.100000,5,9.735346,5.214746,18.324280,26.803680,9.735346,5.214746,1
105.100000,6,13.587380,9.066780,18.324280,26.803680,13.587380,9.066780,1
105.100000,7,12.575873,8.055273,18.324280,26.803680,12.575873,8.055273,1
105.600000,5,11.420603,6.900003,20.225308,28.704708,11.420603,6.900003,1
105.600000,6,15.587565,11.066965,20.225308,28.704708,15.587565,11.066965,1
105.600000,7,14.027026,9.506427,20.225308,28.704708,14.027026,9.506427,1
106.100000,5,12.700606,8.180006,19.168525,27.647925,12.700606,8.180006,1
106.100000,6,12.344944,7.824344,19.168525,27.647925,12.344944,7.824344,1
106.100000,7,14.158968,9.638368,19.168525,27.647925,14.158968,9.638368,1
106.600000,5,11.783613,7.263014,18.911737,27.391138,11.783613,7.263014,1
106.600000,6,15.803045,11.282445,18.911737,27.391138,15.803045,11.282445,1
106.600000,7,10.277033,5.756433,18.911737,27.391138,10.277033,5.756433,1
107.100000,5,10.750991,6.230391,15.238733,23.718133,10.750991,6.230391,1
107.100000,6,11.493170,6.972570,15.238733,23.718133,11.493170,6.972570,1
107.100000,7,12.363717,7.843117,15.238733,23.718133,12.363717,7.843117,1
107.600000,5,10.728106,6.207506,15.894670,24.374070,10.728106,6.207506,1
107.600000,6,12.440698,7.920098,15.894670,24.374070,12.440698,7.920098,1
107.600000,7,13.373022,8.852423,15.894670,24.374070,13.373022,8.852423,1
108.100000,5,9.106321,4.585721,19.749281,28.228681,9.106321,4.585721,1
108.100000,6,14.121212,9.600612,19.749281,28.228681,14.121212,9.600612,1
108.100000,7,12.232087,7.711487,19.749281,28.228681,12.232087,7.711487,1
108.600000,5,13.355379,8.834779,18.219530,26.698931,13.355379,8.834779,1
108.600000,6,11.299729,6.779129,18.219530,26.698931,11.299729,6.779129,1
108.600000,7,11.416204,6.895604,18.219530,26.698931,11.416204,6.895604,1
109.100000,5,11.629164,7.108564,17.286911,25.766311,11.629164,7.108564,1
109.100000,6,15.252279,10.731679,17.286911,25.766311,15.252279,10.731679,1
109.100000,7,13.558197,9.037597,17.286911,25.766311,13.558197,9.037597,1
109.600000,5,15.032143,10.511543,15.540900,24.020300,15.032143,10.511543,1
109.600000,6,10.305002,5.784403,15.540900,24.020300,10.305002,5.784403,1
109.600000,7,13.463382,8.942782,15.540900,24.020300,13.463382,8.942782,1
110.100000,5,14.442501,9.921901,18.518261,26.997661,14.442501,9.921901,1
110.100000,6,11.782437,7.261837,18.518261,26.997661,11.782437,7.261837,1
110.100000,7,15.103110,10.582510,18.518261,26.997661,15.103110,10.582510,1
110.600000,5,10.729781,6.209181,16.015066,24.494466,10.729781,6.209181,1
110.600000,6,11.720663,7.200063,16.015066,24.494466,11.720663,7.200063,1
110.600000,7,13.229152,8.708553,16.015066,24.494466,13.229152,8.708553,1
111.100000,5,14.081406,9.560806,16.957242,25.436642,14.081406,9.560806,1
111.100000,6,12.912268,8.391668,16.957242,25.436642,12.912268,8.391668,1
111.100000,7,13.057137,8.536537,16.957242,25.436642,13.057137,8.536537,1
111.600000,5,13.817188,9.296588,19.080030,27.559431,13.817188,9.296588,1
111.600000,6,12.913454,8.392854,19.080030,27.559431,12.913454,8.392854,1
111.600000,7,11.146442,6.625842,19.080030,27.559431,11.146442,6.625842,1
112.100000,5,14.603570,10.082970,20.181518,28.660918,14.603570,10.082970,1
112.100000,6,14.324486,9.803886,20.181518,28.660918,14.324486,9.803886,1
112.100000,7,12.425722,7.905122,20.181518,28.660918,12.425722,7.905122,1
112.600000,5,12.071793,7.551193,18.513367,26.992767,12.071793,7.551193,1
112.600000,6,15.873017,11.352417,18.513367,26.992767,15.873017,11.352417,1
112.600000,7,14.078233,9.557634,18.513367,26.992767,14.078233,9.557634,1
113.100000,5,13.730205,9.209605,13.945075,22.424475,13.730205,9.209605,1
113.100000,6,11.692432,7.171832,13.945075,22.424475,11.692432,7.171832,1
113.100000,7,14.004906,9.484306,13.945075,22.424475,13.945075,9.484306,1
113.600000,5,12.223563,7.702963,16.042428,24.521828,12.223563,7.702963,1
113.600000,6,14.640788,10.120188,16.042428,24.521828,14.640788,10.120188,1
113.600000,7,13.205765,8.685165,16.042428,24.521828,13.205765,8.685165,1
114.100000,5,12.050154,7.529554,18.166516,26.645916,12.050154,7.529554,1
114.100000,6,14.535879,10.015280,18.166516,26.645916,14.535879,10.015280,1
114.100000,7,12.579625,8.059025,18.166516,26.645916,12.579625,8.059025,1
114.600000,5,9.850471,5.329871,17.534524,26.013924,9.850471,5.329871,1
114.600000,6,11.349182,6.828582,17.534524,26.013924,11.349182,6.828582,1
114.600000,7,14.609035,10.088435,17.534524,26.013924,14.609035,10.088435,1
115.100000,5,14.345414,9.824815,20.654043,29.133443,14.345414,9.824815,1
115.100000,6,14.393010,9.872410,20.654043,29.133443,14.393010,9.872410,1
115.100000,7,15.653546,11.132946,20.654043,29.133443,15.653546,11.132946,1
115.600000,5,12.370165,7.849565,18.901734,27.381134,12.370165,7.849565,1
115.600000,6,10.081269,5.560669,18.901734,27.381134,10.081269,5.560669,1
115.600000,7,12.170371,7.649771,18.901734,27.381134,12.170371,7.649771,1
116.100000,5,9.833111,5.312511,18.688400,27.167800,9.833111,5.312511,1
116.100000,6,12.983208,8.462608,18.688400,27.167800,12.983208,8.462608,1
116.100000,7,12.095924,7.575324,18.688400,27.167800,12.095924,7.575324,1
116.600000,5,12.014473,7.493873,19.777078,28.256478,12.014473,7.493873,1
116.600000,6,12.337236,7.816636,19.777078,28.256478,12.337236,7.816636,1
116.600000,7,13.131640,8.611040,19.777078,28.256478,13.131640,8.611040,1
117.100000,5,10.997415,6.476815,16.103284,24.582684,10.997415,6.476815,1
117.100000,6,10.106871,5.586271,16.103284,24.582684,10.106871,5.586271,1
117.100000,7,15.611835,11.091235,16.103284,24.582684,15.611835,11.091235,1
117.600000,5,14.711174,10.190574,18.680122,27.159522,14.711174,10.190574,1
117.600000,6,14.416812,9.896212,18.680122,27.159522,14.416812,9.896212,1
117.600000,7,13.249965,8.729366,18.680122,27.159522,13.249965,8.729366,1
118.100000,5,11.596544,7.075944,20.895215,29.374615,11.596544,7.075944,1
118.100000,6,15.252733,10.732133,20.895215,29.374615,15.252733,10.732133,1
118.100000,7,15.758486,11.237886,20.895215,29.374615,15.758486,11.237886,1
118.600000,5,12.675489,8.154889,20.770890,29.250290,12.675489,8.154889,1
118.600000,6,12.133363,7.612763,20.770890,29.250290,12.133363,7.612763,1
118.600000,7,13.586497,9.065898,20.770890,29.250290,13.586497,9.065898,1
119.100000,5,13.209533,8.688933,17.001714,25.481114,13.209533,8.688933,1
119.100000,6,11.957489,7.436889,17.001714,25.481114,11.957489,7.436889,1
119.100000,7,7.951918,3.431318,17.001714,25.481114,7.951918,3.431318,1
119.600000,5,13.243238,8.722638,20.307889,28.787290,13.243238,8.722638,1
119.600000,6,8.980625,4.460025,20.307889,28.787290,8.980625,4.460025,1
119.600000,7,14.204090,9.683490,20.307889,28.787290,14.204090,9.683490,1
120.100000,5,12.975541,8.454941,18.702076,27.181476,12.975541,8.454941,1
120.100000,6,10.717279,6.196680,18.702076,27.181476,10.717279,6.196680,1
120.100000,7,15.665230,11.144630,18.702076,27.181476,15.665230,11.144630,1
120.600000,5,14.664397,10.143797,15.132892,23.612292,14.664397,10.143797,1
120.600000,6,13.745271,9.224671,15.132892,23.612292,13.745271,9.224671,1
120.600000,7,14.421767,9.901167,15.132892,23.612292,14.421767,9.901167,1
121.100000,5,9.631312,5.110712,15.621040,24.100440,9.631312,5.110712,1
121.100000,6,14.214870,9.694270,15.621040,24.100440,14.214870,9.694270,1
121.100000,7,12.621549,8.100949,15.621040,24.100440,12.621549,8.100949,1
121.600000,5,12.291401,7.770801,18.308304,26.787704,12.291401,7.770801,1
121.600000,6,14.909065,10.388465,18.308304,26.787704,14.909065,10.388465,1
121.600000,7,12.798394,8.277794,18.308304,26.787704,12.798394,8.277794,1
122.100000,5,12.852959,8.332359,17.260316,25.739716,12.852959,8.332359,1
122.100000,6,13.255148,8.734548,17.260316,25.739716,13.255148,8.734548,1
122.100000,7,13.497005,8.976406,17.260316,25.739716,13.497005,8.976406,1
122.600000,5,14.586228,10.065628,18.702316,27.181716,14.586228,10.065628,1
122.600000,6,16.278919,11.758319,18.702316,27.181716,16.278919,11.758319,1
122.600000,7,11.738378,7.217778,18.702316,27.181716,11.738378,7.217778,1
123.100000,5,12.118022,7.597422,19.511933,27.991333,12.118022,7.597422,1
123.100000,6,13.578568,9.057968,19.511933,27.991333,13.578568,9.057968,1
123.100000,7,14.208441,9.687841,19.511933,27.991333,14.208441,9.687841,1
123.600000,5,12.687276,8.166676,18.328112,26.807512,12.687276,8.166676,1
123.600000,6,12.788295,8.267695,18.328112,26.807512,12.788295,8.267695,1
123.600000,7,12.564854,8.044254,18.328112,26.807512,12.564854,8.044254,1
124.100000,5,12.367588,7.846988,19.897679,28.377079,12.367588,7.846988,1
124.100000,6,11.500938,6.980338,19.897679,28.377079,11.500938,6.980338,1
124.100000,7,13.632282,9.111683,19.897679,28.377079,13.632282,9.111683,1
124.600000,5,11.762505,7.241905,16.665118,25.144518,11.762505,7.241905,1
124.600000,6,10.695700,6.175100,16.665118,25.144518,10.695700,6.175100,1
124.600000,7,9.257702,4.737102,16.665118,25.144518,9.257702,4.737102,1
125.100000,5,12.330386,7.809786,19.797297,28.276697,12.330386,7.809786,1
125.100000,6,14.534356,10.013756,19.797297,28.276697,14.534356,10.013756,1
125.100000,7,12.187712,7.667112,19.797297,28.276697,12.187712,7.667112,1
125.600000,5,7.685042,3.164442,19.436734,27.916134,7.685042,3.164442,1
125.600000,6,9.428865,4.908265,19.436734,27.916134,9.428865,4.908265,1
125.600000,7,13.655276,9.134676,19.436734,27.916134,13.655276,9.134676,1
126.100000,5,9.526783,5.006183,18.399762,26.879163,9.526783,5.006183,1
126.100000,6,12.356079,7.835479,18.399762,26.879163,12.356079,7.835479,1
126.100000,7,12.425040,7.904440,18.399762,26.879163,12.425040,7.904440,1
126.600000,5,12.478164,7.957564,17.824410,26.303811,12.478164,7.957564,1
126.600000,6,13.216362,8.695762,17.824410,26.303811,13.216362,8.695762,1
126.600000,7,14.243040,9.722440,17.824410,26.303811,14.243040,9.722440,1
127.100000,5,11.093980,6.573380,18.729703,27.209103,11.093980,6.573380,1
127.100000,6,15.395369,10.874769,18.729703,27.209103,15.395369,10.874769,1
127.100000,7,10.794432,6.273832,18.729703,27.209103,10.794432,6.273832,1
127.600000,5,12.059001,7.538401,19.125235,27.604635,12.059001,7.538401,1
127.600000,6,16.723851,12.203251,19.125235,27.604635,16.723851,12.203251,1
127.600000,7,10.168276,5.647676,19.125235,27.604635,10.168276,5.647676,1
128.100000,5,14.771703,10.251103,18.473170,26.952571,14.771703,10.251103,1
128.100000,6,11.856510,7.335910,18.473170,26.952571,11.856510,7.335910,1
128.100000,7,10.523587,6.002987,18.473170,26.952571,10.523587,6.002987,1
128.600000,5,15.199448,10.678848,18.987911,27.467311,15.199448,10.678848,1
128.600000,6,12.868606,8.348006,18.987911,27.467311,12.868606,8.348006,1
128.600000,7,9.906283,5.385683,18.987911,27.467311,9.906283,5.385683,1
129.100000,5,13.041990,8.521390,12.334022,20.813422,12.334022,8.521390,1
129.100000,6,13.228997,8.708397,12.334022,20.813422,12.334022,8.708397,1
129.100000,7,13.084849,8.564249,12.334022,20.813422,12.334022,8.564249,1
129.600000,5,10.626523,6.105923,17.472963,25.952363,10.626523,6.105923,1
129.600000,6,11.429496,6.908896,17.472963,25.952363,11.429496,6.908896,1
129.600000,7,9.488067,4.967467,17.472963,25.952363,9.488067,4.967467,1
130.100000,5,14.586050,10.065450,19.071355,27.550755,14.586050,10.065450,1
130.100000,6,9.401397,4.880797,19.071355,27.550755,9.401397,4.880797,1
130.100000,7,11.165999,6.645399,19.071355,27.550755,11.165999,6.645399,1
130.600000,5,14.154247,9.633648,18.557908,27.037308,14.154247,9.633648,1
130.600000,6,13.288685,8.768085,18.557908,27.037308,13.288685,8.768085,1
130.600000,7,10.813948,6.293348,18.557908,27.037308,10.813948,6.293348,1
131.100000,5,11.939109,7.418509,16.264168,24.743569,11.939109,7.418509,1
131.100000,6,13.212453,8.691853,16.264168,24.743569,13.212453,8.691853,1
131.100000,7,11.556087,7.035487,16.264168,24.743569,11.556087,7.035487,1
131.600000,5,11.147973,6.627373,18.910702,27.390102,11.147973,6.627373,1
131.600000,6,13.031862,8.511262,18.910702,27.390102,13.031862,8.511262,1
131.600000,7,12.070273,7.549673,18.910702,27.390102,12.070273,7.549673,1
132.100000,5,13.380730,8.860130,17.387454,25.866854,13.380730,8.860130,1
132.100000,6,12.805505,8.284905,17.387454,25.866854,12.805505,8.284905,1
132.100000,7,9.979722,5.459122,17.387454,25.866854,9.979722,5.459122,1
132.600000,5,14.563871,10.043271,18.046573,26.525973,14.563871,10.043271,1
132.600000,6,11.858707,7.338107,18.046573,26.525973,11.858707,7.338107,1
132.600000,7,11.625145,7.104545,18.046573,26.525973,11.625145,7.104545,1
133.100000,5,13.251840,8.731240,18.380292,26.859692,13.251840,8.731240,1
133.100000,6,12.652149,8.131549,18.380292,26.859692,12.652149,8.131549,1
133.100000,7,11.761415,7.240815,18.380292,26.859692,11.761415,7.240815,1
133.600000,5,16.667238,12.146638,17.345470,25.824870,16.667238,12.146638,1
133.600000,6,13.137945,8.617345,17.345470,25.824870,13.137945,8.617345,1
133.600000,7,13.088944,8.568345,17.345470,25.824870,13.088944,8.568345,1
134.100000,5,13.125637,8.605037,21.080460,29.559860,13.125637,8.605037,1
134.100000,6,14.418677,9.898078,21.080460,29.559860,14.418677,9.898078,1
134.100000,7,9.571116,5.050516,21.080460,29.559860,9.571116,5.050516,1
134.600000,5,10.352154,5.831554,19.475766,27.955166,10.352154,5.831554,1
134.600000,6,14.318119,9.797519,19.475766,27.955166,14.318119,9.797519,1
134.600000,7,13.868709,9.348109,19.475766,27.955166,13.868709,9.348109,1
135.100000,5,8.642792,4.122192,17.807665,26.287065,8.642792,4.122192,1
135.100000,6,10.095950,5.575350,17.807665,26.287065,10.095950,5.575350,1
135.100000,7,7.148386,2.627786,17.807665,26.287065,7.148386,2.627786,1
135.600000,5,14.151109,9.630509,19.828412,28.307812,14.151109,9.630509,1
135.600000,6,11.817981,7.297381,19.828412,28.307812,11.817981,7.297381,1
135.600000,7,10.566896,6.046297,19.828412,28.307812,10.566896,6.046297,1
136.100000,5,15.459711,10.939112,18.481546,26.960946,15.459711,10.939112,1
136.100000,6,13.404503,8.883903,18.481546,26.960946,13.404503,8.883903,1
136.100000,7,11.252329,6.731729,18.481546,26.960946,11.252329,6.731729,1
136.600000,5,12.087526,7.566926,19.357476,27.836876,12.087526,7.566926,1
136.600000,6,9.290262,4.769663,19.357476,27.836876,9.290262,4.769663,1
136.600000,7,11.737444,7.216844,19.357476,27.836876,11.737444,7.216844,1
137.100000,5,13.283826,8.763226,18.068406,26.547806,13.283826,8.763226,1
137.100000,6,12.461717,7.941117,18.068406,26.547806,12.461717,7.941117,1
137.100000,7,13.851564,9.330964,18.068406,26.547806,13.851564,9.330964,1
137.600000,5,9.234843,4.714243,18.025754,26.505154,9.234843,4.714243,1
137.600000,6,14.205732,9.685132,18.025754,26.505154,14.205732,9.685132,1
137.600000,7,12.676139,8.155539,18.025754,26.505154,12.676139,8.155539,1
138.100000,5,12.324046,7.803446,17.461230,25.940630,12.324046,7.803446,1
138.100000,6,12.655326,8.134726,17.461230,25.940630,12.655326,8.134726,1
138.100000,7,14.549458,10.028858,17.461230,25.940630,14.549458,10.028858,1
138.600000,5,6.916589,2.395989,19.299052,27.778452,6.916589,2.395989,1
138.600000,6,8.821112,4.300512,19.299052,27.778452,8.821112,4.300512,1
138.600000,7,12.997180,8.476580,19.299052,27.778452,12.997180,8.476580,1
139.100000,5,11.374775,6.854175,18.122926,26.602327,11.374775,6.854175,1
139.100000,6,11.479455,6.958855,18.122926,26.602327,11.479455,6.958855,1
139.100000,7,12.540763,8.020163,18.122926,26.602327,12.540763,8.020163,1
139.600000,5,11.509406,6.988806,17.424643,25.904043,11.509406,6.988806,1
139.600000,6,12.529197,8.008597,17.424643,25.904043,12.529197,8.008597,1
139.600000,7,14.894345,10.373745,17.424643,25.904043,14.894345,10.373745,1
140.100000,5,13.912794,9.392194,19.952320,28.431721,13.912794,9.392194,1
140.100000,6,12.154613,7.634013,19.952320,28.431721,12.154613,7.634013,1
140.100000,7,8.783614,4.263014,19.952320,28.431721,8.783614,4.263014,1
140.600000,5,12.643371,8.122771,19.964625,28.444025,12.643371,8.122771,1
140.600000,6,13.203182,8.682582,19.964625,28.444025,13.203182,8.682582,1
140.600000,7,12.710887,8.190287,19.964625,28.444025,12.710887,8.190287,1
141.100000,5,12.491286,7.970686,20.448556,28.927956,12.491286,7.970686,1
141.100000,6,11.940574,7.419974,20.448556,28.927956,11.940574,7.419974,1
141.100000,7,7.837535,3.316935,20.448556,28.927956,7.837535,3.316935,1
141.600000,5,14.095166,9.574566,19.168477,27.647877,14.095166,9.574566,1
141.600000,6,14.827898,10.307298,19.168477,27.647877,14.827898,10.307298,1
141.600000,7,11.984443,7.463843,19.168477,27.647877,11.984443,7.463843,1
142.100000,5,10.708883,6.188283,18.151205,26.630605,10.708883,6.188283,1
142.100000,6,11.779951,7.259352,18.151205,26.630605,11.779951,7.259352,1
142.100000,7,11.467406,6.946806,18.151205,26.630605,11.467406,6.946806,1
142.600000,5,9.851459,5.330859,19.669923,28.149323,9.851459,5.330859,1
142.600000,6,10.454761,5.934161,19.669923,28.149323,10.454761,5.934161,1
142.600000,7,11.218861,6.698261,19.669923,28.149323,11.218861,6.698261,1
143.100000,5,13.350173,8.829573,15.971280,24.450680,13.350173,8.829573,1
143.100000,6,12.557556,8.036956,15.971280,24.450680,12.557556,8.036956,1
143.100000,7,11.533466,7.012867,15.971280,24.450680,11.533466,7.012867,1
143.600000,5,12.122778,7.602178,20.015359,28.494759,12.122778,7.602178,1
143.600000,6,14.651779,10.131179,20.015359,28.494759,14.651779,10.131179,1
143.600000,7,10.780720,6.260120,20.015359,28.494759,10.780720,6.260120,1
144.100000,5,15.028146,10.507546,17.777066,26.256466,15.028146,10.507546,1
144.100000,6,14.010109,9.489509,17.777066,26.256466,14.010109,9.489509,1
144.100000,7,12.963026,8.442426,17.777066,26.256466,12.963026,8.442426,1
144.600000,5,13.424555,8.903955,16.124573,24.603973,13.424555,8.903955,1
144.600000,6,14.276816,9.756216,16.124573,24.603973,14.276816,9.756216,1
144.600000,7,10.848474,6.327874,16.124573,24.603973,10.848474,6.327874,1
145.100000,5,13.866360,9.345760,21.199624,29.679024,13.866360,9.345760,1
145.100000,6,11.507893,6.987293,21.199624,29.679024,11.507893,6.987293,1
145.100000,7,8.671545,4.150945,21.199624,29.679024,8.671545,4.150945,1
145.600000,5,9.461342,4.940742,18.051048,26.530448,9.461342,4.940742,1
145.600000,6,14.164918,9.644318,18.051048,26.530448,14.164918,9.644318,1
145.600000,7,14.478271,9.957671,18.051048,26.530448,14.478271,9.957671,1
146.100000,5,13.628598,9.107998,17.187436,25.666836,13.628598,9.107998,1
146.100000,6,11.145525,6.624926,17.187436,25.666836,11.145525,6.624926,1
146.100000,7,10.047400,5.526800,17.187436,25.666836,10.047400,5.526800,1
146.600000,5,13.908725,9.388125,15.496325,23.975725,13.908725,9.388125,1
146.600000,6,11.482698,6.962098,15.496325,23.975725,11.482698,6.962098,1
146.600000,7,13.725307,9.204707,15.496325,23.975725,13.725307,9.204707,1
147.100000,5,13.399420,8.878820,18.182198,26.661598,13.399420,8.878820,1
147.100000,6,10.967562,6.446962,18.182198,26.661598,10.967562,6.446962,1
147.100000,7,10.838490,6.317890,18.182198,26.661598,10.838490,6.317890,1
147.600000,5,11.837452,7.316852,20.244286,28.723686,11.837452,7.316852,1
147.600000,6,13.747715,9.227115,20.244286,28.723686,13.747715,9.227115,1
147.600000,7,11.155109,6.634509,20.244286,28.723686,11.155109,6.634509,1
148.100000,5,11.393450,6.872850,19.129461,27.608862,11.393450,6.872850,1
148.100000,6,14.103468,9.582868,19.129461,27.608862,14.103468,9.582868,1
148.100000,7,11.357660,6.837060,19.129461,27.608862,11.357660,6.837060,1
148.600000,5,14.128867,9.608267,17.368954,25.848354,14.128867,9.608267,1
148.600000,6,13.354992,8.834392,17.368954,25.848354,13.354992,8.834392,1
148.600000,7,10.958304,6.437704,17.368954,25.848354,10.958304,6.437704,1
149.100000,5,12.350076,7.829476,18.265046,26.744446,12.350076,7.829476,1
149.100000,6,10.116930,5.596331,18.265046,26.744446,10.116930,5.596331,1
149.100000,7,10.745695,6.225095,18.265046,26.744446,10.745695,6.225095,1
149.600000,5,12.996592,8.475992,19.536365,28.015765,12.996592,8.475992,1
149.600000,6,10.402804,5.882205,19.536365,28.015765,10.402804,5.882205,1
149.600000,7,11.295286,6.774686,19.536365,28.015765,11.295286,6.774686,1
150.100000,5,8.916850,4.396250,18.319584,26.798984,8.916850,4.396250,1
150.100000,6,13.236551,8.715951,18.319584,26.798984,13.236551,8.715951,1
150.100000,7,11.227854,6.707254,18.319584,26.798984,11.227854,6.707254,1
150.600000,5,10.900860,6.380260,20.649364,29.128764,10.900860,6.380260,1
150.600000,6,12.546373,8.025773,20.649364,29.128764,12.546373,8.025773,1
150.600000,7,15.130024,10.609424,20.649364,29.128764,15.130024,10.609424,1
151.100000,5,11.019417,6.498817,19.243404,27.722804,11.019417,6.498817,1
151.100000,6,14.950599,10.429999,19.243404,27.722804,14.950599,10.429999,1
151.100000,7,12.080203,7.559603,19.243404,27.722804,12.080203,7.559603,1
151.600000,5,8.024180,3.503580,19.268779,27.748179,8.024180,3.503580,1
151.600000,6,16.760541,12.239941,19.268779,27.748179,16.760541,12.239941,1
151.600000,7,11.604290,7.083690,19.268779,27.748179,11.604290,7.083690,1
152.100000,5,16.509902,11.989302,18.040964,26.520365,16.509902,11.989302,1
152.100000,6,12.810008,8.289408,18.040964,26.520365,12.810008,8.289408,1
152.100000,7,15.670601,11.150001,18.040964,26.520365,15.670601,11.150001,1
152.600000,5,11.919508,7.398908,17.127574,25.606974,11.919508,7.398908,1
152.600000,6,12.630578,8.109978,17.127574,25.606974,12.630578,8.109978,1
152.600000,7,8.572586,4.051986,17.127574,25.606974,8.572586,4.051986,1
153.100000,5,12.534344,8.013744,19.401486,27.880886,12.534344,8.013744,1
153.100000,6,13.188228,8.667628,19.401486,27.880886,13.188228,8.667628,1
153.100000,7,12.041251,7.520651,19.401486,27.880886,12.041251,7.520651,1
153.600000,5,12.745985,8.225385,20.303751,28.783151,12.745985,8.225385,1
153.600000,6,11.791400,7.270800,20.303751,28.783151,11.791400,7.270800,1
153.600000,7,12.635986,8.115386,20.303751,28.783151,12.635986,8.115386,1
154.100000,5,15.369805,10.849205,18.859263,27.338663,15.369805,10.849205,1
154.100000,6,11.155515,6.634915,18.859263,27.338663,11.155515,6.634915,1
154.100000,7,11.635570,7.114971,18.859263,27.338663,11.635570,7.114971,1
154.600000,5,14.571146,10.050546,16.147648,24.627048,14.571146,10.050546,1
154.600000,6,12.694676,8.174076,16.147648,24.627048,12.694676,8.174076,1
154.600000,7,12.012803,7.492203,16.147648,24.627048,12.012803,7.492203,1
155.100000,5,14.750204,10.229604,17.924676,26.404076,14.750204,10.229604,1
155.100000,6,11.578941,7.058341,17.924676,26.404076,11.578941,7.058341,1
155.100000,7,13.443766,8.923166,17.924676,26.404076,13.443766,8.923166,1
155.600000,5,13.221692,8.701092,19.793220,28.272620,13.221692,8.701092,1
155.600000,6,13.681841,9.161242,19.793220,28.272620,13.681841,9.161242,1
155.600000,7,12.764662,8.244062,19.793220,28.272620,12.764662,8.244062,1
156.100000,5,11.685282,7.164683,20.546519,29.025919,11.685282,7.164683,1
156.100000,6,13.602491,9.081891,20.546519,29.025919,13.602491,9.081891,1
156.100000,7,11.175082,6.654483,20.546519,29.025919,11.175082,6.654483,1
156.600000,5,10.661978,6.141378,20.894954,29.374354,10.661978,6.141378,1
156.600000,6,11.660669,7.140069,20.894954,29.374354,11.660669,7.140069,1
156.600000,7,11.102544,6.581944,20.894954,29.374354,11.102544,6.581944,1
157.100000,5,11.090549,6.569949,18.942013,27.421413,11.090549,6.569949,1
157.100000,6,12.753817,8.233217,18.942013,27.421413,12.753817,8.233217,1
157.100000,7,13.606301,9.085701,18.942013,27.421413,13.606301,9.085701,1
157.600000,5,10.501742,5.981142,18.870458,27.349858,10.501742,5.981142,1
157.600000,6,13.193141,8.672541,18.870458,27.349858,13.193141,8.672541,1
157.600000,7,11.848889,7.328289,18.870458,27.349858,11.848889,7.328289,1
158.100000,5,8.568632,4.048032,16.180535,24.659935,8.568632,4.048032,1
158.100000,6,12.989170,8.468570,16.180535,24.659935,12.989170,8.468570,1
158.100000,7,13.843601,9.323001,16.180535,24.659935,13.843601,9.323001,1
158.600000,5,13.456910,8.936310,16.828808,25.308208,13.456910,8.936310,1
158.600000,6,8.466154,3.945554,16.828808,25.308208,8.466154,3.945554,1
158.600000,7,13.240291,8.719691,16.828808,25.308208,13.240291,8.719691,1
159.100000,5,8.137506,3.616906,17.246770,25.726170,8.137506,3.616906,1
159.100000,6,14.596353,10.075753,17.246770,25.726170,14.596353,10.075753,1
159.100000,7,13.067527,8.546927,17.246770,25.726170,13.067527,8.546927,1
159.600000,5,12.317105,7.796505,19.288234,27.767634,12.317105,7.796505,1
159.600000,6,10.032046,5.511446,19.288234,27.767634,10.032046,5.511446,1
159.600000,7,13.468765,8.948166,19.288234,27.767634,13.468765,8.948166,1
160.100000,5,10.729033,6.208433,19.239787,27.719187,10.729033,6.208433,1
160.100000,6,11.721153,7.200553,19.239787,27.719187,11.721153,7.200553,1
160.100000,7,10.644676,6.124076,19.239787,27.719187,10.644676,6.124076,1
160.600000,5,12.983034,8.462434,17.369792,25.849192,12.983034,8.462434,1
160.600000,6,11.876433,7.355834,17.369792,25.849192,11.876433,7.355834,1
160.600000,7,13.696314,9.175714,17.369792,25.849192,13.696314,9.175714,1
161.100000,5,13.951014,9.430414,18.156039,26.635439,13.951014,9.430414,1
161.100000,6,13.632767,9.112167,18.156039,26.635439,13.632767,9.112167,1
161.100000,7,13.740871,9.220271,18.156039,26.635439,13.740871,9.220271,1
161.600000,5,14.147272,9.626672,18.410550,26.889950,14.147272,9.626672,1
161.600000,6,11.175626,6.655026,18.410550,26.889950,11.175626,6.655026,1
161.600000,7,11.806362,7.285762,18.410550,26.889950,11.806362,7.285762,1
162.100000,5,11.451526,6.930926,18.844093,27.323493,11.451526,6.930926,1
162.100000,6,10.812129,6.291529,18.844093,27.323493,10.812129,6.291529,1
162.100000,7,12.846165,8.325565,18.844093,27.323493,12.846165,8.325565,1
162.600000,5,13.137236,8.616636,19.287471,27.766871,13.137236,8.616636,1
162.600000,6,10.028384,5.507784,19.287471,27.766871,10.028384,5.507784,1
162.600000,7,12.014598,7.493998,19.287471,27.766871,12.014598,7.493998,1
163.100000,5,11.919261,7.398661,17.622909,26.102309,11.919261,7.398661,1
163.100000,6,10.428687,5.908087,17.622909,26.102309,10.428687,5.908087,1
163.100000,7,12.522951,8.002351,17.622909,26.102309,12.522951,8.002351,1
163.600000,5,14.971174,10.450574,18.827732,27.307132,14.971174,10.450574,1
163.600000,6,14.314885,9.794285,18.827732,27.307132,14.314885,9.794285,1
163.600000,7,14.784593,10.263994,18.827732,27.307132,14.784593,10.263994,1
164.100000,5,12.081276,7.560676,19.672314,28.151714,12.081276,7.560676,1
164.100000,6,13.402041,8.881441,19.672314,28.151714,13.402041,8.881441,1
164.100000,7,9.781137,5.260537,19.672314,28.151714,9.781137,5.260537,1
164.600000,5,13.184029,8.663429,15.432754,23.912154,13.184029,8.663429,1
164.600000,6,14.354215,9.833615,15.432754,23.912154,14.354215,9.833615,1
164.600000,7,12.667857,8.147257,15.432754,23.912154,12.667857,8.147257,1
165.100000,5,11.141326,6.620726,18.162495,26.641895,11.141326,6.620726,1
165.100000,6,10.269748,5.749148,18.162495,26.641895,10.269748,5.749148,1
165.100000,7,11.967946,7.447346,18.162495,26.641895,11.967946,7.447346,1
165.600000,5,13.056370,8.535770,18.320302,26.799702,13.056370,8.535770,1
165.600000,6,12.419725,7.899125,18.320302,26.799702,12.419725,7.899125,1
165.600000,7,15.123597,10.602997,18.320302,26.799702,15.123597,10.602997,1
166.100000,5,12.692730,8.172130,18.408048,26.887448,12.692730,8.172130,1
166.100000,6,11.044462,6.523862,18.408048,26.887448,11.044462,6.523862,1
166.100000,7,11.131963,6.611363,18.408048,26.887448,11.131963,6.611363,1
166.600000,5,9.187291,4.666691,20.140374,28.619775,9.187291,4.666691,1
166.600000,6,13.241387,8.720788,20.140374,28.619775,13.241387,8.720788,1
166.600000,7,14.276561,9.755961,20.140374,28.619775,14.276561,9.755961,1
167.100000,5,12.020616,7.500016,20.028226,28.507627,12.020616,7.500016,1
167.100000,6,12.273394,7.752794,20.028226,28.507627,12.273394,7.752794,1
167.100000,7,11.191722,6.671122,20.028226,28.507627,11.191722,6.671122,1
167.600000,5,10.431374,5.910775,20.066542,28.545942,10.431374,5.910775,1
167.600000,6,9.063354,4.542755,20.066542,28.545942,9.063354,4.542755,1
167.600000,7,12.829250,8.308650,20.066542,28.545942,12.829250,8.308650,1
168.100000,5,16.244538,11.723938,19.275656,27.755056,16.244538,11.723938,1
168.100000,6,13.682957,9.162357,19.275656,27.755056,13.682957,9.162357,1
168.100000,7,13.136571,8.615971,19.275656,27.755056,13.136571,8.615971,1
168.600000,5,14.093946,9.573346,12.477961,20.957361,12.477961,9.573346,1
168.600000,6,13.008978,8.488378,12.477961,20.957361,12.477961,8.488378,1
168.600000,7,11.789085,7.268485,12.477961,20.957361,11.789085,7.268485,1
169.100000,5,12.727036,8.206436,18.493473,26.972873,12.727036,8.206436,1
169.100000,6,11.897869,7.377269,18.493473,26.972873,11.897869,7.377269,1
169.100000,7,10.538041,6.017441,18.493473,26.972873,10.538041,6.017441,1
169.600000,5,9.883698,5.363098,18.380436,26.859836,9.883698,5.363098,1
169.600000,6,12.782445,8.261845,18.380436,26.859836,12.782445,8.261845,1
169.600000,7,12.028479,7.507879,18.380436,26.859836,12.028479,7.507879,1
170.100000,5,12.592020,8.071420,20.077558,28.556958,12.592020,8.071420,1
170.100000,6,13.740588,9.219988,20.077558,28.556958,13.740588,9.219988,1
170.100000,7,14.184220,9.663620,20.077558,28.556958,14.184220,9.663620,1
170.600000,5,13.994752,9.474152,16.117779,24.597179,13.994752,9.474152,1
170.600000,6,9.545842,5.025242,16.117779,24.597179,9.545842,5.025242,1
170.600000,7,9.896920,5.376321,16.117779,24.597179,9.896920,5.376321,1
171.100000,5,11.186977,6.666377,18.942738,27.422138,11.186977,6.666377,1
171.100000,6,9.274765,4.754165,18.942738,27.422138,9.274765,4.754165,1
171.100000,7,8.029945,3.509346,18.942738,27.422138,8.029945,3.509346,1
171.600000,5,13.733141,9.212541,16.179064,24.658464,13.733141,9.212541,1
171.600000,6,14.079572,9.558972,16.179064,24.658464,14.079572,9.558972,1
171.600000,7,8.336489,3.815889,16.179064,24.658464,8.336489,3.815889,1
172.100000,5,14.101689,9.581089,17.706749,26.186149,14.101689,9.581089,1
172.100000,6,13.256066,8.735466,17.706749,26.186149,13.256066,8.735466,1
172.100000,7,13.265710,8.745110,17.706749,26.186149,13.265710,8.745110,1
172.600000,5,12.370776,7.850176,16.425540,24.904940,12.370776,7.850176,1
172.600000,6,11.228893,6.708293,16.425540,24.904940,11.228893,6.708293,1
172.600000,7,11.324110,6.803510,16.425540,24.904940,11.324110,6.803510,1
173.100000,5,11.841077,7.320477,17.544741,26.024141,11.841077,7.320477,1
173.100000,6,12.779969,8.259369,17.544741,26.024141,12.779969,8.259369,1
173.100000,7,12.489755,7.969155,17.544741,26.024141,12.489755,7.969155,1
173.600000,5,14.230913,9.710313,16.170799,24.650199,14.230913,9.710313,1
173.600000,6,4.713352,0.192752,16.170799,24.650199,4.713352,0.192752,1
173.600000,7,9.006937,4.486337,16.170799,24.650199,9.006937,4.486337,1
174.100000,5,12.409383,7.888783,20.391069,28.870469,12.409383,7.888783,1
174.100000,6,11.602733,7.082133,20.391069,28.870469,11.602733,7.082133,1
174.100000,7,10.650511,6.129911,20.391069,28.870469,10.650511,6.129911,1
174.600000,5,10.848079,6.327479,17.493462,25.972863,10.848079,6.327479,1
174.600000,6,14.267141,9.746541,17.493462,25.972863,14.267141,9.746541,1
174.600000,7,10.406372,5.885772,17.493462,25.972863,10.406372,5.885772,1
175.100000,5,7.813730,3.293130,20.123907,28.603307,7.813730,3.293130,1
175.100000,6,14.213641,9.693041,20.123907,28.603307,14.213641,9.693041,1
175.100000,7,11.351579,6.830979,20.123907,28.603307,11.351579,6.830979,1
175.600000,5,11.396142,6.875542,19.216645,27.696045,11.396142,6.875542,1
175.600000,6,11.961219,7.440619,19.216645,27.696045,11.961219,7.440619,1
175.600000,7,11.028382,6.507782,19.216645,27.696045,11.028382,6.507782,1
176.100000,5,10.232106,5.711506,17.049159,25.528560,10.232106,5.711506,1
176.100000,6,9.146170,4.625570,17.049159,25.528560,9.146170,4.625570,1
176.100000,7,11.894553,7.373953,17.049159,25.528560,11.894553,7.373953,1
176.600000,5,11.086462,6.565862,19.778680,28.258080,11.086462,6.565862,1
176.600000,6,12.269231,7.748631,19.778680,28.258080,12.269231,7.748631,1
176.600000,7,14.357730,9.837130,19.778680,28.258080,14.357730,9.837130,1
177.100000,5,13.015107,8.494507,18.315624,26.795024,13.015107,8.494507,1
177.100000,6,10.824196,6.303596,18.315624,26.795024,10.824196,6.303596,1
177.100000,7,12.360122,7.839522,18.315624,26.795024,12.360122,7.839522,1
177.600000,5,14.023575,9.502976,17.835130,26.314530,14.023575,9.502976,1
177.600000,6,14.161755,9.641155,17.835130,26.314530,14.161755,9.641155,1
177.600000,7,12.012207,7.491607,17.835130,26.314530,12.012207,7.491607,1
178.100000,5,11.971512,7.450912,18.895743,27.375143,11.971512,7.450912,1
178.100000,6,12.456720,7.936120,18.895743,27.375143,12.456720,7.936120,1
178.100000,7,11.629379,7.108779,18.895743,27.375143,11.629379,7.108779,1
178.600000,5,8.838549,4.317949,20.156153,28.635553,8.838549,4.317949,1
178.600000,6,9.259465,4.738865,20.156153,28.635553,9.259465,4.738865,1
178.600000,7,16.066305,11.545705,20.156153,28.635553,16.066305,11.545705,1
179.100000,5,12.788678,8.268078,17.508844,25.988244,12.788678,8.268078,1
179.100000,6,11.977202,7.456602,17.508844,25.988244,11.977202,7.456602,1
179.100000,7,11.844014,7.323414,17.508844,25.988244,11.844014,7.323414,1
179.600000,5,11.723177,7.202577,18.729457,27.208857,11.723177,7.202577,1
179.600000,6,12.691487,8.170887,18.729457,27.208857,12.691487,8.170887,1
179.600000,7,13.604701,9.084101,18.729457,27.208857,13.604701,9.084101,1
180.100000,5,12.178234,7.657634,17.548750,26.028151,12.178234,7.657634,1
180.100000,6,14.364044,9.843444,17.548750,26.028151,14.364044,9.843444,1
180.100000,7,9.271872,4.751272,17.548750,26.028151,9.271872,4.751272,1
180.600000,5,11.765122,7.244523,16.163387,24.642788,11.765122,7.244523,1
180.600000,6,11.821333,7.300733,16.163387,24.642788,11.821333,7.300733,1
180.600000,7,13.296126,8.775526,16.163387,24.642788,13.296126,8.775526,1
181.100000,5,11.227143,6.706543,18.727812,27.207212,11.227143,6.706543,1
181.100000,6,12.693758,8.173158,18.727812,27.207212,12.693758,8.173158,1
181.100000,7,13.066464,8.545864,18.727812,27.207212,13.066464,8.545864,1
181.600000,5,12.453462,7.932862,19.691849,28.171249,12.453462,7.932862,1
181.600000,6,11.459393,6.938793,19.691849,28.171249,11.459393,6.938793,1
181.600000,7,12.626021,8.105421,19.691849,28.171249,12.626021,8.105421,1
182.100000,5,11.393260,6.872660,16.132529,24.611929,11.393260,6.872660,1
182.100000,6,12.385196,7.864596,16.132529,24.611929,12.385196,7.864596,1
182.100000,7,7.551935,3.031335,16.132529,24.611929,7.551935,3.031335,1
182.600000,5,15.603905,11.083305,18.742004,27.221404,15.603905,11.083305,1
182.600000,6,13.573340,9.052740,18.742004,27.221404,13.573340,9.052740,1
182.600000,7,13.075987,8.555387,18.742004,27.221404,13.075987,8.555387,1
183.100000,5,11.102590,6.581990,18.562006,27.041406,11.102590,6.581990,1
183.100000,6,14.841885,10.321285,18.562006,27.041406,14.841885,10.321285,1
183.100000,7,13.085627,8.565027,18.562006,27.041406,13.085627,8.565027,1
183.600000,5,14.062599,9.541999,16.198114,24.677514,14.062599,9.541999,1
183.600000,6,13.494584,8.973984,16.198114,24.677514,13.494584,8.973984,1
183.600000,7,12.376793,7.856193,16.198114,24.677514,12.376793,7.856193,1
184.100000,5,13.670903,9.150303,18.081728,26.561128,13.670903,9.150303,1
184.100000,6,12.533227,8.012627,18.081728,26.561128,12.533227,8.012627,1
184.100000,7,9.387478,4.866878,18.081728,26.561128,9.387478,4.866878,1
184.600000,5,11.279999,6.759399,19.795366,28.274766,11.279999,6.759399,1
184.600000,6,11.216053,6.695453,19.795366,28.274766,11.216053,6.695453,1
184.600000,7,11.116658,6.596058,19.795366,28.274766,11.116658,6.596058,1
185.100000,5,13.564166,9.043566,19.135203,27.614604,13.564166,9.043566,1
185.100000,6,11.190780,6.670180,19.135203,27.614604,11.190780,6.670180,1
185.100000,7,13.368394,8.847794,19.135203,27.614604,13.368394,8.847794,1
185.600000,5,15.517896,10.997296,17.774089,26.253489,15.517896,10.997296,1
185.600000,6,13.445830,8.925230,17.774089,26.253489,13.445830,8.925230,1
185.600000,7,13.404236,8.883636,17.774089,26.253489,13.404236,8.883636,1
186.100000,5,14.446822,9.926222,17.777771,26.257171,14.446822,9.926222,1
186.100000,6,13.473165,8.952565,17.777771,26.257171,13.473165,8.952565,1
186.100000,7,11.607633,7.087033,17.777771,26.257171,11.607633,7.087033,1
186.600000,5,12.206189,7.685589,21.108549,29.587949,12.206189,7.685589,1
186.600000,6,11.419829,6.899229,21.108549,29.587949,11.419829,6.899229,1
186.600000,7,10.214842,5.694242,21.108549,29.587949,10.214842,5.694242,1
187.100000,5,12.095490,7.574890,18.998049,27.477450,12.095490,7.574890,1
187.100000,6,11.181821,6.661221,18.998049,27.477450,11.181821,6.661221,1
187.100000,7,12.806627,8.286027,18.998049,27.477450,12.806627,8.286027,1
187.600000,5,13.548512,9.027913,18.454094,26.933494,13.548512,9.027913,1
187.600000,6,11.873642,7.353042,18.454094,26.933494,11.873642,7.353042,1
187.600000,7,10.062481,5.541881,18.454094,26.933494,10.062481,5.541881,1
188.100000,5,11.404623,6.884023,20.505375,28.984775,11.404623,6.884023,1
188.100000,6,11.812677,7.292077,20.505375,28.984775,11.812677,7.292077,1
188.100000,7,13.787005,9.266405,20.505375,28.984775,13.787005,9.266405,1
188.600000,5,11.704250,7.183651,12.911401,21.390801,11.704250,7.183651,1
188.600000,6,10.568482,6.047883,12.911401,21.390801,10.568482,6.047883,1
188.600000,7,9.074576,4.553976,12.911401,21.390801,9.074576,4.553976,1
189.100000,5,13.978894,9.458294,18.590850,27.070250,13.978894,9.458294,1
189.100000,6,13.282602,8.762002,18.590850,27.070250,13.282602,8.762002,1
189.100000,7,14.138619,9.618019,18.590850,27.070250,14.138619,9.618019,1
189.600000,5,8.818696,4.298096,18.167012,26.646412,8.818696,4.298096,1
189.600000,6,14.343970,9.823370,18.167012,26.646412,14.343970,9.823370,1
189.600000,7,13.203213,8.682613,18.167012,26.646412,13.203213,8.682613,1
190.100000,5,12.717636,8.197036,19.800410,28.279810,12.717636,8.197036,1
190.100000,6,8.626434,4.105834,19.800410,28.279810,8.626434,4.105834,1
190.100000,7,15.290217,10.769618,19.800410,28.279810,15.290217,10.769618,1
190.600000,5,10.679769,6.159169,15.647241,24.126641,10.679769,6.159169,1
190.600000,6,14.446451,9.925851,15.647241,24.126641,14.446451,9.925851,1
190.600000,7,9.084315,4.563715,15.647241,24.126641,9.084315,4.563715,1
191.100000,5,12.337700,7.817101,18.287770,26.767170,12.337700,7.817101,1
191.100000,6,14.737914,10.217314,18.287770,26.767170,14.737914,10.217314,1
191.100000,7,4.290423,-0.230177,18.287770,26.767170,4.290423,-0.230177,0
191.600000,5,10.703961,6.183362,19.896769,28.376169,10.703961,6.183362,1
191.600000,6,11.275238,6.754638,19.896769,28.376169,11.275238,6.754638,1
191.600000,7,13.644569,9.123969,19.896769,28.376169,13.644569,9.123969,1
192.100000,5,12.704444,8.183844,18.338873,26.818273,12.704444,8.183844,1
192.100000,6,10.834402,6.313802,18.338873,26.818273,10.834402,6.313802,1
192.100000,7,13.348579,8.827979,18.338873,26.818273,13.348579,8.827979,1
192.600000,5,14.775459,10.254859,18.208315,26.687715,14.775459,10.254859,1
192.600000,6,11.071838,6.551238,18.208315,26.687715,11.071838,6.551238,1
192.600000,7,13.553850,9.033250,18.208315,26.687715,13.553850,9.033250,1
193.100000,5,12.907666,8.387067,16.123292,24.602692,12.907666,8.387067,1
193.100000,6,9.023672,4.503072,16.123292,24.602692,9.023672,4.503072,1
193.100000,7,12.825798,8.305198,16.123292,24.602692,12.825798,8.305198,1
193.600000,5,11.151857,6.631257,17.892050,26.371450,11.151857,6.631257,1
193.600000,6,15.423416,10.902816,17.892050,26.371450,15.423416,10.902816,1
193.600000,7,15.261131,10.740531,17.892050,26.371450,15.261131,10.740531,1
194.100000,5,14.230782,9.710182,14.338003,22.817403,14.230782,9.710182,1
194.100000,6,11.825135,7.304535,14.338003,22.817403,11.825135,7.304535,1
194.100000,7,13.808508,9.287908,14.338003,22.817403,13.808508,9.287908,1
194.600000,5,13.452809,8.932209,21.771519,30.250919,13.452809,8.932209,1
194.600000,6,14.951642,10.431043,21.771519,30.250919,14.951642,10.431043,1
194.600000,7,11.470696,6.950096,21.771519,30.250919,11.470696,6.950096,1
195.100000,5,11.282469,6.761869,16.026958,24.506358,11.282469,6.761869,1
195.100000,6,14.783934,10.263334,16.026958,24.506358,14.783934,10.263334,1
195.100000,7,12.925156,8.404556,16.026958,24.506358,12.925156,8.404556,1
195.600000,5,12.927602,8.407002,19.942229,28.421629,12.927602,8.407002,1
195.600000,6,13.206027,8.685427,19.942229,28.421629,13.206027,8.685427,1
195.600000,7,15.068465,10.547865,19.942229,28.421629,15.068465,10.547865,1
196.100000,5,12.388842,7.868242,19.187652,27.667052,12.388842,7.868242,1
196.100000,6,11.491791,6.971191,19.187652,27.667052,11.491791,6.971191,1
196.100000,7,12.802862,8.282262,19.187652,27.667052,12.802862,8.282262,1
196.600000,5,13.327048,8.806448,20.095940,28.575340,13.327048,8.806448,1
196.600000,6,12.584675,8.064075,20.095940,28.575340,12.584675,8.064075,1
196.600000,7,11.475458,6.954858,20.095940,28.575340,11.475458,6.954858,1
197.100000,5,14.860185,10.339585,18.872538,27.351939,14.860185,10.339585,1
197.100000,6,11.993285,7.472685,18.872538,27.351939,11.993285,7.472685,1
197.100000,7,10.390672,5.870072,18.872538,27.351939,10.390672,5.870072,1
197.600000,5,12.238138,7.717538,19.676547,28.155947,12.238138,7.717538,1
197.600000,6,15.061981,10.541381,19.676547,28.155947,15.061981,10.541381,1
197.600000,7,10.871003,6.350403,19.676547,28.155947,10.871003,6.350403,1
198.100000,5,13.718792,9.198192,19.537778,28.017178,13.718792,9.198192,1
198.100000,6,14.876033,10.355433,19.537778,28.017178,14.876033,10.355433,1
198.100000,7,10.908993,6.388393,19.537778,28.017178,10.908993,6.388393,1
198.600000,5,14.070304,9.549705,18.664992,27.144392,14.070304,9.549705,1
198.600000,6,15.198742,10.678142,18.664992,27.144392,15.198742,10.678142,1
198.600000,7,14.580227,10.059627,18.664992,27.144392,14.580227,10.059627,1
199.100000,5,11.714673,7.194073,20.392433,28.871833,11.714673,7.194073,1
199.100000,6,9.905394,5.384794,20.392433,28.871833,9.905394,5.384794,1
199.100000,7,12.787269,8.266669,20.392433,28.871833,12.787269,8.266669,1
199.600000,5,14.479326,9.958726,17.488061,25.967461,14.479326,9.958726,1
199.600000,6,12.203307,7.682707,17.488061,25.967461,12.203307,7.682707,1
199.600000,7,14.820452,10.299852,17.488061,25.967461,14.820452,10.299852,1
