Time,CellId,ServiceDlSnrDb,ServiceUlSnrDb,FeederDlSnrDb,FeederUlSnrDb,BackhaulDlSnrDb,BackhaulUlSnrDb,BackhaulHealthy
0.100000,5,15.029742,10.509142,18.267232,26.746632,15.029742,10.509142,1
0.100000,6,12.732703,8.212103,18.267232,26.746632,12.732703,8.212103,1
0.100000,7,10.595628,6.075028,18.267232,26.746632,10.595628,6.075028,1
0.600000,5,13.157527,8.636927,20.005874,28.485274,13.157527,8.636927,1
0.600000,6,11.345275,6.824676,20.005874,28.485274,11.345275,6.824676,1
0.600000,7,10.648284,6.127684,20.005874,28.485274,10.648284,6.127684,1
1.100000,5,11.308801,6.788201,20.342531,28.821931,11.308801,6.788201,1
1.100000,6,12.551775,8.031175,20.342531,28.821931,12.551775,8.031175,1
1.100000,7,12.313625,7.793025,20.342531,28.821931,12.313625,7.793025,1
1.600000,5,10.849596,6.328996,17.369550,25.848950,10.849596,6.328996,1
1.600000,6,14.191584,9.670984,17.369550,25.848950,14.191584,9.670984,1
1.600000,7,13.393541,8.872941,17.369550,25.848950,13.393541,8.872941,1
2.100000,5,12.692229,8.171629,20.555794,29.035194,12.692229,8.171629,1
2.100000,6,14.289369,9.768769,20.555794,29.035194,14.289369,9.768769,1
2.100000,7,12.294426,7.773826,20.555794,29.035194,12.294426,7.773826,1
2.600000,5,11.635493,7.114893,20.749866,29.229266,11.635493,7.114893,1
2.600000,6,11.968553,7.447953,20.749866,29.229266,11.968553,7.447953,1
2.600000,7,13.561808,9.041208,20.749866,29.229266,13.561808,9.041208,1
3.100000,5,12.444257,7.923658,20.546697,29.026097,12.444257,7.923658,1
3.100000,6,5.464737,0.944137,20.546697,29.026097,5.464737,0.944137,1
3.100000,7,12.211440,7.690840,20.546697,29.026097,12.211440,7.690840,1
3.600000,5,11.494343,6.973743,20.000686,28.480086,11.494343,6.973743,1
3.600000,6,13.320030,8.799430,20.000686,28.480086,13.320030,8.799430,1
3.600000,7,12.676139,8.155539,20.000686,28.480086,12.676139,8.155539,1
4.100000,5,12.735507,8.214907,19.950103,28.429503,12.735507,8.214907,1
4.100000,6,14.314441,9.793841,19.950103,28.429503,14.314441,9.793841,1
4.100000,7,13.249682,8.729082,19.950103,28.429503,13.249682,8.729082,1
4.600000,5,12.194164,7.673564,13.847362,22.326762,12.194164,7.673564,1
4.600000,6,10.894967,6.374367,13.847362,22.326762,10.894967,6.374367,1
4.600000,7,13.483979,8.963379,13.847362,22.326762,13.483979,8.963379,1
5.100000,5,14.967951,10.447351,18.351662,26.831063,14.967951,10.447351,1
5.100000,6,14.954204,10.433604,18.351662,26.831063,14.954204,10.433604,1
5.100000,7,15.058103,10.537503,18.351662,26.831063,15.058103,10.537503,1
5.600000,5,12.381929,7.861330,18.513986,26.993386,12.381929,7.861330,1
5.600000,6,12.950883,8.430283,18.513986,26.993386,12.950883,8.430283,1
5.600000,7,8.636626,4.116026,18.513986,26.993386,8.636626,4.116026,1
6.100000,5,8.512085,3.991485,17.054143,25.533543,8.512085,3.991485,1
6.100000,6,13.394054,8.873454,17.054143,25.533543,13.394054,8.873454,1
6.100000,7,12.368494,7.847894,17.054143,25.533543,12.368494,7.847894,1
6.600000,5,14.760823,10.240223,18.611234,27.090634,14.760823,10.240223,1
6.600000,6,14.096335,9.575735,18.611234,27.090634,14.096335,9.575735,1
6.600000,7,13.928948,9.408348,18.611234,27.090634,13.928948,9.408348,1
7.100000,5,14.966033,10.445433,19.243930,27.723330,14.966033,10.445433,1
7.100000,6,12.510873,7.990273,19.243930,27.723330,12.510873,7.990273,1
7.100000,7,11.158635,6.638035,19.243930,27.723330,11.158635,6.638035,1
7.600000,5,12.345329,7.824730,14.797199,23.276599,12.345329,7.824730,1
7.600000,6,14.739074,10.218474,14.797199,23.276599,14.739074,10.218474,1
7.600000,7,7.834283,3.313683,14.797199,23.276599,7.834283,3.313683,1
8.100000,5,11.740224,7.219624,19.657373,28.136773,11.740224,7.219624,1
8.100000,6,13.601020,9.080420,19.657373,28.136773,13.601020,9.080420,1
8.100000,7,11.322083,6.801483,19.657373,28.136773,11.322083,6.801483,1
8.600000,5,13.478421,8.957822,19.786227,28.265627,13.478421,8.957822,1
8.600000,6,16.203164,11.682565,19.786227,28.265627,16.203164,11.682565,1
8.600000,7,14.048278,9.527678,19.786227,28.265627,14.048278,9.527678,1
9.100000,5,12.991930,8.471330,17.884083,26.363483,12.991930,8.471330,1
9.100000,6,11.162243,6.641643,17.884083,26.363483,11.162243,6.641643,1
9.100000,7,10.519351,5.998751,17.884083,26.363483,10.519351,5.998751,1
9.600000,5,15.227044,10.706444,19.395594,27.874994,15.227044,10.706444,1
9.600000,6,14.157960,9.637360,19.395594,27.874994,14.157960,9.637360,1
9.600000,7,11.562152,7.041552,19.395594,27.874994,11.562152,7.041552,1
10.100000,5,12.946828,8.426228,19.782965,28.262366,12.946828,8.426228,1
10.100000,6,9.963511,5.442911,19.782965,28.262366,9.963511,5.442911,1
10.100000,7,9.027115,4.506515,19.782965,28.262366,9.027115,4.506515,1
10.600000,5,12.260823,7.740223,20.310565,28.789965,12.260823,7.740223,1
10.600000,6,11.300788,6.780188,20.310565,28.789965,11.300788,6.780188,1
10.600000,7,11.727700,7.207101,20.310565,28.789965,11.727700,7.207101,1
11.100000,5,14.330469,9.809869,19.472392,27.951792,14.330469,9.809869,1
11.100000,6,14.059178,9.538578,19.472392,27.951792,14.059178,9.538578,1
11.100000,7,12.353640,7.833040,19.472392,27.951792,12.353640,7.833040,1
11.600000,5,13.594867,9.074267,17.435688,25.915088,13.594867,9.074267,1
11.600000,6,15.525088,11.004488,17.435688,25.915088,15.525088,11.004488,1
11.600000,7,11.392940,6.872340,17.435688,25.915088,11.392940,6.872340,1
12.100000,5,11.942670,7.422070,19.780524,28.259924,11.942670,7.422070,1
12.100000,6,12.814037,8.293437,19.780524,28.259924,12.814037,8.293437,1
12.100000,7,11.228700,6.708100,19.780524,28.259924,11.228700,6.708100,1
12.600000,5,11.747117,7.226517,19.001855,27.481255,11.747117,7.226517,1
12.600000,6,7.789746,3.269146,19.001855,27.481255,7.789746,3.269146,1
12.600000,7,10.692426,6.171826,19.001855,27.481255,10.692426,6.171826,1
13.100000,5,13.043752,8.523153,17.059021,25.538421,13.043752,8.523153,1
13.100000,6,14.978971,10.458371,17.059021,25.538421,14.978971,10.458371,1
13.100000,7,12.156509,7.635909,17.059021,25.538421,12.156509,7.635909,1
13.600000,5,13.608177,9.087577,18.834006,27.313407,13.608177,9.087577,1
13.600000,6,11.057731,6.537131,18.834006,27.313407,11.057731,6.537131,1
13.600000,7,11.372782,6.852182,18.834006,27.313407,11.372782,6.852182,1
14.100000,5,12.932643,8.412043,16.797809,25.277210,12.932643,8.412043,1
14.100000,6,13.642321,9.121721,16.797809,25.277210,13.642321,9.121721,1
14.100000,7,5.895663,1.375064,16.797809,25.277210,5.895663,1.375064,1
14.600000,5,13.255828,8.735229,19.925966,28.405366,13.255828,8.735229,1
14.600000,6,9.713689,5.193089,19.925966,28.405366,9.713689,5.193089,1
14.600000,7,11.683957,7.163357,19.925966,28.405366,11.683957,7.163357,1
15.100000,5,14.394889,9.874289,20.669822,29.149222,14.394889,9.874289,1
15.100000,6,12.165938,7.645338,20.669822,29.149222,12.165938,7.645338,1
15.100000,7,12.195977,7.675377,20.669822,29.149222,12.195977,7.675377,1
15.600000,5,14.670197,10.149597,20.973816,29.453216,14.670197,10.149597,1
15.600000,6,13.483440,8.962840,20.973816,29.453216,13.483440,8.962840,1
15.600000,7,13.398181,8.877581,20.973816,29.453216,13.398181,8.877581,1
16.100000,5,14.724437,10.203837,17.107967,25.587368,14.724437,10.203837,1
16.100000,6,13.241728,8.721128,17.107967,25.587368,13.241728,8.721128,1
16.100000,7,11.544979,7.024379,17.107967,25.587368,11.544979,7.024379,1
16.600000,5,13.151085,8.630485,17.450899,25.930299,13.151085,8.630485,1
16.600000,6,9.495131,4.974532,17.450899,25.930299,9.495131,4.974532,1
16.600000,7,11.026403,6.505803,17.450899,25.930299,11.026403,6.505803,1
17.100000,5,14.205578,9.684978,18.363401,26.842801,14.205578,9.684978,1
17.100000,6,13.290163,8.769563,18.363401,26.842801,13.290163,8.769563,1
17.100000,7,5.677074,1.156474,18.363401,26.842801,5.677074,1.156474,1
17.600000,5,10.846724,6.326124,15.783009,24.262409,10.846724,6.326124,1
17.600000,6,11.803715,7.283115,15.783009,24.262409,11.803715,7.283115,1
17.600000,7,11.320945,6.800345,15.783009,24.262409,11.320945,6.800345,1
18.100000,5,11.222752,6.702152,17.556405,26.035805,11.222752,6.702152,1
18.100000,6,11.062282,6.541683,17.556405,26.035805,11.062282,6.541683,1
18.100000,7,14.126714,9.606114,17.556405,26.035805,14.126714,9.606114,1
18.600000,5,10.336532,5.815932,13.142537,21.621937,10.336532,5.815932,1
18.600000,6,14.456065,9.935465,13.142537,21.621937,13.142537,9.935465,1
18.600000,7,9.252517,4.731917,13.142537,21.621937,9.252517,4.731917,1
19.100000,5,13.651026,9.130426,21.056584,29.535985,13.651026,9.130426,1
19.100000,6,11.794959,7.274360,21.056584,29.535985,11.794959,7.274360,1
19.100000,7,10.146576,5.625976,21.056584,29.535985,10.146576,5.625976,1
19.600000,5,14.221779,9.701179,20.937829,29.417229,14.221779,9.701179,1
19.600000,6,12.937868,8.417268,20.937829,29.417229,12.937868,8.417268,1
19.600000,7,13.954886,9.434286,20.937829,29.417229,13.954886,9.434286,1
20.100000,5,13.484499,8.963899,18.544308,27.023709,13.484499,8.963899,1
20.100000,6,13.389490,8.868890,18.544308,27.023709,13.389490,8.868890,1
20.100000,7,14.061173,9.540573,18.544308,27.023709,14.061173,9.540573,1
20.600000,5,12.534370,8.013770,20.057350,28.536750,12.534370,8.013770,1
20.600000,6,13.844366,9.323766,20.057350,28.536750,13.844366,9.323766,1
20.600000,7,10.738404,6.217804,20.057350,28.536750,10.738404,6.217804,1
21.100000,5,12.842451,8.321851,16.327115,24.806515,12.842451,8.321851,1
21.100000,6,9.491445,4.970845,16.327115,24.806515,9.491445,4.970845,1
21.100000,7,12.888430,8.367830,16.327115,24.806515,12.888430,8.367830,1
21.600000,5,11.973022,7.452422,17.875168,26.354568,11.973022,7.452422,1
21.600000,6,9.360179,4.839579,17.875168,26.354568,9.360179,4.839579,1
21.600000,7,11.188084,6.667484,17.875168,26.354568,11.188084,6.667484,1
22.100000,5,13.186820,8.666220,18.773938,27.253338,13.186820,8.666220,1
22.100000,6,13.011515,8.490916,18.773938,27.253338,13.011515,8.490916,1
22.100000,7,12.658940,8.138341,18.773938,27.253338,12.658940,8.138341,1
22.600000,5,10.090627,5.570027,17.773166,26.252566,10.090627,5.570027,1
22.600000,6,11.467494,6.946894,17.773166,26.252566,11.467494,6.946894,1
22.600000,7,12.951998,8.431398,17.773166,26.252566,12.951998,8.431398,1
23.100000,5,11.293612,6.773012,16.511053,24.990453,11.293612,6.773012,1
23.100000,6,13.922995,9.402395,16.511053,24.990453,13.922995,9.402395,1
23.100000,7,13.798463,9.277863,16.511053,24.990453,13.798463,9.277863,1
23.600000,5,10.862330,6.341730,13.116152,21.595552,10.862330,6.341730,1
23.600000,6,14.583383,10.062783,13.116152,21.595552,13.116152,10.062783,1
23.600000,7,11.131874,6.611274,13.116152,21.595552,11.131874,6.611274,1
24.100000,5,9.620030,5.099430,20.302057,28.781457,9.620030,5.099430,1
24.100000,6,14.267927,9.747327,20.302057,28.781457,14.267927,9.747327,1
24.100000,7,15.936650,11.416050,20.302057,28.781457,15.936650,11.416050,1
24.600000,5,10.578707,6.058107,19.512522,27.991922,10.578707,6.058107,1
24.600000,6,9.613705,5.093105,19.512522,27.991922,9.613705,5.093105,1
24.600000,7,10.445381,5.924781,19.512522,27.991922,10.445381,5.924781,1
25.100000,5,13.288090,8.767490,17.258395,25.737795,13.288090,8.767490,1
25.100000,6,12.982961,8.462361,17.258395,25.737795,12.982961,8.462361,1
25.100000,7,13.279003,8.758403,17.258395,25.737795,13.279003,8.758403,1
25.600000,5,14.288131,9.767531,17.609928,26.089328,14.288131,9.767531,1
25.600000,6,13.543723,9.023123,17.609928,26.089328,13.543723,9.023123,1
25.600000,7,13.863814,9.343214,17.609928,26.089328,13.863814,9.343214,1
26.100000,5,11.824456,7.303857,17.713960,26.193360,11.824456,7.303857,1
26.100000,6,11.466334,6.945734,17.713960,26.193360,11.466334,6.945734,1
26.100000,7,12.250813,7.730213,17.713960,26.193360,12.250813,7.730213,1
26.600000,5,11.027490,6.506890,15.070013,23.549413,11.027490,6.506890,1
26.600000,6,13.375085,8.854485,15.070013,23.549413,13.375085,8.854485,1
26.600000,7,13.789420,9.268821,15.070013,23.549413,13.789420,9.268821,1
27.100000,5,9.814500,5.293900,17.531526,26.010926,9.814500,5.293900,1
27.100000,6,12.999941,8.479341,17.531526,26.010926,12.999941,8.479341,1
27.100000,7,14.395527,9.874927,17.531526,26.010926,14.395527,9.874927,1
27.600000,5,9.259635,4.739035,18.654287,27.133687,9.259635,4.739035,1
27.600000,6,14.096908,9.576308,18.654287,27.133687,14.096908,9.576308,1
27.600000,7,15.702571,11.181971,18.654287,27.133687,15.702571,11.181971,1
28.100000,5,13.607067,9.086467,19.446513,27.925913,13.607067,9.086467,1
28.100000,6,14.204682,9.684082,19.446513,27.925913,14.204682,9.684082,1
28.100000,7,12.482959,7.962359,19.446513,27.925913,12.482959,7.962359,1
28.600000,5,12.515170,7.994571,18.983293,27.462693,12.515170,7.994571,1
28.600000,6,12.189761,7.669161,18.983293,27.462693,12.189761,7.669161,1
28.600000,7,12.440507,7.919907,18.983293,27.462693,12.440507,7.919907,1
29.100000,5,8.165591,3.644991,16.974079,25.453479,8.165591,3.644991,1
29.100000,6,11.172499,6.651899,16.974079,25.453479,11.172499,6.651899,1
29.100000,7,10.847083,6.326483,16.974079,25.453479,10.847083,6.326483,1
29.600000,5,12.302053,7.781453,17.602339,26.081739,12.302053,7.781453,1
29.600000,6,13.838182,9.317582,17.602339,26.081739,13.838182,9.317582,1
29.600000,7,10.771524,6.250924,17.602339,26.081739,10.771524,6.250924,1
30.100000,5,12.406820,7.886220,21.021178,29.500578,12.406820,7.886220,1
30.100000,6,11.915377,7.394777,21.021178,29.500578,11.915377,7.394777,1
30.100000,7,14.838662,10.318062,21.021178,29.500578,14.838662,10.318062,1
30.600000,5,9.545619,5.025019,19.827259,28.306659,9.545619,5.025019,1
30.600000,6,12.229962,7.709362,19.827259,28.306659,12.229962,7.709362,1
30.600000,7,12.808836,8.288236,19.827259,28.306659,12.808836,8.288236,1
31.100000,5,11.703564,7.182965,18.385763,26.865163,11.703564,7.182965,1
31.100000,6,11.145218,6.624618,18.385763,26.865163,11.145218,6.624618,1
31.100000,7,14.489933,9.969333,18.385763,26.865163,14.489933,9.969333,1
31.600000,5,7.106794,2.586194,18.401095,26.880495,7.106794,2.586194,1
31.600000,6,13.757447,9.236847,18.401095,26.880495,13.757447,9.236847,1
31.600000,7,14.103854,9.583255,18.401095,26.880495,14.103854,9.583255,1
32.100000,5,11.732819,7.212219,19.456303,27.935703,11.732819,7.212219,1
32.100000,6,13.231673,8.711073,19.456303,27.935703,13.231673,8.711073,1
32.100000,7,11.176882,6.656282,19.456303,27.935703,11.176882,6.656282,1
32.600000,5,12.386394,7.865794,19.016128,27.495528,12.386394,7.865794,1
32.600000,6,13.249058,8.728459,19.016128,27.495528,13.249058,8.728459,1
32.600000,7,13.356097,8.835497,19.016128,27.495528,13.356097,8.835497,1
33.100000,5,15.163915,10.643315,16.266886,24.746286,15.163915,10.643315,1
33.100000,6,13.637661,9.117061,16.266886,24.746286,13.637661,9.117061,1
33.100000,7,12.706868,8.186268,16.266886,24.746286,12.706868,8.186268,1
33.600000,5,11.421287,6.900687,19.514221,27.993621,11.421287,6.900687,1
33.600000,6,12.054475,7.533875,19.514221,27.993621,12.054475,7.533875,1
33.600000,7,15.166319,10.645720,19.514221,27.993621,15.166319,10.645720,1
34.100000,5,11.836915,7.316315,16.249602,24.729002,11.836915,7.316315,1
34.100000,6,12.107512,7.586912,16.249602,24.729002,12.107512,7.586912,1
34.100000,7,12.786427,8.265827,16.249602,24.729002,12.786427,8.265827,1
34.600000,5,14.341289,9.820689,19.492440,27.971840,14.341289,9.820689,1
34.600000,6,12.539118,8.018518,19.492440,27.971840,12.539118,8.018518,1
34.600000,7,14.081381,9.560781,19.492440,27.971840,14.081381,9.560781,1
35.100000,5,11.049482,6.528882,19.500654,27.980054,11.049482,6.528882,1
35.100000,6,13.461600,8.941000,19.500654,27.980054,13.461600,8.941000,1
35.100000,7,10.902952,6.382352,19.500654,27.980054,10.902952,6.382352,1
35.600000,5,12.350875,7.830275,17.642307,26.121707,12.350875,7.830275,1
35.600000,6,9.990106,5.469506,17.642307,26.121707,9.990106,5.469506,1
35.600000,7,12.036568,7.515968,17.642307,26.121707,12.036568,7.515968,1
36.100000,5,13.286097,8.765497,17.793851,26.273251,13.286097,8.765497,1
36.100000,6,14.036862,9.516262,17.793851,26.273251,14.036862,9.516262,1
36.100000,7,12.446454,7.925854,17.793851,26.273251,12.446454,7.925854,1
36.600000,5,11.228534,6.707934,17.831284,26.310684,11.228534,6.707934,1
36.600000,6,9.751124,5.230524,17.831284,26.310684,9.751124,5.230524,1
36.600000,7,13.846154,9.325554,17.831284,26.310684,13.846154,9.325554,1
37.100000,5,12.125969,7.605369,19.670233,28.149633,12.125969,7.605369,1
37.100000,6,14.270441,9.749841,19.670233,28.149633,14.270441,9.749841,1
37.100000,7,12.978025,8.457425,19.670233,28.149633,12.978025,8.457425,1
37.600000,5,12.163015,7.642415,16.583545,25.062945,12.163015,7.642415,1
37.600000,6,14.785566,10.264966,16.583545,25.062945,14.785566,10.264966,1
37.600000,7,13.232360,8.711760,16.583545,25.062945,13.232360,8.711760,1
38.100000,5,11.538700,7.018100,16.416347,24.895747,11.538700,7.018100,1
38.100000,6,6.712520,2.191920,16.416347,24.895747,6.712520,2.191920,1
38.100000,7,13.687762,9.167162,16.416347,24.895747,13.687762,9.167162,1
38.600000,5,11.706304,7.185704,20.238432,28.717832,11.706304,7.185704,1
38.600000,6,11.536580,7.015980,20.238432,28.717832,11.536580,7.015980,1
38.600000,7,11.117354,6.596754,20.238432,28.717832,11.117354,6.596754,1
39.100000,5,13.314572,8.793972,20.383712,28.863112,13.314572,8.793972,1
39.100000,6,10.925592,6.404992,20.383712,28.863112,10.925592,6.404992,1
39.100000,7,16.659249,12.138650,20.383712,28.863112,16.659249,12.138650,1
39.600000,5,13.506488,8.985888,17.300594,25.779994,13.506488,8.985888,1
39.600000,6,9.569803,5.049203,17.300594,25.779994,9.569803,5.049203,1
39.600000,7,10.530213,6.009613,17.300594,25.779994,10.530213,6.009613,1
