Time,CellId,ServiceDlSnrDb,ServiceUlSnrDb,FeederDlSnrDb,FeederUlSnrDb,BackhaulDlSnrDb,BackhaulUlSnrDb,BackhaulHealthy
0.100000,5,11.164059,6.643459,16.452310,24.931711,11.164059,6.643459,1
0.100000,6,7.964311,3.443711,16.452310,24.931711,7.964311,3.443711,1
0.100000,7,8.944901,4.424301,16.452310,24.931711,8.944901,4.424301,1
0.600000,5,11.363908,6.843308,17.102742,25.582143,11.363908,6.843308,1
0.600000,6,13.577555,9.056955,17.102742,25.582143,13.577555,9.056955,1
0.600000,7,13.283492,8.762892,17.102742,25.582143,13.283492,8.762892,1
1.100000,5,15.045791,10.525191,17.639690,26.119090,15.045791,10.525191,1
1.100000,6,12.673327,8.152727,17.639690,26.119090,12.673327,8.152727,1
1.100000,7,8.151137,3.630537,17.639690,26.119090,8.151137,3.630537,1
1.600000,5,13.720845,9.200245,17.872941,26.352341,13.720845,9.200245,1
1.600000,6,11.362816,6.842216,17.872941,26.352341,11.362816,6.842216,1
1.600000,7,8.594229,4.073630,17.872941,26.352341,8.594229,4.073630,1
2.100000,5,12.596096,8.075496,16.032222,24.511622,12.596096,8.075496,1
2.100000,6,9.755456,5.234857,16.032222,24.511622,9.755456,5.234857,1
2.100000,7,8.934625,4.414025,16.032222,24.511622,8.934625,4.414025,1
2.600000,5,10.765777,6.245177,15.249382,23.728782,10.765777,6.245177,1
2.600000,6,12.686964,8.166364,15.249382,23.728782,12.686964,8.166364,1
2.600000,7,10.894677,6.374077,15.249382,23.728782,10.894677,6.374077,1
3.100000,5,14.391491,9.870891,17.828289,26.307689,14.391491,9.870891,1
3.100000,6,10.896606,6.376006,17.828289,26.307689,10.896606,6.376006,1
3.100000,7,10.849880,6.329280,17.828289,26.307689,10.849880,6.329280,1
3.600000,5,11.592103,7.071503,15.888016,24.367416,11.592103,7.071503,1
3.600000,6,9.370732,4.850132,15.888016,24.367416,9.370732,4.850132,1
3.600000,7,11.908365,7.387765,15.888016,24.367416,11.908365,7.387765,1
4.100000,5,10.880320,6.359720,16.549816,25.029216,10.880320,6.359720,1
4.100000,6,12.520244,7.999644,16.549816,25.029216,12.520244,7.999644,1
4.100000,7,10.387087,5.866487,16.549816,25.029216,10.387087,5.866487,1
4.600000,5,13.690409,9.169809,18.206339,26.685739,13.690409,9.169809,1
4.600000,6,13.428051,8.907451,18.206339,26.685739,13.428051,8.907451,1
4.600000,7,12.845993,8.325393,18.206339,26.685739,12.845993,8.325393,1
5.100000,5,13.028537,8.507937,17.667821,26.147221,13.028537,8.507937,1
5.100000,6,10.848685,6.328085,17.667821,26.147221,10.848685,6.328085,1
5.100000,7,11.917997,7.397397,17.667821,26.147221,11.917997,7.397397,1
5.600000,5,13.734414,9.213814,17.232140,25.711540,13.734414,9.213814,1
5.600000,6,12.408164,7.887565,17.232140,25.711540,12.408164,7.887565,1
5.600000,7,11.306324,6.785724,17.232140,25.711540,11.306324,6.785724,1
6.100000,5,12.912712,8.392112,16.956041,25.435441,12.912712,8.392112,1
6.100000,6,9.610842,5.090242,16.956041,25.435441,9.610842,5.090242,1
6.100000,7,14.674704,10.154104,16.956041,25.435441,14.674704,10.154104,1
6.600000,5,12.608671,8.088071,13.409204,21.888604,12.608671,8.088071,1
6.600000,6,13.245965,8.725365,13.409204,21.888604,13.245965,8.725365,1
6.600000,7,12.354786,7.834186,13.409204,21.888604,12.354786,7.834186,1
7.100000,5,11.196786,6.676186,17.482513,25.961914,11.196786,6.676186,1
7.100000,6,12.743016,8.222416,17.482513,25.961914,12.743016,8.222416,1
7.100000,7,14.942897,10.422297,17.482513,25.961914,14.942897,10.422297,1
7.600000,5,13.972369,9.451770,17.004112,25.483512,13.972369,9.451770,1
7.600000,6,13.795853,9.275253,17.004112,25.483512,13.795853,9.275253,1
7.600000,7,10.642970,6.122371,17.004112,25.483512,10.642970,6.122371,1
8.100000,5,13.512092,8.991492,15.363069,23.842470,13.512092,8.991492,1
8.100000,6,12.396771,7.876171,15.363069,23.842470,12.396771,7.876171,1
8.100000,7,13.232877,8.712277,15.363069,23.842470,13.232877,8.712277,1
8.600000,5,11.151145,6.630546,18.169470,26.648871,11.151145,6.630546,1
8.600000,6,13.380848,8.860248,18.169470,26.648871,13.380848,8.860248,1
8.600000,7,13.648856,9.128256,18.169470,26.648871,13.648856,9.128256,1
9.100000,5,11.763897,7.243297,16.766226,25.245626,11.763897,7.243297,1
9.100000,6,12.010082,7.489482,16.766226,25.245626,12.010082,7.489482,1
9.100000,7,14.316205,9.795605,16.766226,25.245626,14.316205,9.795605,1
9.600000,5,10.361711,5.841111,19.299707,27.779107,10.361711,5.841111,1
9.600000,6,9.692251,5.171651,19.299707,27.779107,9.692251,5.171651,1
9.600000,7,15.209289,10.688689,19.299707,27.779107,15.209289,10.688689,1
10.100000,5,9.465830,4.945230,16.609207,25.088607,9.465830,4.945230,1
10.100000,6,11.871115,7.350515,16.609207,25.088607,11.871115,7.350515,1
10.100000,7,7.465557,2.944957,16.609207,25.088607,7.465557,2.944957,1
10.600000,5,13.467440,8.946840,18.539301,27.018701,13.467440,8.946840,1
10.600000,6,10.898891,6.378291,18.539301,27.018701,10.898891,6.378291,1
10.600000,7,13.494413,8.973813,18.539301,27.018701,13.494413,8.973813,1
11.100000,5,14.168167,9.647567,16.026439,24.505839,14.168167,9.647567,1
11.100000,6,11.556233,7.035633,16.026439,24.505839,11.556233,7.035633,1
11.100000,7,11.306982,6.786382,16.026439,24.505839,11.306982,6.786382,1
11.600000,5,6.884307,2.363707,15.785478,24.264878,6.884307,2.363707,1
11.600000,6,11.614522,7.093922,15.785478,24.264878,11.614522,7.093922,1
11.600000,7,11.867632,7.347032,15.785478,24.264878,11.867632,7.347032,1
12.100000,5,9.743531,5.222931,20.938179,29.417579,9.743531,5.222931,1
12.100000,6,11.883097,7.362497,20.938179,29.417579,11.883097,7.362497,1
12.100000,7,11.749001,7.228401,20.938179,29.417579,11.749001,7.228401,1
12.600000,5,10.699669,6.179069,18.934800,27.414200,10.699669,6.179069,1
12.600000,6,12.925117,8.404517,18.934800,27.414200,12.925117,8.404517,1
12.600000,7,13.515173,8.994573,18.934800,27.414200,13.515173,8.994573,1
13.100000,5,13.849366,9.328766,18.328571,26.807971,13.849366,9.328766,1
13.100000,6,8.857762,4.337162,18.328571,26.807971,8.857762,4.337162,1
13.100000,7,10.483848,5.963249,18.328571,26.807971,10.483848,5.963249,1
13.600000,5,14.215115,9.694515,15.437304,23.916704,14.215115,9.694515,1
13.600000,6,12.634687,8.114087,15.437304,23.916704,12.634687,8.114087,1
13.600000,7,14.089578,9.568978,15.437304,23.916704,14.089578,9.568978,1
14.100000,5,13.252174,8.731574,16.224272,24.703672,13.252174,8.731574,1
14.100000,6,10.233483,5.712883,16.224272,24.703672,10.233483,5.712883,1
14.100000,7,11.456208,6.935608,16.224272,24.703672,11.456208,6.935608,1
14.600000,5,11.166798,6.646198,16.841720,25.321120,11.166798,6.646198,1
14.600000,6,12.615386,8.094786,16.841720,25.321120,12.615386,8.094786,1
14.600000,7,13.252666,8.732066,16.841720,25.321120,13.252666,8.732066,1
15.100000,5,13.134802,8.614202,18.722468,27.201868,13.134802,8.614202,1
15.100000,6,14.725318,10.204718,18.722468,27.201868,14.725318,10.204718,1
15.100000,7,13.302056,8.781456,18.722468,27.201868,13.302056,8.781456,1
15.600000,5,12.452626,7.932026,17.349936,25.829336,12.452626,7.932026,1
15.600000,6,12.054353,7.533754,17.349936,25.829336,12.054353,7.533754,1
15.600000,7,13.246403,8.725803,17.349936,25.829336,13.246403,8.725803,1
16.100000,5,13.561506,9.040906,19.989590,28.468990,13.561506,9.040906,1
16.100000,6,12.458440,7.937840,19.989590,28.468990,12.458440,7.937840,1
16.100000,7,12.992853,8.472253,19.989590,28.468990,12.992853,8.472253,1
16.600000,5,13.151109,8.630509,18.031310,26.510710,13.151109,8.630509,1
16.600000,6,13.698742,9.178142,18.031310,26.510710,13.698742,9.178142,1
16.600000,7,14.225376,9.704776,18.031310,26.510710,14.225376,9.704776,1
17.100000,5,14.010407,9.489807,17.615575,26.094975,14.010407,9.489807,1
17.100000,6,15.334882,10.814282,17.615575,26.094975,15.334882,10.814282,1
17.100000,7,12.177831,7.657231,17.615575,26.094975,12.177831,7.657231,1
17.600000,5,9.258831,4.738231,15.887968,24.367368,9.258831,4.738231,1
17.600000,6,12.849722,8.329122,15.887968,24.367368,12.849722,8.329122,1
17.600000,7,11.255150,6.734550,15.887968,24.367368,11.255150,6.734550,1
18.100000,5,12.646723,8.126123,17.972110,26.451510,12.646723,8.126123,1
18.100000,6,12.450724,7.930124,17.972110,26.451510,12.450724,7.930124,1
18.100000,7,12.460941,7.940341,17.972110,26.451510,12.460941,7.940341,1
18.600000,5,13.310845,8.790245,18.747532,27.226932,13.310845,8.790245,1
18.600000,6,11.210345,6.689745,18.747532,27.226932,11.210345,6.689745,1
18.600000,7,13.781424,9.260824,18.747532,27.226932,13.781424,9.260824,1
19.100000,5,13.606740,9.086140,15.436941,23.916341,13.606740,9.086140,1
19.100000,6,13.369784,8.849184,15.436941,23.916341,13.369784,8.849184,1
19.100000,7,12.112733,7.592133,15.436941,23.916341,12.112733,7.592133,1
19.600000,5,13.997779,9.477179,18.985523,27.464923,13.997779,9.477179,1
19.600000,6,9.749687,5.229087,18.985523,27.464923,9.749687,5.229087,1
19.600000,7,14.147635,9.627035,18.985523,27.464923,14.147635,9.627035,1
20.100000,5,14.078338,9.557738,16.316811,24.796212,14.078338,9.557738,1
20.100000,6,11.262483,6.741884,16.316811,24.796212,11.262483,6.741884,1
20.100000,7,12.005290,7.484690,16.316811,24.796212,12.005290,7.484690,1
20.600000,5,12.610733,8.090134,18.259379,26.738779,12.610733,8.090134,1
20.600000,6,12.903538,8.382938,18.259379,26.738779,12.903538,8.382938,1
20.600000,7,12.674848,8.154248,18.259379,26.738779,12.674848,8.154248,1
21.100000,5,9.904412,5.383812,14.656886,23.136286,9.904412,5.383812,1
21.100000,6,12.187868,7.667268,14.656886,23.136286,12.187868,7.667268,1
21.100000,7,10.871660,6.351060,14.656886,23.136286,10.871660,6.351060,1
21.600000,5,12.987541,8.466941,18.687320,27.166720,12.987541,8.466941,1
21.600000,6,11.572502,7.051902,18.687320,27.166720,11.572502,7.051902,1
21.600000,7,10.951050,6.430450,18.687320,27.166720,10.951050,6.430450,1
22.100000,5,12.833607,8.313007,14.593583,23.072983,12.833607,8.313007,1
22.100000,6,12.613055,8.092455,14.593583,23.072983,12.613055,8.092455,1
22.100000,7,10.250250,5.729650,14.593583,23.072983,10.250250,5.729650,1
22.600000,5,12.031962,7.511362,16.792099,25.271499,12.031962,7.511362,1
22.600000,6,10.336040,5.815440,16.792099,25.271499,10.336040,5.815440,1
22.600000,7,13.083874,8.563274,16.792099,25.271499,13.083874,8.563274,1
23.100000,5,8.504756,3.984157,17.615900,26.095300,8.504756,3.984157,1
23.100000,6,14.041576,9.520976,17.615900,26.095300,14.041576,9.520976,1
23.100000,7,11.577350,7.056750,17.615900,26.095300,11.577350,7.056750,1
23.600000,5,13.252178,8.731578,16.957275,25.436675,13.252178,8.731578,1
23.600000,6,11.018221,6.497621,16.957275,25.436675,11.018221,6.497621,1
23.600000,7,12.842936,8.322336,16.957275,25.436675,12.842936,8.322336,1
24.100000,5,13.087908,8.567308,16.250322,24.729723,13.087908,8.567308,1
24.100000,6,13.108898,8.588298,16.250322,24.729723,13.108898,8.588298,1
24.100000,7,12.912357,8.391757,16.250322,24.729723,12.912357,8.391757,1
24.600000,5,11.442010,6.921410,19.138842,27.618243,11.442010,6.921410,1
24.600000,6,14.289759,9.769159,19.138842,27.618243,14.289759,9.769159,1
24.600000,7,11.911088,7.390488,19.138842,27.618243,11.911088,7.390488,1
25.100000,5,7.623216,3.102616,19.064645,27.544045,7.623216,3.102616,1
25.100000,6,14.508191,9.987591,19.064645,27.544045,14.508191,9.987591,1
25.100000,7,13.364278,8.843679,19.064645,27.544045,13.364278,8.843679,1
25.600000,5,13.281491,8.760891,16.862090,25.341490,13.281491,8.760891,1
25.600000,6,12.934376,8.413776,16.862090,25.341490,12.934376,8.413776,1
25.600000,7,11.709012,7.188412,16.862090,25.341490,11.709012,7.188412,1
26.100000,5,13.971237,9.450637,16.297004,24.776404,13.971237,9.450637,1
26.100000,6,14.551529,10.030929,16.297004,24.776404,14.551529,10.030929,1
26.100000,7,11.776303,7.255703,16.297004,24.776404,11.776303,7.255703,1
26.600000,5,9.980721,5.460121,10.246672,18.726072,9.980721,5.460121,1
26.600000,6,12.869553,8.348953,10.246672,18.726072,10.246672,8.348953,1
26.600000,7,12.873817,8.353217,10.246672,18.726072,10.246672,8.353217,1
27.100000,5,10.495760,5.975160,17.684813,26.164213,10.495760,5.975160,1
27.100000,6,11.386230,6.865630,17.684813,26.164213,11.386230,6.865630,1
27.100000,7,11.589516,7.068916,17.684813,26.164213,11.589516,7.068916,1
27.600000,5,11.505893,6.985293,16.865536,25.344936,11.505893,6.985293,1
27.600000,6,12.268291,7.747691,16.865536,25.344936,12.268291,7.747691,1
27.600000,7,12.583832,8.063232,16.865536,25.344936,12.583832,8.063232,1
28.100000,5,13.458121,8.937521,17.702839,26.182239,13.458121,8.937521,1
28.100000,6,12.563413,8.042813,17.702839,26.182239,12.563413,8.042813,1
28.100000,7,12.743513,8.222913,17.702839,26.182239,12.743513,8.222913,1
28.600000,5,9.891745,5.371145,16.823787,25.303187,9.891745,5.371145,1
28.600000,6,11.206109,6.685509,16.823787,25.303187,11.206109,6.685509,1
28.600000,7,12.756189,8.235589,16.823787,25.303187,12.756189,8.235589,1
29.100000,5,11.812863,7.292263,17.132190,25.611590,11.812863,7.292263,1
29.100000,6,11.065035,6.544436,17.132190,25.611590,11.065035,6.544436,1
29.100000,7,14.381305,9.860705,17.132190,25.611590,14.381305,9.860705,1
29.600000,5,10.808309,6.287709,16.481458,24.960858,10.808309,6.287709,1
29.600000,6,9.737248,5.216648,16.481458,24.960858,9.737248,5.216648,1
29.600000,7,13.004687,8.484087,16.481458,24.960858,13.004687,8.484087,1
30.100000,5,12.890354,8.369754,17.477978,25.957378,12.890354,8.369754,1
30.100000,6,13.414588,8.893988,17.477978,25.957378,13.414588,8.893988,1
30.100000,7,9.964262,5.443662,17.477978,25.957378,9.964262,5.443662,1
30.600000,5,13.567706,9.047106,16.930506,25.409906,13.567706,9.047106,1
30.600000,6,10.190286,5.669686,16.930506,25.409906,10.190286,5.669686,1
30.600000,7,11.141166,6.620566,16.930506,25.409906,11.141166,6.620566,1
31.100000,5,12.158974,7.638374,19.782350,28.261750,12.158974,7.638374,1
31.100000,6,10.498104,5.977504,19.782350,28.261750,10.498104,5.977504,1
31.100000,7,9.310512,4.789912,19.782350,28.261750,9.310512,4.789912,1
31.600000,5,10.980458,6.459859,12.675734,21.155134,10.980458,6.459859,1
31.600000,6,13.401329,8.880729,12.675734,21.155134,12.675734,8.880729,1
31.600000,7,13.219384,8.698784,12.675734,21.155134,12.675734,8.698784,1
32.100000,5,14.667750,10.147150,17.254686,25.734086,14.667750,10.147150,1
32.100000,6,12.026333,7.505733,17.254686,25.734086,12.026333,7.505733,1
32.100000,7,5.731043,1.210444,17.254686,25.734086,5.731043,1.210444,1
32.600000,5,8.517830,3.997230,19.362062,27.841462,8.517830,3.997230,1
32.600000,6,10.316080,5.795480,19.362062,27.841462,10.316080,5.795480,1
32.600000,7,13.373369,8.852769,19.362062,27.841462,13.373369,8.852769,1
33.100000,5,14.295658,9.775058,8.999788,17.479188,8.999788,9.775058,1
33.100000,6,12.415174,7.894574,8.999788,17.479188,8.999788,7.894574,1
33.100000,7,12.846156,8.325556,8.999788,17.479188,8.999788,8.325556,1
33.600000,5,9.855062,5.334462,14.009625,22.489025,9.855062,5.334462,1
33.600000,6,9.404462,4.883862,14.009625,22.489025,9.404462,4.883862,1
33.600000,7,12.626012,8.105412,14.009625,22.489025,12.626012,8.105412,1
34.100000,5,11.019577,6.498978,17.672757,26.152157,11.019577,6.498978,1
34.100000,6,12.040802,7.520202,17.672757,26.152157,12.040802,7.520202,1
34.100000,7,14.728377,10.207777,17.672757,26.152157,14.728377,10.207777,1
34.600000,5,11.561502,7.040902,17.223335,25.702735,11.561502,7.040902,1
34.600000,6,13.530278,9.009678,17.223335,25.702735,13.530278,9.009678,1
34.600000,7,14.003412,9.482812,17.223335,25.702735,14.003412,9.482812,1
35.100000,5,11.440311,6.919711,18.203218,26.682618,11.440311,6.919711,1
35.100000,6,12.918065,8.397465,18.203218,26.682618,12.918065,8.397465,1
35.100000,7,10.519719,5.999119,18.203218,26.682618,10.519719,5.999119,1
35.600000,5,15.718685,11.198085,13.549931,22.029331,13.549931,11.198085,1
35.600000,6,10.683643,6.163043,13.549931,22.029331,10.683643,6.163043,1
35.600000,7,14.056933,9.536334,13.549931,22.029331,13.549931,9.536334,1
36.100000,5,11.534157,7.013557,17.476455,25.955855,11.534157,7.013557,1
36.100000,6,14.989633,10.469033,17.476455,25.955855,14.989633,10.469033,1
36.100000,7,12.148061,7.627461,17.476455,25.955855,12.148061,7.627461,1
36.600000,5,14.522447,10.001847,19.370902,27.850302,14.522447,10.001847,1
36.600000,6,11.366875,6.846276,19.370902,27.850302,11.366875,6.846276,1
36.600000,7,14.237046,9.716447,19.370902,27.850302,14.237046,9.716447,1
37.100000,5,14.056848,9.536248,17.005585,25.484985,14.056848,9.536248,1
37.100000,6,9.837141,5.316541,17.005585,25.484985,9.837141,5.316541,1
37.100000,7,6.237761,1.717161,17.005585,25.484985,6.237761,1.717161,1
37.600000,5,13.132977,8.612377,16.966944,25.446344,13.132977,8.612377,1
37.600000,6,14.939438,10.418838,16.966944,25.446344,14.939438,10.418838,1
37.600000,7,12.872490,8.351890,16.966944,25.446344,12.872490,8.351890,1
38.100000,5,15.223062,10.702462,14.382406,22.861806,14.382406,10.702462,1
38.100000,6,12.210420,7.689820,14.382406,22.861806,12.210420,7.689820,1
38.100000,7,13.055881,8.535281,14.382406,22.861806,13.055881,8.535281,1
38.600000,5,12.226353,7.705753,18.527585,27.006985,12.226353,7.705753,1
38.600000,6,11.970719,7.450119,18.527585,27.006985,11.970719,7.450119,1
38.600000,7,13.746415,9.225815,18.527585,27.006985,13.746415,9.225815,1
39.100000,5,14.573825,10.053225,17.435918,25.915318,14.573825,10.053225,1
39.100000,6,10.629477,6.108877,17.435918,25.915318,10.629477,6.108877,1
39.100000,7,13.479546,8.958946,17.435918,25.915318,13.479546,8.958946,1
39.600000,5,13.857123,9.336523,15.709710,24.189110,13.857123,9.336523,1
39.600000,6,12.428766,7.908166,15.709710,24.189110,12.428766,7.908166,1
39.600000,7,11.745441,7.224842,15.709710,24.189110,11.745441,7.224842,1
40.100000,5,13.871944,9.351345,13.535142,22.014542,13.535142,9.351345,1
40.100000,6,10.837766,6.317166,13.535142,22.014542,10.837766,6.317166,1
40.100000,7,11.489430,6.968830,13.535142,22.014542,11.489430,6.968830,1
40.600000,5,12.401334,7.880734,17.071134,25.550534,12.401334,7.880734,1
40.600000,6,15.048448,10.527848,17.071134,25.550534,15.048448,10.527848,1
40.600000,7,12.048198,7.527598,17.071134,25.550534,12.048198,7.527598,1
41.100000,5,14.191881,9.671281,15.804712,24.284112,14.191881,9.671281,1
41.100000,6,13.139705,8.619105,15.804712,24.284112,13.139705,8.619105,1
41.100000,7,8.986752,4.466153,15.804712,24.284112,8.986752,4.466153,1
41.600000,5,11.241836,6.721236,18.399047,26.878447,11.241836,6.721236,1
41.600000,6,12.562362,8.041762,18.399047,26.878447,12.562362,8.041762,1
41.600000,7,13.411675,8.891075,18.399047,26.878447,13.411675,8.891075,1
42.100000,5,13.746107,9.225507,16.978640,25.458040,13.746107,9.225507,1
42.100000,6,11.715430,7.194830,16.978640,25.458040,11.715430,7.194830,1
42.100000,7,14.616273,10.095673,16.978640,25.458040,14.616273,10.095673,1
42.600000,5,11.441332,6.920732,14.700688,23.180088,11.441332,6.920732,1
42.600000,6,14.193522,9.672922,14.700688,23.180088,14.193522,9.672922,1
42.600000,7,11.727433,7.206833,14.700688,23.180088,11.727433,7.206833,1
43.100000,5,10.673276,6.152676,17.648973,26.128373,10.673276,6.152676,1
43.100000,6,13.714580,9.193980,17.648973,26.128373,13.714580,9.193980,1
43.100000,7,11.993707,7.473107,17.648973,26.128373,11.993707,7.473107,1
43.600000,5,11.316062,6.795462,16.832959,25.312360,11.316062,6.795462,1
43.600000,6,12.274261,7.753661,16.832959,25.312360,12.274261,7.753661,1
43.600000,7,13.824111,9.303511,16.832959,25.312360,13.824111,9.303511,1
44.100000,5,12.439768,7.919168,20.116207,28.595607,12.439768,7.919168,1
44.100000,6,11.001286,6.480686,20.116207,28.595607,11.001286,6.480686,1
44.100000,7,11.394405,6.873805,20.116207,28.595607,11.394405,6.873805,1
44.600000,5,11.464292,6.943693,16.537223,25.016623,11.464292,6.943693,1
44.600000,6,11.785039,7.264439,16.537223,25.016623,11.785039,7.264439,1
44.600000,7,13.593169,9.072569,16.537223,25.016623,13.593169,9.072569,1
45.100000,5,12.615624,8.095024,18.160915,26.640315,12.615624,8.095024,1
45.100000,6,13.554464,9.033864,18.160915,26.640315,13.554464,9.033864,1
45.100000,7,13.680617,9.160017,18.160915,26.640315,13.680617,9.160017,1
45.600000,5,13.464547,8.943947,16.544027,25.023428,13.464547,8.943947,1
45.600000,6,13.628221,9.107621,16.544027,25.023428,13.628221,9.107621,1
45.600000,7,12.089016,7.568416,16.544027,25.023428,12.089016,7.568416,1
46.100000,5,12.891799,8.371199,15.553868,24.033268,12.891799,8.371199,1
46.100000,6,14.532105,10.011505,15.553868,24.033268,14.532105,10.011505,1
46.100000,7,14.167697,9.647097,15.553868,24.033268,14.167697,9.647097,1
46.600000,5,13.179032,8.658433,17.576674,26.056074,13.179032,8.658433,1
46.600000,6,14.499005,9.978405,17.576674,26.056074,14.499005,9.978405,1
46.600000,7,11.374402,6.853802,17.576674,26.056074,11.374402,6.853802,1
47.100000,5,13.173126,8.652526,16.988107,25.467507,13.173126,8.652526,1
47.100000,6,11.563247,7.042648,16.988107,25.467507,11.563247,7.042648,1
47.100000,7,12.608491,8.087891,16.988107,25.467507,12.608491,8.087891,1
47.600000,5,8.736413,4.215813,15.656734,24.136134,8.736413,4.215813,1
47.600000,6,10.106819,5.586219,15.656734,24.136134,10.106819,5.586219,1
47.600000,7,12.118500,7.597900,15.656734,24.136134,12.118500,7.597900,1
48.100000,5,10.464198,5.943598,16.303897,24.783297,10.464198,5.943598,1
48.100000,6,9.108182,4.587582,16.303897,24.783297,9.108182,4.587582,1
48.100000,7,10.654259,6.133659,16.303897,24.783297,10.654259,6.133659,1
48.600000,5,12.253460,7.732860,16.314692,24.794092,12.253460,7.732860,1
48.600000,6,13.320618,8.800018,16.314692,24.794092,13.320618,8.800018,1
48.600000,7,14.518232,9.997633,16.314692,24.794092,14.518232,9.997633,1
49.100000,5,12.836879,8.316279,17.867526,26.346926,12.836879,8.316279,1
49.100000,6,10.926896,6.406296,17.867526,26.346926,10.926896,6.406296,1
49.100000,7,7.944563,3.423963,17.867526,26.346926,7.944563,3.423963,1
49.600000,5,10.996455,6.475855,16.011333,24.490733,10.996455,6.475855,1
49.600000,6,10.002343,5.481743,16.011333,24.490733,10.002343,5.481743,1
49.600000,7,7.713620,3.193020,16.011333,24.490733,7.713620,3.193020,1
50.100000,5,11.796523,7.275923,18.613267,27.092667,11.796523,7.275923,1
50.100000,6,12.966997,8.446397,18.613267,27.092667,12.966997,8.446397,1
50.100000,7,12.395142,7.874542,18.613267,27.092667,12.395142,7.874542,1
50.600000,5,12.028428,7.507828,17.061090,25.540490,12.028428,7.507828,1
50.600000,6,9.283109,4.762509,17.061090,25.540490,9.283109,4.762509,1
50.600000,7,14.202514,9.681914,17.061090,25.540490,14.202514,9.681914,1
51.100000,5,10.318492,5.797892,18.177919,26.657319,10.318492,5.797892,1
51.100000,6,13.959514,9.438914,18.177919,26.657319,13.959514,9.438914,1
51.100000,7,12.898686,8.378086,18.177919,26.657319,12.898686,8.378086,1
51.600000,5,12.403248,7.882648,18.999229,27.478629,12.403248,7.882648,1
51.600000,6,9.500343,4.979743,18.999229,27.478629,9.500343,4.979743,1
51.600000,7,11.339233,6.818633,18.999229,27.478629,11.339233,6.818633,1
52.100000,5,12.790233,8.269633,14.093542,22.572942,12.790233,8.269633,1
52.100000,6,13.236205,8.715605,14.093542,22.572942,13.236205,8.715605,1
52.100000,7,7.817337,3.296737,14.093542,22.572942,7.817337,3.296737,1
52.600000,5,8.430853,3.910253,18.514026,26.993426,8.430853,3.910253,1
52.600000,6,14.921540,10.400940,18.514026,26.993426,14.921540,10.400940,1
52.600000,7,12.795259,8.274659,18.514026,26.993426,12.795259,8.274659,1
53.100000,5,9.016057,4.495457,16.171229,24.650629,9.016057,4.495457,1
53.100000,6,12.335427,7.814828,16.171229,24.650629,12.335427,7.814828,1
53.100000,7,12.439700,7.919100,16.171229,24.650629,12.439700,7.919100,1
53.600000,5,14.258036,9.737436,17.710061,26.189461,14.258036,9.737436,1
53.600000,6,6.072082,1.551483,17.710061,26.189461,6.072082,1.551483,1
53.600000,7,10.487411,5.966811,17.710061,26.189461,10.487411,5.966811,1
54.100000,5,10.733878,6.213278,17.729166,26.208566,10.733878,6.213278,1
54.100000,6,12.822061,8.301461,17.729166,26.208566,12.822061,8.301461,1
54.100000,7,12.344782,7.824182,17.729166,26.208566,12.344782,7.824182,1
54.600000,5,11.339469,6.818870,16.863633,25.343033,11.339469,6.818870,1
54.600000,6,12.601458,8.080859,16.863633,25.343033,12.601458,8.080859,1
54.600000,7,11.302920,6.782320,16.863633,25.343033,11.302920,6.782320,1
55.100000,5,11.875423,7.354823,18.458090,26.937490,11.875423,7.354823,1
55.100000,6,13.364966,8.844366,18.458090,26.937490,13.364966,8.844366,1
55.100000,7,11.656574,7.135974,18.458090,26.937490,11.656574,7.135974,1
55.600000,5,12.617625,8.097025,19.634315,28.113715,12.617625,8.097025,1
55.600000,6,13.259853,8.739254,19.634315,28.113715,13.259853,8.739254,1
55.600000,7,12.946654,8.426054,19.634315,28.113715,12.946654,8.426054,1
56.100000,5,12.892260,8.371660,18.972485,27.451885,12.892260,8.371660,1
56.100000,6,12.763471,8.242871,18.972485,27.451885,12.763471,8.242871,1
56.100000,7,10.579496,6.058896,18.972485,27.451885,10.579496,6.058896,1
56.600000,5,10.646858,6.126258,14.442924,22.922324,10.646858,6.126258,1
56.600000,6,12.575719,8.055119,14.442924,22.922324,12.575719,8.055119,1
56.600000,7,11.755147,7.234547,14.442924,22.922324,11.755147,7.234547,1
57.100000,5,10.301699,5.781099,16.912392,25.391792,10.301699,5.781099,1
57.100000,6,14.523464,10.002864,16.912392,25.391792,14.523464,10.002864,1
57.100000,7,9.696579,5.175979,16.912392,25.391792,9.696579,5.175979,1
57.600000,5,10.294957,5.774357,18.674569,27.153969,10.294957,5.774357,1
57.600000,6,8.554085,4.033485,18.674569,27.153969,8.554085,4.033485,1
57.600000,7,10.730241,6.209641,18.674569,27.153969,10.730241,6.209641,1
58.100000,5,12.738666,8.218066,15.761158,24.240558,12.738666,8.218066,1
58.100000,6,12.419712,7.899112,15.761158,24.240558,12.419712,7.899112,1
58.100000,7,12.941647,8.421047,15.761158,24.240558,12.941647,8.421047,1
58.600000,5,14.067734,9.547134,18.447294,26.926694,14.067734,9.547134,1
58.600000,6,10.477153,5.956553,18.447294,26.926694,10.477153,5.956553,1
58.600000,7,14.511314,9.990714,18.447294,26.926694,14.511314,9.990714,1
59.100000,5,11.519697,6.999098,16.646841,25.126242,11.519697,6.999098,1
59.100000,6,10.921796,6.401196,16.646841,25.126242,10.921796,6.401196,1
59.100000,7,11.956367,7.435767,16.646841,25.126242,11.956367,7.435767,1
59.600000,5,11.478205,6.957605,17.912569,26.391969,11.478205,6.957605,1
59.600000,6,12.644851,8.124251,17.912569,26.391969,12.644851,8.124251,1
59.600000,7,12.093574,7.572974,17.912569,26.391969,12.093574,7.572974,1
60.100000,5,14.096982,9.576382,15.868134,24.347534,14.096982,9.576382,1
60.100000,6,10.867864,6.347264,15.868134,24.347534,10.867864,6.347264,1
60.100000,7,9.379947,4.859347,15.868134,24.347534,9.379947,4.859347,1
60.600000,5,11.392105,6.871505,16.556033,25.035433,11.392105,6.871505,1
60.600000,6,10.548605,6.028005,16.556033,25.035433,10.548605,6.028005,1
60.600000,7,14.463229,9.942629,16.556033,25.035433,14.463229,9.942629,1
61.100000,5,7.377518,2.856918,17.681026,26.160426,7.377518,2.856918,1
61.100000,6,11.081230,6.560630,17.681026,26.160426,11.081230,6.560630,1
61.100000,7,13.358448,8.837848,17.681026,26.160426,13.358448,8.837848,1
61.600000,5,11.391282,6.870683,16.515809,24.995210,11.391282,6.870683,1
61.600000,6,11.639360,7.118760,16.515809,24.995210,11.639360,7.118760,1
61.600000,7,11.208591,6.687991,16.515809,24.995210,11.208591,6.687991,1
62.100000,5,11.996917,7.476318,19.042812,27.522212,11.996917,7.476318,1
62.100000,6,10.785386,6.264786,19.042812,27.522212,10.785386,6.264786,1
62.100000,7,13.992791,9.472192,19.042812,27.522212,13.992791,9.472192,1
62.600000,5,12.841937,8.321337,16.600354,25.079754,12.841937,8.321337,1
62.600000,6,12.203494,7.682894,16.600354,25.079754,12.203494,7.682894,1
62.600000,7,8.298272,3.777672,16.600354,25.079754,8.298272,3.777672,1
63.100000,5,16.473275,11.952676,16.658271,25.137671,16.473275,11.952676,1
63.100000,6,10.811418,6.290818,16.658271,25.137671,10.811418,6.290818,1
63.100000,7,10.849473,6.328873,16.658271,25.137671,10.849473,6.328873,1
63.600000,5,14.612323,10.091723,18.330003,26.809404,14.612323,10.091723,1
63.600000,6,11.494445,6.973845,18.330003,26.809404,11.494445,6.973845,1
63.600000,7,12.506442,7.985842,18.330003,26.809404,12.506442,7.985842,1
64.100000,5,12.126089,7.605489,15.667982,24.147382,12.126089,7.605489,1
64.100000,6,12.462275,7.941675,15.667982,24.147382,12.462275,7.941675,1
64.100000,7,11.348089,6.827489,15.667982,24.147382,11.348089,6.827489,1
64.600000,5,13.558529,9.037929,14.862319,23.341719,13.558529,9.037929,1
64.600000,6,7.480909,2.960309,14.862319,23.341719,7.480909,2.960309,1
64.600000,7,9.591504,5.070904,14.862319,23.341719,9.591504,5.070904,1
65.100000,5,11.091447,6.570847,16.050042,24.529442,11.091447,6.570847,1
65.100000,6,12.327102,7.806502,16.050042,24.529442,12.327102,7.806502,1
65.100000,7,11.696428,7.175828,16.050042,24.529442,11.696428,7.175828,1
65.600000,5,7.591256,3.070656,18.240749,26.720149,7.591256,3.070656,1
65.600000,6,11.243792,6.723192,18.240749,26.720149,11.243792,6.723192,1
65.600000,7,11.555917,7.035317,18.240749,26.720149,11.555917,7.035317,1
66.100000,5,12.598258,8.077658,14.323652,22.803052,12.598258,8.077658,1
66.100000,6,12.010210,7.489610,14.323652,22.803052,12.010210,7.489610,1
66.100000,7,9.830547,5.309947,14.323652,22.803052,9.830547,5.309947,1
66.600000,5,14.765715,10.245115,14.910861,23.390262,14.765715,10.245115,1
66.600000,6,12.613135,8.092535,14.910861,23.390262,12.613135,8.092535,1
66.600000,7,13.766643,9.246043,14.910861,23.390262,13.766643,9.246043,1
67.100000,5,8.855707,4.335107,17.661646,26.141046,8.855707,4.335107,1
67.100000,6,9.576737,5.056137,17.661646,26.141046,9.576737,5.056137,1
67.100000,7,11.193116,6.672516,17.661646,26.141046,11.193116,6.672516,1
67.600000,5,12.688738,8.168138,16.460984,24.940384,12.688738,8.168138,1
67.600000,6,12.150068,7.629468,16.460984,24.940384,12.150068,7.629468,1
67.600000,7,11.306694,6.786095,16.460984,24.940384,11.306694,6.786095,1
68.100000,5,13.214044,8.693444,18.126950,26.606350,13.214044,8.693444,1
68.100000,6,9.653197,5.132597,18.126950,26.606350,9.653197,5.132597,1
68.100000,7,12.163752,7.643152,18.126950,26.606350,12.163752,7.643152,1
68.600000,5,14.895049,10.374449,18.713345,27.192745,14.895049,10.374449,1
68.600000,6,15.695773,11.175173,18.713345,27.192745,15.695773,11.175173,1
68.600000,7,13.044567,8.523967,18.713345,27.192745,13.044567,8.523967,1
69.100000,5,13.560394,9.039794,18.909281,27.388681,13.560394,9.039794,1
69.100000,6,12.280458,7.759858,18.909281,27.388681,12.280458,7.759858,1
69.100000,7,13.801653,9.281053,18.909281,27.388681,13.801653,9.281053,1
69.600000,5,16.154471,11.633871,19.406991,27.886391,16.154471,11.633871,1
69.600000,6,13.688153,9.167553,19.406991,27.886391,13.688153,9.167553,1
69.600000,7,9.666414,5.145814,19.406991,27.886391,9.666414,5.145814,1
70.100000,5,12.627176,8.106576,15.241019,23.720419,12.627176,8.106576,1
70.100000,6,15.091750,10.571150,15.241019,23.720419,15.091750,10.571150,1
70.100000,7,9.884114,5.363514,15.241019,23.720419,9.884114,5.363514,1
70.600000,5,12.288637,7.768037,15.723527,24.202927,12.288637,7.768037,1
70.600000,6,11.716278,7.195678,15.723527,24.202927,11.716278,7.195678,1
70.600000,7,9.156977,4.636377,15.723527,24.202927,9.156977,4.636377,1
71.100000,5,11.990549,7.469949,18.762883,27.242283,11.990549,7.469949,1
71.100000,6,13.307407,8.786807,18.762883,27.242283,13.307407,8.786807,1
71.100000,7,11.518200,6.997600,18.762883,27.242283,11.518200,6.997600,1
71.600000,5,12.744427,8.223827,16.669136,25.148536,12.744427,8.223827,1
71.600000,6,9.427994,4.907394,16.669136,25.148536,9.427994,4.907394,1
71.600000,7,11.891904,7.371304,16.669136,25.148536,11.891904,7.371304,1
72.100000,5,12.125700,7.605100,17.929938,26.409338,12.125700,7.605100,1
72.100000,6,11.760311,7.239711,17.929938,26.409338,11.760311,7.239711,1
72.100000,7,12.757496,8.236896,17.929938,26.409338,12.757496,8.236896,1
72.600000,5,12.775509,8.254909,15.359151,23.838551,12.775509,8.254909,1
72.600000,6,13.956792,9.436192,15.359151,23.838551,13.956792,9.436192,1
72.600000,7,12.772502,8.251902,15.359151,23.838551,12.772502,8.251902,1
73.100000,5,10.970710,6.450110,16.629061,25.108461,10.970710,6.450110,1
73.100000,6,11.755592,7.234992,16.629061,25.108461,11.755592,7.234992,1
73.100000,7,13.580365,9.059765,16.629061,25.108461,13.580365,9.059765,1
73.600000,5,12.708067,8.187467,19.272674,27.752074,12.708067,8.187467,1
73.600000,6,8.845320,4.324720,19.272674,27.752074,8.845320,4.324720,1
73.600000,7,14.377459,9.856859,19.272674,27.752074,14.377459,9.856859,1
74.100000,5,13.339445,8.818845,18.107677,26.587077,13.339445,8.818845,1
74.100000,6,6.120346,1.599746,18.107677,26.587077,6.120346,1.599746,1
74.100000,7,13.193741,8.673141,18.107677,26.587077,13.193741,8.673141,1
74.600000,5,13.556473,9.035874,19.669626,28.149026,13.556473,9.035874,1
74.600000,6,12.507534,7.986934,19.669626,28.149026,12.507534,7.986934,1
74.600000,7,13.384316,8.863716,19.669626,28.149026,13.384316,8.863716,1
75.100000,5,8.256296,3.735696,14.529842,23.009242,8.256296,3.735696,1
75.100000,6,14.144044,9.623444,14.529842,23.009242,14.144044,9.623444,1
75.100000,7,12.610554,8.089954,14.529842,23.009242,12.610554,8.089954,1
75.600000,5,11.825644,7.305044,15.966762,24.446162,11.825644,7.305044,1
75.600000,6,12.225028,7.704428,15.966762,24.446162,12.225028,7.704428,1
75.600000,7,13.975614,9.455014,15.966762,24.446162,13.975614,9.455014,1
76.100000,5,10.377674,5.857074,18.829616,27.309016,10.377674,5.857074,1
76.100000,6,10.316959,5.796359,18.829616,27.309016,10.316959,5.796359,1
76.100000,7,12.904846,8.384246,18.829616,27.309016,12.904846,8.384246,1
76.600000,5,12.716779,8.196179,14.229369,22.708769,12.716779,8.196179,1
76.600000,6,13.935627,9.415027,14.229369,22.708769,13.935627,9.415027,1
76.600000,7,10.750813,6.230213,14.229369,22.708769,10.750813,6.230213,1
77.100000,5,11.025150,6.504550,17.251594,25.730994,11.025150,6.504550,1
77.100000,6,12.176062,7.655462,17.251594,25.730994,12.176062,7.655462,1
77.100000,7,9.555095,5.034495,17.251594,25.730994,9.555095,5.034495,1
77.600000,5,9.385906,4.865306,12.093326,20.572726,9.385906,4.865306,1
77.600000,6,11.053577,6.532977,12.093326,20.572726,11.053577,6.532977,1
77.600000,7,10.773155,6.252555,12.093326,20.572726,10.773155,6.252555,1
78.100000,5,13.903961,9.383361,17.677677,26.157078,13.903961,9.383361,1
78.100000,6,13.373908,8.853308,17.677677,26.157078,13.373908,8.853308,1
78.100000,7,13.043597,8.522997,17.677677,26.157078,13.043597,8.522997,1
78.600000,5,8.115894,3.595294,17.684910,26.164310,8.115894,3.595294,1
78.600000,6,13.996220,9.475620,17.684910,26.164310,13.996220,9.475620,1
78.600000,7,11.317089,6.796489,17.684910,26.164310,11.317089,6.796489,1
79.100000,5,13.065992,8.545392,19.685026,28.164426,13.065992,8.545392,1
79.100000,6,12.283314,7.762714,19.685026,28.164426,12.283314,7.762714,1
79.100000,7,10.561432,6.040833,19.685026,28.164426,10.561432,6.040833,1
79.600000,5,12.267999,7.747399,17.277273,25.756674,12.267999,7.747399,1
79.600000,6,10.276857,5.756257,17.277273,25.756674,10.276857,5.756257,1
79.600000,7,10.602424,6.081824,17.277273,25.756674,10.602424,6.081824,1
80.100000,5,14.867328,10.346728,16.013890,24.493291,14.867328,10.346728,1
80.100000,6,10.435816,5.915216,16.013890,24.493291,10.435816,5.915216,1
80.100000,7,13.186689,8.666089,16.013890,24.493291,13.186689,8.666089,1
80.600000,5,10.787566,6.266966,16.753860,25.233260,10.787566,6.266966,1
80.600000,6,13.147265,8.626665,16.753860,25.233260,13.147265,8.626665,1
80.600000,7,13.322169,8.801569,16.753860,25.233260,13.322169,8.801569,1
81.100000,5,10.682749,6.162149,15.362512,23.841912,10.682749,6.162149,1
81.100000,6,13.127254,8.606654,15.362512,23.841912,13.127254,8.606654,1
81.100000,7,13.230689,8.710089,15.362512,23.841912,13.230689,8.710089,1
81.600000,5,9.299581,4.778981,18.730391,27.209791,9.299581,4.778981,1
81.600000,6,14.445379,9.924779,18.730391,27.209791,14.445379,9.924779,1
81.600000,7,12.923975,8.403375,18.730391,27.209791,12.923975,8.403375,1
82.100000,5,11.122173,6.601573,17.061458,25.540858,11.122173,6.601573,1
82.100000,6,10.981267,6.460667,17.061458,25.540858,10.981267,6.460667,1
82.100000,7,9.726936,5.206336,17.061458,25.540858,9.726936,5.206336,1
82.600000,5,14.001608,9.481008,18.018390,26.497790,14.001608,9.481008,1
82.600000,6,10.086033,5.565433,18.018390,26.497790,10.086033,5.565433,1
82.600000,7,10.713750,6.193150,18.018390,26.497790,10.713750,6.193150,1
83.100000,5,13.186488,8.665888,16.597603,25.077003,13.186488,8.665888,1
83.100000,6,11.164564,6.643964,16.597603,25.077003,11.164564,6.643964,1
83.100000,7,12.587286,8.066686,16.597603,25.077003,12.587286,8.066686,1
83.600000,5,10.459837,5.939237,17.962337,26.441737,10.459837,5.939237,1
83.600000,6,7.744048,3.223448,17.962337,26.441737,7.744048,3.223448,1
83.600000,7,13.061708,8.541108,17.962337,26.441737,13.061708,8.541108,1
84.100000,5,11.547127,7.026527,15.551609,24.031009,11.547127,7.026527,1
84.100000,6,13.266872,8.746272,15.551609,24.031009,13.266872,8.746272,1
84.100000,7,12.963441,8.442841,15.551609,24.031009,12.963441,8.442841,1
84.600000,5,9.672209,5.151609,16.954947,25.434347,9.672209,5.151609,1
84.600000,6,14.956722,10.436122,16.954947,25.434347,14.956722,10.436122,1
84.600000,7,14.841256,10.320656,16.954947,25.434347,14.841256,10.320656,1
85.100000,5,14.805463,10.284863,17.408571,25.887972,14.805463,10.284863,1
85.100000,6,12.440346,7.919746,17.408571,25.887972,12.440346,7.919746,1
85.100000,7,9.468362,4.947762,17.408571,25.887972,9.468362,4.947762,1
85.600000,5,10.418639,5.898040,15.759284,24.238685,10.418639,5.898040,1
85.600000,6,11.994878,7.474278,15.759284,24.238685,11.994878,7.474278,1
85.600000,7,15.374748,10.854148,15.759284,24.238685,15.374748,10.854148,1
86.100000,5,11.845501,7.324901,18.243139,26.722539,11.845501,7.324901,1
86.100000,6,15.522516,11.001916,18.243139,26.722539,15.522516,11.001916,1
86.100000,7,12.535183,8.014583,18.243139,26.722539,12.535183,8.014583,1
86.600000,5,11.869357,7.348757,17.878620,26.358020,11.869357,7.348757,1
86.600000,6,15.301299,10.780699,17.878620,26.358020,15.301299,10.780699,1
86.600000,7,12.347031,7.826431,17.878620,26.358020,12.347031,7.826431,1
87.100000,5,12.670867,8.150267,17.402406,25.881806,12.670867,8.150267,1
87.100000,6,8.494711,3.974111,17.402406,25.881806,8.494711,3.974111,1
87.100000,7,15.787449,11.266849,17.402406,25.881806,15.787449,11.266849,1
87.600000,5,12.795005,8.274405,17.622274,26.101674,12.795005,8.274405,1
87.600000,6,10.079434,5.558834,17.622274,26.101674,10.079434,5.558834,1
87.600000,7,14.261224,9.740624,17.622274,26.101674,14.261224,9.740624,1
88.100000,5,7.802562,3.281962,17.579869,26.059269,7.802562,3.281962,1
88.100000,6,15.150852,10.630252,17.579869,26.059269,15.150852,10.630252,1
88.100000,7,14.249914,9.729314,17.579869,26.059269,14.249914,9.729314,1
88.600000,5,11.934019,7.413419,15.406640,23.886040,11.934019,7.413419,1
88.600000,6,12.628201,8.107601,15.406640,23.886040,12.628201,8.107601,1
88.600000,7,11.943847,7.423247,15.406640,23.886040,11.943847,7.423247,1
89.100000,5,11.044073,6.523474,17.159049,25.638449,11.044073,6.523474,1
89.100000,6,16.320131,11.799531,17.159049,25.638449,16.320131,11.799531,1
89.100000,7,12.158618,7.638019,17.159049,25.638449,12.158618,7.638019,1
89.600000,5,14.324859,9.804259,18.901441,27.380841,14.324859,9.804259,1
89.600000,6,9.613251,5.092651,18.901441,27.380841,9.613251,5.092651,1
89.600000,7,9.040253,4.519653,18.901441,27.380841,9.040253,4.519653,1
90.100000,5,10.677910,6.157310,17.585522,26.064923,10.677910,6.157310,1
90.100000,6,10.952478,6.431878,17.585522,26.064923,10.952478,6.431878,1
90.100000,7,10.090876,5.570276,17.585522,26.064923,10.090876,5.570276,1
90.600000,5,14.137021,9.616422,17.074976,25.554376,14.137021,9.616422,1
90.600000,6,10.858241,6.337641,17.074976,25.554376,10.858241,6.337641,1
90.600000,7,11.912480,7.391880,17.074976,25.554376,11.912480,7.391880,1
91.100000,5,10.022939,5.502339,15.243997,23.723397,10.022939,5.502339,1
91.100000,6,12.447452,7.926852,15.243997,23.723397,12.447452,7.926852,1
91.100000,7,11.792288,7.271688,15.243997,23.723397,11.792288,7.271688,1
91.600000,5,14.797634,10.277034,15.725729,24.205129,14.797634,10.277034,1
91.600000,6,10.520553,5.999953,15.725729,24.205129,10.520553,5.999953,1
91.600000,7,14.592971,10.072372,15.725729,24.205129,14.592971,10.072372,1
92.100000,5,10.761176,6.240576,18.097520,26.576920,10.761176,6.240576,1
92.100000,6,8.927909,4.407309,18.097520,26.576920,8.927909,4.407309,1
92.100000,7,9.508766,4.988166,18.097520,26.576920,9.508766,4.988166,1
92.600000,5,13.783181,9.262581,18.355285,26.834685,13.783181,9.262581,1
92.600000,6,12.072729,7.552129,18.355285,26.834685,12.072729,7.552129,1
92.600000,7,12.811455,8.290855,18.355285,26.834685,12.811455,8.290855,1
93.100000,5,13.689972,9.169372,15.572733,24.052133,13.689972,9.169372,1
93.100000,6,14.160656,9.640057,15.572733,24.052133,14.160656,9.640057,1
93.100000,7,12.129208,7.608608,15.572733,24.052133,12.129208,7.608608,1
93.600000,5,14.906274,10.385674,15.896493,24.375893,14.906274,10.385674,1
93.600000,6,11.906784,7.386184,15.896493,24.375893,11.906784,7.386184,1
93.600000,7,10.048501,5.527901,15.896493,24.375893,10.048501,5.527901,1
94.100000,5,13.870656,9.350056,15.017205,23.496605,13.870656,9.350056,1
94.100000,6,12.114449,7.593849,15.017205,23.496605,12.114449,7.593849,1
94.100000,7,14.639902,10.119302,15.017205,23.496605,14.639902,10.119302,1
94.600000,5,12.444549,7.923949,17.826105,26.305505,12.444549,7.923949,1
94.600000,6,12.552451,8.031851,17.826105,26.305505,12.552451,8.031851,1
94.600000,7,10.135844,5.615244,17.826105,26.305505,10.135844,5.615244,1
95.100000,5,12.892164,8.371564,17.640142,26.119542,12.892164,8.371564,1
95.100000,6,12.972830,8.452230,17.640142,26.119542,12.972830,8.452230,1
95.100000,7,11.647349,7.126749,17.640142,26.119542,11.647349,7.126749,1
95.600000,5,14.000806,9.480206,17.258907,25.738307,14.000806,9.480206,1
95.600000,6,15.166285,10.645686,17.258907,25.738307,15.166285,10.645686,1
95.600000,7,13.712516,9.191916,17.258907,25.738307,13.712516,9.191916,1
96.100000,5,12.388531,7.867931,12.107645,20.587045,12.107645,7.867931,1
96.100000,6,15.265628,10.745028,12.107645,20.587045,12.107645,10.745028,1
96.100000,7,12.865371,8.344771,12.107645,20.587045,12.107645,8.344771,1
96.600000,5,12.911014,8.390414,15.794550,24.273950,12.911014,8.390414,1
96.600000,6,12.703795,8.183195,15.794550,24.273950,12.703795,8.183195,1
96.600000,7,12.708234,8.187634,15.794550,24.273950,12.708234,8.187634,1
97.100000,5,13.602182,9.081583,17.623503,26.102903,13.602182,9.081583,1
97.100000,6,14.424347,9.903747,17.623503,26.102903,14.424347,9.903747,1
97.100000,7,11.832162,7.311562,17.623503,26.102903,11.832162,7.311562,1
97.600000,5,13.120190,8.599590,16.690679,25.170079,13.120190,8.599590,1
97.600000,6,12.543379,8.022779,16.690679,25.170079,12.543379,8.022779,1
97.600000,7,12.984501,8.463901,16.690679,25.170079,12.984501,8.463901,1
98.100000,5,10.347906,5.827306,13.694400,22.173800,10.347906,5.827306,1
98.100000,6,13.476933,8.956333,13.694400,22.173800,13.476933,8.956333,1
98.100000,7,9.150362,4.629762,13.694400,22.173800,9.150362,4.629762,1
98.600000,5,10.871708,6.351108,19.236083,27.715483,10.871708,6.351108,1
98.600000,6,11.880694,7.360094,19.236083,27.715483,11.880694,7.360094,1
98.600000,7,15.053740,10.533140,19.236083,27.715483,15.053740,10.533140,1
99.100000,5,13.132511,8.611911,18.512781,26.992181,13.132511,8.611911,1
99.100000,6,9.149830,4.629230,18.512781,26.992181,9.149830,4.629230,1
99.100000,7,11.220325,6.699726,18.512781,26.992181,11.220325,6.699726,1
99.600000,5,13.435326,8.914726,18.028574,26.507974,13.435326,8.914726,1
99.600000,6,12.447058,7.926458,18.028574,26.507974,12.447058,7.926458,1
99.600000,7,14.581240,10.060640,18.028574,26.507974,14.581240,10.060640,1
100.100000,5,13.531562,9.010962,19.926300,28.405700,13.531562,9.010962,1
100.100000,6,12.569074,8.048474,19.926300,28.405700,12.569074,8.048474,1
100.100000,7,14.239425,9.718825,19.926300,28.405700,14.239425,9.718825,1
100.600000,5,12.885069,8.364469,15.397849,23.877249,12.885069,8.364469,1
100.600000,6,12.041758,7.521158,15.397849,23.877249,12.041758,7.521158,1
100.600000,7,13.589621,9.069021,15.397849,23.877249,13.589621,9.069021,1
101.100000,5,13.426017,8.905417,16.896795,25.376195,13.426017,8.905417,1
101.100000,6,12.500123,7.979523,16.896795,25.376195,12.500123,7.979523,1
101.100000,7,14.144040,9.623440,16.896795,25.376195,14.144040,9.623440,1
101.600000,5,13.618448,9.097848,13.025503,21.504904,13.025503,9.097848,1
101.600000,6,13.928916,9.408316,13.025503,21.504904,13.025503,9.408316,1
101.600000,7,14.170429,9.649829,13.025503,21.504904,13.025503,9.649829,1
102.100000,5,14.136692,9.616092,19.278852,27.758252,14.136692,9.616092,1
102.100000,6,13.422990,8.902390,19.278852,27.758252,13.422990,8.902390,1
102.100000,7,10.758237,6.237637,19.278852,27.758252,10.758237,6.237637,1
102.600000,5,11.971043,7.450443,18.580665,27.060065,11.971043,7.450443,1
102.600000,6,13.396687,8.876087,18.580665,27.060065,13.396687,8.876087,1
102.600000,7,12.542784,8.022184,18.580665,27.060065,12.542784,8.022184,1
103.100000,5,12.305177,7.784577,16.512013,24.991413,12.305177,7.784577,1
103.100000,6,11.914423,7.393823,16.512013,24.991413,11.914423,7.393823,1
103.100000,7,11.488206,6.967606,16.512013,24.991413,11.488206,6.967606,1
103.600000,5,10.206659,5.686059,18.979127,27.458527,10.206659,5.686059,1
103.600000,6,12.075531,7.554931,18.979127,27.458527,12.075531,7.554931,1
103.600000,7,11.562281,7.041681,18.979127,27.458527,11.562281,7.041681,1
104.100000,5,13.819407,9.298807,18.359883,26.839284,13.819407,9.298807,1
104.100000,6,12.482657,7.962057,18.359883,26.839284,12.482657,7.962057,1
104.100000,7,14.025893,9.505293,18.359883,26.839284,14.025893,9.505293,1
104.600000,5,14.611395,10.090795,16.320366,24.799766,14.611395,10.090795,1
104.600000,6,13.635071,9.114471,16.320366,24.799766,13.635071,9.114471,1
104.600000,7,11.678676,7.158076,16.320366,24.799766,11.678676,7.158076,1
105.100000,5,14.046680,9.526080,17.734579,26.213979,14.046680,9.526080,1
105.100000,6,8.785052,4.264453,17.734579,26.213979,8.785052,4.264453,1
105.100000,7,15.297878,10.777279,17.734579,26.213979,15.297878,10.777279,1
105.600000,5,14.933061,10.412461,13.896200,22.375600,13.896200,10.412461,1
105.600000,6,13.363298,8.842698,13.896200,22.375600,13.363298,8.842698,1
105.600000,7,14.720269,10.199669,13.896200,22.375600,13.896200,10.199669,1
106.100000,5,10.446287,5.925688,14.346339,22.825739,10.446287,5.925688,1
106.100000,6,14.718995,10.198395,14.346339,22.825739,14.346339,10.198395,1
106.100000,7,14.370498,9.849898,14.346339,22.825739,14.346339,9.849898,1
106.600000,5,14.519523,9.998923,16.870437,25.349837,14.519523,9.998923,1
106.600000,6,13.800389,9.279789,16.870437,25.349837,13.800389,9.279789,1
106.600000,7,8.980276,4.459676,16.870437,25.349837,8.980276,4.459676,1
107.100000,5,15.002319,10.481719,17.277954,25.757354,15.002319,10.481719,1
107.100000,6,12.055780,7.535180,17.277954,25.757354,12.055780,7.535180,1
107.100000,7,12.922080,8.401481,17.277954,25.757354,12.922080,8.401481,1
107.600000,5,12.439878,7.919278,17.093278,25.572678,12.439878,7.919278,1
107.600000,6,11.690613,7.170013,17.093278,25.572678,11.690613,7.170013,1
107.600000,7,12.069315,7.548715,17.093278,25.572678,12.069315,7.548715,1
108.100000,5,12.491732,7.971132,18.395064,26.874464,12.491732,7.971132,1
108.100000,6,13.257554,8.736954,18.395064,26.874464,13.257554,8.736954,1
108.100000,7,11.773975,7.253375,18.395064,26.874464,11.773975,7.253375,1
108.600000,5,13.557651,9.037051,18.183914,26.663314,13.557651,9.037051,1
108.600000,6,12.695111,8.174511,18.183914,26.663314,12.695111,8.174511,1
108.600000,7,13.169778,8.649178,18.183914,26.663314,13.169778,8.649178,1
109.100000,5,14.878320,10.357720,17.302084,25.781484,14.878320,10.357720,1
109.100000,6,13.477840,8.957240,17.302084,25.781484,13.477840,8.957240,1
109.100000,7,11.919686,7.399086,17.302084,25.781484,11.919686,7.399086,1
109.600000,5,14.411527,9.890927,18.971778,27.451178,14.411527,9.890927,1
109.600000,6,12.215275,7.694675,18.971778,27.451178,12.215275,7.694675,1
109.600000,7,13.294958,8.774358,18.971778,27.451178,13.294958,8.774358,1
110.100000,5,15.245589,10.724989,16.678703,25.158103,15.245589,10.724989,1
110.100000,6,13.614907,9.094307,16.678703,25.158103,13.614907,9.094307,1
110.100000,7,9.781423,5.260823,16.678703,25.158103,9.781423,5.260823,1
110.600000,5,14.507161,9.986561,16.190544,24.669944,14.507161,9.986561,1
110.600000,6,12.643926,8.123326,16.190544,24.669944,12.643926,8.123326,1
110.600000,7,10.124916,5.604316,16.190544,24.669944,10.124916,5.604316,1
111.100000,5,10.003600,5.483000,16.719159,25.198559,10.003600,5.483000,1
111.100000,6,12.557670,8.037070,16.719159,25.198559,12.557670,8.037070,1
111.100000,7,12.173302,7.652702,16.719159,25.198559,12.173302,7.652702,1
111.600000,5,14.273755,9.753156,16.557416,25.036816,14.273755,9.753156,1
111.600000,6,9.702713,5.182113,16.557416,25.036816,9.702713,5.182113,1
111.600000,7,8.859536,4.338936,16.557416,25.036816,8.859536,4.338936,1
112.100000,5,8.419358,3.898758,18.147030,26.626430,8.419358,3.898758,1
112.100000,6,12.960138,8.439538,18.147030,26.626430,12.960138,8.439538,1
112.100000,7,10.646513,6.125913,18.147030,26.626430,10.646513,6.125913,1
112.600000,5,11.790573,7.269973,17.274415,25.753815,11.790573,7.269973,1
112.600000,6,12.509933,7.989333,17.274415,25.753815,12.509933,7.989333,1
112.600000,7,11.366723,6.846123,17.274415,25.753815,11.366723,6.846123,1
113.100000,5,12.469428,7.948828,15.072640,23.552040,12.469428,7.948828,1
113.100000,6,9.248281,4.727681,15.072640,23.552040,9.248281,4.727681,1
113.100000,7,11.051839,6.531239,15.072640,23.552040,11.051839,6.531239,1
113.600000,5,11.742880,7.222280,17.404022,25.883422,11.742880,7.222280,1
113.600000,6,13.430410,8.909810,17.404022,25.883422,13.430410,8.909810,1
113.600000,7,12.363050,7.842450,17.404022,25.883422,12.363050,7.842450,1
114.100000,5,14.157687,9.637088,18.173533,26.652933,14.157687,9.637088,1
114.100000,6,13.584285,9.063685,18.173533,26.652933,13.584285,9.063685,1
114.100000,7,11.035238,6.514638,18.173533,26.652933,11.035238,6.514638,1
114.600000,5,15.633909,11.113309,13.050032,21.529432,13.050032,11.113309,1
114.600000,6,9.484175,4.963575,13.050032,21.529432,9.484175,4.963575,1
114.600000,7,12.196756,7.676156,13.050032,21.529432,12.196756,7.676156,1
115.100000,5,13.669607,9.149007,16.804059,25.283459,13.669607,9.149007,1
115.100000,6,13.941617,9.421017,16.804059,25.283459,13.941617,9.421017,1
115.100000,7,13.055278,8.534678,16.804059,25.283459,13.055278,8.534678,1
115.600000,5,10.720587,6.199987,16.546116,25.025516,10.720587,6.199987,1
115.600000,6,10.405749,5.885149,16.546116,25.025516,10.405749,5.885149,1
115.600000,7,12.960793,8.440193,16.546116,25.025516,12.960793,8.440193,1
116.100000,5,11.205542,6.684942,18.408428,26.887828,11.205542,6.684942,1
116.100000,6,12.186268,7.665668,18.408428,26.887828,12.186268,7.665668,1
116.100000,7,12.426188,7.905589,18.408428,26.887828,12.426188,7.905589,1
116.600000,5,11.630415,7.109815,18.589466,27.068866,11.630415,7.109815,1
116.600000,6,8.141737,3.621137,18.589466,27.068866,8.141737,3.621137,1
116.600000,7,12.778846,8.258246,18.589466,27.068866,12.778846,8.258246,1
117.100000,5,11.336872,6.816272,19.399209,27.878609,11.336872,6.816272,1
117.100000,6,11.012149,6.491549,19.399209,27.878609,11.012149,6.491549,1
117.100000,7,11.230213,6.709613,19.399209,27.878609,11.230213,6.709613,1
117.600000,5,12.990447,8.469847,17.948727,26.428127,12.990447,8.469847,1
117.600000,6,13.255164,8.734564,17.948727,26.428127,13.255164,8.734564,1
117.600000,7,11.653624,7.133024,17.948727,26.428127,11.653624,7.133024,1
118.100000,5,13.339922,8.819322,19.804063,28.283463,13.339922,8.819322,1
118.100000,6,12.976384,8.455784,19.804063,28.283463,12.976384,8.455784,1
118.100000,7,12.580060,8.059460,19.804063,28.283463,12.580060,8.059460,1
118.600000,5,11.828648,7.308048,16.577475,25.056875,11.828648,7.308048,1
118.600000,6,13.628271,9.107672,16.577475,25.056875,13.628271,9.107672,1
118.600000,7,11.286823,6.766223,16.577475,25.056875,11.286823,6.766223,1
119.100000,5,11.103315,6.582715,18.340249,26.819650,11.103315,6.582715,1
119.100000,6,14.505141,9.984541,18.340249,26.819650,14.505141,9.984541,1
119.100000,7,13.570269,9.049669,18.340249,26.819650,13.570269,9.049669,1
119.600000,5,8.594292,4.073692,12.511267,20.990667,8.594292,4.073692,1
119.600000,6,11.387746,6.867146,12.511267,20.990667,11.387746,6.867146,1
119.600000,7,13.565400,9.044800,12.511267,20.990667,12.511267,9.044800,1
