Time,UE,Delay,Jitter,Throughput,PDR,PLR
2,0,0,0,0,0,0
2,1,0,0,0,0,0
2,2,0,0,0,0,0
2,3,0,0,0,0,0
2,4,0,0,0,0,0
2,5,0,0,0,0,0
2,6,0,0,0,0,0
2,7,0,0,0,0,0
2,8,0,0,0,0,0
2,9,0,0,0,0,0
2,10,0,0,0,0,0
2,11,0,0,0,0,0
2,12,0,0,0,0,0
2,13,0,0,0,0,0
2,14,0,0,0,0,0
2,15,0,0,0,0,0
2,16,0,0,0,0,0
2,17,0,0,0,0,0
2,18,0,0,0,0,0
2,19,0,0,0,0,0
2,20,0,0,0,0,0
2,21,0,0,0,0,0
2,22,0,0,0,0,0
2,23,0,0,0,0,0
2,24,0,0,0,0,0
2,25,0,0,0,0,0
2,26,0,0,0,0,0
2,27,0,0,0,0,0
2,28,0,0,0,0,0
2,29,0,0,0,0,0
2,30,0,0,0,0,0
2,31,0,0,0,0,0
2,32,0,0,0,0,0
2,33,0,0,0,0,0
2,34,0,0,0,0,0
2,35,0,0,0,0,0
2,36,0,0,0,0,0
2,37,0,0,0,0,0
2,38,0,0,0,0,0
2,39,0,0,0,0,0
2,40,0,0,0,0,0
2,41,0,0,0,0,0
2,42,0,0,0,0,0
2,43,0,0,0,0,0
2,44,0,0,0,0,0
2,45,0,0,0,0,0
2,46,0,0,0,0,0
2,47,0,0,0,0,0
2,48,0,0,0,0,0
2,49,0,0,0,0,0
2,50,0,0,0,0,0
2,51,0,0,0,0,0
2,52,0,0,0,0,0
2,53,0,0,0,0,0
2,54,0,0,0,0,0
2,55,0,0,0,0,0
2,56,0,0,0,0,0
2,57,0,0,0,0,0
2,58,0,0,0,0,0
2,59,0,0,0,0,0
2,60,0,0,0,0,0
2,61,0,0,0,0,0
2,62,0,0,0,0,0
2,63,0,0,0,0,0
2,64,0,0,0,0,0
2,65,0,0,0,0,0
2,66,0,0,0,0,0
2,67,0,0,0,0,0
2,68,0,0,0,0,0
2,69,0,0,0,0,0
2,70,0,0,0,0,0
2,71,0,0,0,0,0
2,72,0,0,0,0,0
2,73,0,0,0,0,0
2,74,0,0,0,0,0
4,0,0.0198056,0.0137909,0.09168,88.2353,11.7647
4,1,0.0276137,0.0272436,0.073344,85.7143,14.2857
4,2,0.0763041,0.0393969,0.06112,55.5556,44.4444
4,3,0.0220282,0.0242899,0.048896,72.7273,27.2727
4,4,0.0539588,0.0467359,0.042784,38.8889,61.1111
4,5,0.00405371,0.000639047,0.085568,100,0
4,6,0.0432616,0.0440467,0.067232,68.75,31.25
4,7,0.0483952,0.0315352,0.067232,68.75,31.25
4,8,0.0439417,0.0328456,0.079456,68.4211,31.5789
4,9,0.0387148,0.0314228,0.067232,68.75,31.25
4,10,0.0448098,0.0346314,0.073344,63.1579,36.8421
4,11,0.0733183,0.0477528,0.042784,58.3333,41.6667
4,12,0.044968,0.0466706,0.048896,50,50
4,13,0.0607249,0.0494442,0.073344,66.6667,33.3333
4,14,0.0299317,0.036829,0.067232,84.6154,15.3846
4,15,0.0610828,0.0321791,0.036672,60,40
4,16,0.0254719,0.0312221,0.079456,86.6667,13.3333
4,17,0.053873,0.025,0.024448,21.0526,78.9474
4,18,0.0100489,0.0116522,0.048896,50,50
4,19,0.0510253,0.0472673,0.067232,68.75,31.25
4,20,0.0508975,0.0258769,0.03056,45.4545,54.5455
4,21,0.0275844,0.0261597,0.073344,80,20
4,22,0.0149852,0.0159845,0.079456,86.6667,13.3333
4,23,0.00415841,0.000405853,0.103904,89.4737,10.5263
4,24,0.0390224,0.0333314,0.067232,78.5714,21.4286
4,25,0.0150293,0.0159903,0.079456,92.8571,7.14286
4,26,0.0295989,0.0506659,0.048896,61.5385,38.4615
4,27,0.0468293,0.0495461,0.055008,75,25
4,28,0.0804179,0.0232121,0.024448,25,75
4,29,0.0510672,0.0493171,0.073344,70.5882,29.4118
4,30,0.0218336,0.0185403,0.018336,30,70
4,31,0.0321125,0.0353329,0.06112,76.9231,23.0769
4,32,0.0720338,0.0366701,0.048896,50,50
4,33,0,0,0,0,100
4,34,0.0296854,0.0357946,0.067232,68.75,31.25
4,35,0.0394848,0.0459616,0.048896,80,20
4,36,0.0305197,0.0244175,0.055008,64.2857,35.7143
4,37,0.0671806,0.057,0.012224,12.5,87.5
4,38,0.068812,0.0347222,0.055008,50,50
4,39,0.0423221,0.055318,0.06112,76.9231,23.0769
4,40,0,0,0,0,100
4,41,0.0850829,0.018693,0.03056,45.4545,54.5455
4,42,0.0424979,0.0215149,0.055008,64.2857,35.7143
4,43,0.184175,0,0.006112,5.88235,94.1176
4,44,0.0097182,0,0.006112,7.69231,92.3077
4,45,0.0652282,0.0438377,0.048896,61.5385,38.4615
4,46,0.0516148,0.0384239,0.036672,50,50
4,47,0.0724793,0.042424,0.055008,52.9412,47.0588
4,48,0,0,0,0,100
4,49,0.0645341,0.0430078,0.073344,66.6667,33.3333
4,50,0.203904,0,0.006112,5.55556,94.4444
4,51,0.0616535,0.0324556,0.036672,54.5455,45.4545
4,52,0.0260508,0.0190055,0.067232,84.6154,15.3846
4,53,0,0,0,0,100
4,54,0.0463844,0.0408113,0.055008,64.2857,35.7143
4,55,0,0,0,0,100
4,56,0,0,0,0,100
4,57,0,0,0,0,100
4,58,0.0641935,0.0539031,0.067232,68.75,31.25
4,59,0.0949027,0.0327872,0.03056,31.25,68.75
4,60,0.0325926,0.039466,0.06112,71.4286,28.5714
4,61,0.026993,0.0351042,0.09168,83.3333,16.6667
4,62,0.083239,0.0620657,0.048896,38.0952,61.9048
4,63,0.0374649,0.0303205,0.024448,40,60
4,64,0.0260509,0.0370882,0.067232,84.6154,15.3846
4,65,0.0816374,0.0360538,0.018336,30,70
4,66,0.0398883,0.0428606,0.073344,80,20
4,67,0.103956,0,0.006112,5.88235,94.1176
4,68,0.00475567,0.00095214,0.09168,100,0
4,69,0.0808787,0.0588209,0.03056,41.6667,58.3333
4,70,0.0640952,0.0571812,0.048896,50,50
4,71,0.0525385,0.0477403,0.073344,70.5882,29.4118
4,72,0.061204,0.0439733,0.067232,68.75,31.25
4,73,0,0,0,0,100
4,74,0.104181,0,0.006112,6.66667,93.3333
6,0,0.028879,0.0242588,0.09168,78.9474,21.0526
6,1,0.033898,0.0339486,0.06112,76.9231,23.0769
6,2,0.0671485,0.0428285,0.06112,76.9231,23.0769
6,3,0.0306558,0.0330367,0.06112,90.9091,9.09091
6,4,0.065904,0.0484952,0.042784,46.6667,53.3333
6,5,0.0039429,0.000385203,0.067232,100,0
6,6,0.0543837,0.048316,0.067232,68.75,31.25
6,7,0.0383157,0.0336356,0.079456,65,35
6,8,0.0564846,0.0403676,0.055008,50,50
6,9,0.045369,0.0452521,0.079456,76.4706,23.5294
6,10,0.034514,0.0286691,0.079456,92.8571,7.14286
6,11,0.0723672,0.0460469,0.073344,63.1579,36.8421
6,12,0.0605135,0.0513583,0.042784,50,50
6,13,0.0499781,0.0518781,0.067232,73.3333,26.6667
6,14,0.0334078,0.0386268,0.079456,81.25,18.75
6,15,0.0403333,0.0349969,0.067232,84.6154,15.3846
6,16,0.0300044,0.0304107,0.042784,53.8462,46.1538
6,17,0.0897331,0.0513716,0.018336,15.7895,84.2105
6,18,0.0293691,0.0218571,0.079456,76.4706,23.5294
6,19,0.0593339,0.0434156,0.042784,63.6364,36.3636
6,20,0.0420535,0.046202,0.055008,60,40
6,21,0.0372378,0.0302713,0.055008,75,25
6,22,0.0271636,0.0335768,0.103904,85,15
6,23,0.00653658,0.00575854,0.116128,100,0
6,24,0.0496342,0.0470812,0.042784,53.8462,46.1538
6,25,0.00864497,0.0069498,0.103904,100,0
6,26,0.0304723,0.0372824,0.116128,95,5
6,27,0.0404959,0.0482468,0.097792,80,20
6,28,0.102157,0.0253142,0.018336,23.0769,76.9231
6,29,0.0660082,0.0407129,0.055008,52.9412,47.0588
6,30,0.0545449,0.0230426,0.012224,8.69565,91.3043
6,31,0.044116,0.0454111,0.067232,73.3333,26.6667
6,32,0.052194,0.0415207,0.085568,77.7778,22.2222
6,33,0,0,0,0,100
6,34,0.0372791,0.0426058,0.103904,89.4737,10.5263
6,35,0.0562909,0.0494865,0.073344,57.1429,42.8571
6,36,0.0438742,0.0290721,0.012224,10,90
6,37,0.0827367,0.0640753,0.036672,31.5789,68.4211
6,38,0.0603289,0.0542401,0.079456,81.25,18.75
6,39,0.0297504,0.0414053,0.085568,87.5,12.5
6,40,0,0,0,0,100
6,41,0.0629994,0.0256994,0.09168,71.4286,28.5714
6,42,0.0473115,0.0376069,0.06112,50,50
6,43,0.184175,0,0,0,100
6,44,0.0920213,0.0754011,0.03056,29.4118,70.5882
6,45,0.059889,0.0450899,0.06112,71.4286,28.5714
6,46,0.0710036,0.0423595,0.055008,69.2308,30.7692
6,47,0.0680388,0.0501612,0.036672,50,50
6,48,0,0,0,0,100
6,49,0.0561755,0.0408244,0.067232,61.1111,38.8889
6,50,0.203904,0,0,0,100
6,51,0.0695559,0.0371007,0.055008,52.9412,47.0588
6,52,0.0336469,0.0272058,0.06112,62.5,37.5
6,53,0,0,0,0,100
6,54,0.0609423,0.0451325,0.073344,63.1579,36.8421
6,55,0.103259,0,0.006112,5.55556,94.4444
6,56,0.0783774,0.0503377,0.024448,28.5714,71.4286
6,57,0.0848692,0,0.006112,7.14286,92.8571
6,58,0.0530466,0.0464278,0.079456,76.4706,23.5294
6,59,0.0948287,0.0238083,0.042784,38.8889,61.1111
6,60,0.0498453,0.0427613,0.067232,61.1111,38.8889
6,61,0.0301354,0.0356888,0.067232,78.5714,21.4286
6,62,0.0879607,0.0486432,0.036672,25,75
6,63,0.0598776,0.0359922,0.042784,36.8421,63.1579
6,64,0.0380211,0.0414262,0.055008,64.2857,35.7143
6,65,0.0527808,0.0492926,0.048896,44.4444,55.5556
6,66,0.0418501,0.0475115,0.085568,77.7778,22.2222
6,67,0.103956,0,0,0,100
6,68,0.00773081,0.00413059,0.079456,76.4706,23.5294
6,69,0.070793,0.0601096,0.018336,23.0769,76.9231
6,70,0.0606676,0.0667689,0.06112,66.6667,33.3333
6,71,0.0650914,0.0416487,0.048896,50,50
6,72,0.0592891,0.0541776,0.055008,60,40
6,73,0,0,0,0,100
6,74,0.124224,0.0112958,0.018336,20,80
8,0,0.02483,0.0240103,0.103904,89.4737,10.5263
8,1,0.0236918,0.0261816,0.110016,90,10
8,2,0.0688177,0.0441784,0.079456,61.9048,38.0952
8,3,0.035722,0.0376004,0.055008,52.9412,47.0588
8,4,0.0711321,0.0519916,0.006112,5.88235,94.1176
8,5,0.0037071,0.000251117,0.097792,100,0
8,6,0.0463295,0.0434259,0.085568,82.3529,17.6471
8,7,0.049336,0.0337721,0.06112,52.6316,47.3684
8,8,0.0636516,0.0364397,0.024448,28.5714,71.4286
8,9,0.0546502,0.0456548,0.055008,64.2857,35.7143
8,10,0.0378218,0.0366015,0.103904,80.9524,19.0476
8,11,0.070635,0.0484289,0.085568,70,30
8,12,0.0564696,0.0427576,0.067232,57.8947,42.1053
8,13,0.0572699,0.0521885,0.079456,68.4211,31.5789
8,14,0.0224759,0.0244496,0.085568,100,0
8,15,0.0359805,0.0385543,0.085568,82.3529,17.6471
8,16,0.0414574,0.0322306,0.073344,63.1579,36.8421
8,17,0.0962353,0.038586,0.036672,42.8571,57.1429
8,18,0.0409369,0.0289694,0.048896,50,50
8,19,0.0577678,0.0406942,0.073344,75,25
8,20,0.0465703,0.0471643,0.073344,70.5882,29.4118
8,21,0.0438853,0.0360557,0.06112,62.5,37.5
8,22,0.0252118,0.030598,0.097792,88.8889,11.1111
8,23,0.00570087,0.0041046,0.09168,100,0
8,24,0.0522296,0.0471821,0.067232,78.5714,21.4286
8,25,0.00720882,0.00488229,0.079456,86.6667,13.3333
8,26,0.02431,0.0302599,0.079456,92.8571,7.14286
8,27,0.039888,0.0455525,0.073344,80,20
8,28,0.0922479,0.0265265,0.048896,42.1053,57.8947
8,29,0.0692597,0.0402177,0.06112,52.6316,47.3684
8,30,0.0438193,0.0394906,0.024448,28.5714,71.4286
8,31,0.0410358,0.0456744,0.079456,81.25,18.75
8,32,0.0539342,0.0405238,0.048896,61.5385,38.4615
8,33,0,0,0,0,100
8,34,0.0271615,0.0298742,0.073344,100,0
8,35,0.0656601,0.0455486,0.048896,53.3333,46.6667
8,36,0.0609063,0.0308819,0.024448,23.5294,76.4706
8,37,0.0827367,0.0640753,0,0,100
8,38,0.0626078,0.0485419,0.06112,66.6667,33.3333
8,39,0.025436,0.034119,0.067232,78.5714,21.4286
8,40,0,0,0,0,100
8,41,0.0679542,0.032225,0.055008,50,50
8,42,0.0495248,0.0286015,0.079456,68.4211,31.5789
8,43,0.184175,0,0,0,100
8,44,0.0802828,0.0659859,0.048896,44.4444,55.5556
8,45,0.0619074,0.0468775,0.06112,62.5,37.5
8,46,0.0549731,0.0409476,0.097792,66.6667,33.3333
8,47,0.0727651,0.0533951,0.036672,28.5714,71.4286
8,48,0.128004,0,0.006112,4.16667,95.8333
8,49,0.0545465,0.0444811,0.079456,65,35
8,50,0.203904,0,0,0,100
8,51,0.0801399,0.0352267,0.067232,55,45
8,52,0.0473063,0.0284595,0.055008,64.2857,35.7143
8,53,0,0,0,0,100
8,54,0.0644813,0.0469129,0.055008,52.9412,47.0588
8,55,0.103259,0,0,0,100
8,56,0.0834703,0.0404134,0.006112,5,95
8,57,0.0502694,0.0438666,0.018336,20,80
8,58,0.0500839,0.0465298,0.073344,66.6667,33.3333
8,59,0.0815278,0.0363033,0.048896,50,50
8,60,0.0539146,0.0369239,0.073344,70.5882,29.4118
8,61,0.0247268,0.0256457,0.110016,90,10
8,62,0.0791262,0.0461062,0.018336,17.6471,82.3529
8,63,0.0696755,0.0355892,0.018336,30,70
8,64,0.0456456,0.0420936,0.018336,33.3333,66.6667
8,65,0.0499829,0.0500577,0.042784,53.8462,46.1538
8,66,0.0389502,0.0419177,0.085568,77.7778,22.2222
8,67,0.106064,0.00210831,0.006112,5,95
8,68,0.00873396,0.0043365,0.134464,100,0
8,69,0.0519871,0.0486694,0.024448,26.6667,73.3333
8,70,0.0631941,0.0679094,0.042784,33.3333,66.6667
8,71,0.0611373,0.0411488,0.055008,64.2857,35.7143
8,72,0.0516365,0.0483426,0.085568,87.5,12.5
8,73,0,0,0,0,100
8,74,0.120081,0.0169927,0.006112,6.25,93.75
10,0,0.0304433,0.0291159,0.067232,73.3333,26.6667
10,1,0.0211746,0.0231367,0.085568,87.5,12.5
10,2,0.0734905,0.0413995,0.067232,57.8947,42.1053
10,3,0.0509123,0.0417108,0.073344,63.1579,36.8421
10,4,0.0723862,0.053735,0.03056,38.4615,61.5385
10,5,0.00364112,0.000230931,0.073344,100,0
10,6,0.0399918,0.0359943,0.079456,86.6667,13.3333
10,7,0.0518338,0.039253,0.055008,69.2308,30.7692
10,8,0.0689826,0.0316169,0.024448,22.2222,77.7778
10,9,0.0564067,0.0448592,0.06112,58.8235,41.1765
10,10,0.04053,0.0342647,0.085568,70,30
10,11,0.0609603,0.0437504,0.055008,81.8182,18.1818
10,12,0.0574768,0.0494814,0.067232,68.75,31.25
10,13,0.0547082,0.0504069,0.073344,63.1579,36.8421
10,14,0.0190594,0.0201998,0.110016,94.7368,5.26316
10,15,0.0422759,0.0418414,0.06112,62.5,37.5
10,16,0.0421066,0.032239,0.073344,75,25
10,17,0.0883695,0.0345449,0.055008,39.1304,60.8696
10,18,0.0489866,0.0356719,0.055008,56.25,43.75
10,19,0.0596112,0.0440921,0.06112,58.8235,41.1765
10,20,0.0566918,0.042428,0.055008,52.9412,47.0588
10,21,0.0426458,0.0385807,0.067232,73.3333,26.6667
10,22,0.022257,0.0263561,0.09168,93.75,6.25
10,23,0.00520561,0.003041,0.110016,85.7143,14.2857
10,24,0.0490344,0.0481446,0.085568,73.6842,26.3158
10,25,0.011032,0.0104983,0.09168,100,0
10,26,0.0244848,0.0303962,0.079456,86.6667,13.3333
10,27,0.0401501,0.0448042,0.085568,70,30
10,28,0.0803874,0.0303735,0.06112,45.4545,54.5455
10,29,0.0693269,0.0440686,0.06112,62.5,37.5
10,30,0.0539175,0.0476395,0.006112,5.55556,94.4444
10,31,0.0438294,0.0489895,0.073344,70.5882,29.4118
10,32,0.0480886,0.0357735,0.110016,81.8182,18.1818
10,33,0,0,0,0,100
10,34,0.0224411,0.0239366,0.06112,76.9231,23.0769
10,35,0.0671356,0.047318,0.073344,57.1429,42.8571
10,36,0.0615592,0.0395755,0.055008,50,50
10,37,0.0850107,0.0593341,0.006112,6.66667,93.3333
10,38,0.0589644,0.0464727,0.06112,58.8235,41.1765
10,39,0.0275125,0.0345094,0.103904,89.4737,10.5263
10,40,0,0,0,0,100
10,41,0.0612538,0.0374192,0.073344,80,20
10,42,0.0455842,0.0271985,0.055008,64.2857,35.7143
10,43,0.165373,0.0188014,0.006112,4.54545,95.4545
10,44,0.0821052,0.060013,0.012224,12.5,87.5
10,45,0.0505193,0.040372,0.103904,80.9524,19.0476
10,46,0.0604396,0.0397264,0.055008,56.25,43.75
10,47,0.0690234,0.0527738,0.06112,58.8235,41.1765
10,48,0.128004,0,0,0,100
10,49,0.062607,0.0413975,0.048896,47.0588,52.9412
10,50,0.203904,0,0,0,100
10,51,0.0695101,0.0399261,0.06112,62.5,37.5
10,52,0.051704,0.0337733,0.079456,68.4211,31.5789
10,53,0,0,0,0,100
10,54,0.0643397,0.0464221,0.073344,75,25
10,55,0.103259,0,0,0,100
10,56,0.0770062,0.0382774,0.024448,30.7692,69.2308
10,57,0.0502694,0.0438666,0,0,100
10,58,0.0474651,0.0459115,0.085568,77.7778,22.2222
10,59,0.0797315,0.0376161,0.067232,52.381,47.619
10,60,0.0593999,0.0376924,0.067232,57.8947,42.1053
10,61,0.0185829,0.0182056,0.110016,100,0
10,62,0.0816917,0.0464815,0.012224,11.7647,88.2353
10,63,0.0682805,0.0374421,0.06112,47.619,52.381
10,64,0.0509339,0.0463099,0.079456,65,35
10,65,0.056212,0.0516826,0.024448,25,75
10,66,0.0434523,0.0430553,0.067232,68.75,31.25
10,67,0.106064,0.00210831,0,0,100
10,68,0.011373,0.00807118,0.085568,87.5,12.5
10,69,0.054757,0.0505103,0.055008,69.2308,30.7692
10,70,0.0627118,0.0641935,0.024448,40,60
10,71,0.0688728,0.0392631,0.042784,50,50
10,72,0.0443542,0.0431904,0.067232,84.6154,15.3846
10,73,0,0,0,0,100
10,74,0.0868604,0.0362323,0.06112,47.619,52.381
12,0,0.0296017,0.0302831,0.067232,84.6154,15.3846
12,1,0.026656,0.0281389,0.097792,84.2105,15.7895
12,2,0.0723643,0.0420387,0.048896,44.4444,55.5556
12,3,0.0470224,0.0377182,0.073344,70.5882,29.4118
12,4,0.0643912,0.0541817,0.036672,40,60
12,5,0.00367203,0.000216918,0.103904,94.4444,5.55556
12,6,0.0424608,0.0371729,0.079456,68.4211,31.5789
12,7,0.0525512,0.0415881,0.073344,75,25
12,8,0.0740569,0.0311238,0.03056,45.4545,54.5455
12,9,0.0609866,0.0438605,0.036672,40,60
12,10,0.0422168,0.0384783,0.067232,73.3333,26.6667
12,11,0.0608612,0.0418223,0.073344,63.1579,36.8421
12,12,0.0566318,0.0494243,0.079456,72.2222,27.7778
12,13,0.0526391,0.0515251,0.067232,91.6667,8.33333
12,14,0.0158205,0.0159571,0.09168,100,0
12,15,0.0451437,0.0458356,0.079456,72.2222,27.7778
12,16,0.0489048,0.0303246,0.06112,52.6316,47.3684
12,17,0.0920265,0.033122,0.042784,50,50
12,18,0.0535674,0.0377833,0.055008,56.25,43.75
12,19,0.0559792,0.0444486,0.06112,76.9231,23.0769
12,20,0.05132,0.0393558,0.085568,77.7778,22.2222
12,21,0.0502959,0.0376908,0.055008,56.25,43.75
12,22,0.018731,0.0214516,0.085568,100,0
12,23,0.00646619,0.00467913,0.116128,100,0
12,24,0.0435329,0.0459114,0.079456,76.4706,23.5294
12,25,0.00920854,0.00793341,0.116128,100,0
12,26,0.026151,0.0319997,0.079456,72.2222,27.7778
12,27,0.041399,0.0468493,0.067232,84.6154,15.3846
12,28,0.0843768,0.0391829,0.018336,17.6471,82.3529
12,29,0.0693181,0.0433467,0.073344,57.1429,42.8571
12,30,0.0692134,0.0372483,0.03056,25,75
12,31,0.0462007,0.0468983,0.067232,61.1111,38.8889
12,32,0.0511194,0.0386441,0.079456,65,35
12,33,0,0,0,0,100
12,34,0.0207622,0.023173,0.116128,100,0
12,35,0.0684596,0.0474464,0.06112,58.8235,41.1765
12,36,0.0621242,0.0396396,0.018336,15.7895,84.2105
12,37,0.0850107,0.0593341,0,0,100
12,38,0.0502163,0.0432331,0.103904,100,0
12,39,0.0218964,0.0263997,0.097792,100,0
12,40,0.103978,0,0.006112,4.54545,95.4545
12,41,0.05638,0.037682,0.079456,65,35
12,42,0.0524958,0.0309991,0.055008,50,50
12,43,0.165373,0.0188014,0,0,100
12,44,0.0834053,0.0564942,0.006112,6.66667,93.3333
12,45,0.0559955,0.0421414,0.067232,61.1111,38.8889
12,46,0.0554955,0.0372784,0.085568,93.3333,6.66667
12,47,0.0666159,0.0510111,0.03056,35.7143,64.2857
12,48,0.128004,0,0,0,100
12,49,0.0635705,0.0400905,0.048896,44.4444,55.5556
12,50,0.203904,0,0,0,100
12,51,0.0715763,0.0370763,0.06112,71.4286,28.5714
12,52,0.0560262,0.0349882,0.036672,40,60
12,53,0,0,0,0,100
12,54,0.06246,0.0492329,0.073344,66.6667,33.3333
12,55,0.103259,0,0,0,100
12,56,0.0796836,0.0444686,0.006112,7.14286,92.8571
12,57,0.0502694,0.0438666,0,0,100
12,58,0.0459554,0.0468247,0.085568,73.6842,26.3158
12,59,0.0761066,0.0430854,0.03056,45.4545,54.5455
12,60,0.0595062,0.0366384,0.079456,81.25,18.75
12,61,0.015278,0.0141616,0.110016,94.7368,5.26316
12,62,0.0847295,0.0442951,0.03056,35.7143,64.2857
12,63,0.0649508,0.0357,0.024448,22.2222,77.7778
12,64,0.049097,0.0449291,0.055008,52.9412,47.0588
12,65,0.0658154,0.0517873,0.03056,31.25,68.75
12,66,0.0407365,0.0399526,0.085568,82.3529,17.6471
12,67,0.0919883,0.0161845,0.006112,5.88235,94.1176
12,68,0.0134158,0.010236,0.097792,84.2105,15.7895
12,69,0.0604512,0.0525138,0.036672,50,50
12,70,0.0562685,0.0539535,0.06112,58.8235,41.1765
12,71,0.0682199,0.0385478,0.06112,58.8235,41.1765
12,72,0.0404724,0.0440955,0.09168,83.3333,16.6667
12,73,0,0,0,0,100
12,74,0.0831136,0.0421382,0.03056,31.25,68.75
14,0,0.0348511,0.0357846,0.085568,66.6667,33.3333
14,1,0.0254649,0.0261459,0.079456,81.25,18.75
14,2,0.0736235,0.0414938,0.048896,53.3333,46.6667
14,3,0.0518407,0.0407689,0.042784,38.8889,61.1111
14,4,0.0646052,0.0576829,0.03056,29.4118,70.5882
14,5,0.00732577,0.00266473,0.073344,85.7143,14.2857
14,6,0.0457048,0.0367523,0.06112,71.4286,28.5714
14,7,0.0523402,0.0443626,0.036672,66.6667,33.3333
14,8,0.0771018,0.0313136,0.06112,43.4783,56.5217
14,9,0.0658758,0.0398287,0.048896,50,50
14,10,0.0455861,0.0376438,0.06112,58.8235,41.1765
14,11,0.0562964,0.0399899,0.06112,90.9091,9.09091
14,12,0.0594157,0.0492427,0.085568,66.6667,33.3333
14,13,0.0460151,0.0451427,0.09168,88.2353,11.7647
14,14,0.015245,0.0160694,0.073344,85.7143,14.2857
14,15,0.0427876,0.044718,0.079456,86.6667,13.3333
14,16,0.051877,0.0295743,0.048896,53.3333,46.6667
14,17,0.0874997,0.0314036,0.048896,44.4444,55.5556
14,18,0.0610855,0.0422144,0.055008,47.3684,52.6316
14,19,0.0543697,0.0451274,0.079456,76.4706,23.5294
14,20,0.0570646,0.0404931,0.06112,58.8235,41.1765
14,21,0.0524634,0.0370055,0.048896,66.6667,33.3333
14,22,0.0158918,0.0174958,0.103904,100,0
14,23,0.00605405,0.00405268,0.085568,100,0
14,24,0.0439296,0.0460269,0.055008,75,25
14,25,0.00825766,0.00638533,0.116128,100,0
14,26,0.0267654,0.0318009,0.079456,92.8571,7.14286
14,27,0.0382144,0.0450588,0.110016,85.7143,14.2857
14,28,0.0663029,0.0319371,0.103904,80.9524,19.0476
14,29,0.0747574,0.0438643,0.06112,52.6316,47.3684
14,30,0.0768577,0.0289904,0.03056,31.25,68.75
14,31,0.0498653,0.0475799,0.048896,66.6667,33.3333
14,32,0.0531799,0.0393958,0.06112,66.6667,33.3333
14,33,0,0,0,0,100
14,34,0.0172059,0.0183871,0.110016,100,0
14,35,0.0699887,0.0480337,0.079456,61.9048,38.0952
14,36,0.0694695,0.036492,0.024448,26.6667,73.3333
14,37,0.0768922,0.0633384,0.006112,6.66667,93.3333
14,38,0.0511578,0.0420953,0.073344,66.6667,33.3333
14,39,0.0190135,0.0221646,0.079456,86.6667,13.3333
14,40,0.103978,0,0,0,100
14,41,0.0609599,0.0381556,0.06112,55.5556,44.4444
14,42,0.0523932,0.0335704,0.048896,50,50
14,43,0.113615,0.0580261,0.006112,6.66667,93.3333
14,44,0.0682158,0.055555,0.06112,62.5,37.5
14,45,0.0519885,0.0385477,0.079456,81.25,18.75
14,46,0.0554961,0.0411506,0.06112,62.5,37.5
14,47,0.0666159,0.0510111,0,0,100
14,48,0.128004,0,0,0,100
14,49,0.0596719,0.0382464,0.085568,73.6842,26.3158
14,50,0.203904,0,0,0,100
14,51,0.0700163,0.03886,0.036672,35.2941,64.7059
14,52,0.060575,0.036365,0.079456,68.4211,31.5789
14,53,0,0,0,0,100
14,54,0.0609123,0.0467323,0.085568,77.7778,22.2222
14,55,0.103259,0,0,0,100
14,56,0.0916369,0.03637,0.03056,25,75
14,57,0.0764712,0.0762889,0.018336,15,85
14,58,0.0467177,0.0448366,0.06112,71.4286,28.5714
14,59,0.0713464,0.0437097,0.06112,58.8235,41.1765
14,60,0.0612728,0.0358503,0.042784,58.3333,41.6667
14,61,0.0130155,0.0114512,0.116128,100,0
14,62,0.0838399,0.0472682,0.024448,26.6667,73.3333
14,63,0.0619099,0.037284,0.018336,16.6667,83.3333
14,64,0.0510461,0.0434189,0.048896,44.4444,55.5556
14,65,0.0773521,0.0537186,0.03056,35.7143,64.2857
14,66,0.0440223,0.0422774,0.079456,59.0909,40.9091
14,67,0.0919883,0.0161845,0,0,100
14,68,0.0161155,0.0146334,0.103904,89.4737,10.5263
14,69,0.0677554,0.0485314,0.036672,37.5,62.5
14,70,0.0570324,0.0539254,0.079456,65,35
14,71,0.0671957,0.0378817,0.06112,58.8235,41.1765
14,72,0.0331649,0.0353041,0.09168,100,0
14,73,0,0,0,0,100
14,74,0.0798596,0.0380534,0.042784,38.8889,61.1111
16,0,0.0314842,0.0323369,0.09168,100,0
16,1,0.0251998,0.0249431,0.073344,80,20
16,2,0.0742483,0.0409889,0.073344,60,40
16,3,0.0490467,0.0377468,0.055008,69.2308,30.7692
16,4,0.063192,0.0558578,0.048896,50,50
16,5,0.00808728,0.00423234,0.103904,94.4444,5.55556
16,6,0.0459389,0.0395873,0.06112,71.4286,28.5714
16,7,0.0470152,0.041429,0.085568,73.6842,26.3158
16,8,0.0758602,0.0361467,0.042784,41.1765,58.8235
16,9,0.0672801,0.0398477,0.03056,41.6667,58.3333
16,10,0.0446804,0.0376024,0.097792,72.7273,27.2727
16,11,0.0537036,0.0395036,0.067232,68.75,31.25
16,12,0.0554953,0.0447802,0.085568,73.6842,26.3158
16,13,0.0440665,0.0441039,0.085568,82.3529,17.6471
16,14,0.0195842,0.020375,0.06112,71.4286,28.5714
16,15,0.0427154,0.0438764,0.09168,75,25
16,16,0.0516451,0.0309339,0.042784,33.3333,66.6667
16,17,0.0863542,0.0326904,0.055008,50,50
16,18,0.0598813,0.0430202,0.048896,61.5385,38.4615
16,19,0.0546569,0.0463418,0.06112,58.8235,41.1765
16,20,0.0588745,0.0427548,0.06112,66.6667,33.3333
16,21,0.0512515,0.036686,0.085568,73.6842,26.3158
16,22,0.013802,0.0145083,0.116128,100,0
16,23,0.00569064,0.00350642,0.097792,100,0
16,24,0.0472393,0.046319,0.079456,72.2222,27.7778
16,25,0.00759135,0.00549392,0.097792,100,0
16,26,0.0268185,0.0330835,0.073344,80,20
16,27,0.0338074,0.0400528,0.09168,93.75,6.25
16,28,0.0693423,0.0313787,0.024448,28.5714,71.4286
16,29,0.07339,0.0443061,0.067232,52.381,47.619
16,30,0.0848293,0.0338268,0.018336,15.7895,84.2105
16,31,0.0513007,0.0460021,0.085568,73.6842,26.3158
16,32,0.0516764,0.0407034,0.079456,72.2222,27.7778
16,33,0,0,0,0,100
16,34,0.0151339,0.0155533,0.097792,100,0
16,35,0.0699542,0.0491424,0.06112,71.4286,28.5714
16,36,0.069751,0.0370261,0.048896,57.1429,42.8571
16,37,0.0781411,0.0523952,0.024448,28.5714,71.4286
16,38,0.0476976,0.0400908,0.067232,73.3333,26.6667
16,39,0.0178683,0.0210188,0.085568,100,0
16,40,0.103978,0,0,0,100
16,41,0.0572669,0.0400327,0.097792,76.1905,23.8095
16,42,0.0530308,0.0384289,0.085568,58.3333,41.6667
16,43,0.0806058,0.0453341,0.03056,35.7143,64.2857
16,44,0.0650322,0.0563738,0.03056,31.25,68.75
16,45,0.0521808,0.0397969,0.042784,63.6364,36.3636
16,46,0.0564732,0.0401982,0.055008,75,25
16,47,0.0666159,0.0510111,0,0,100
16,48,0.128004,0,0,0,100
16,49,0.061387,0.0414319,0.042784,50,50
16,50,0.0690596,0.0709117,0.036672,40,60
16,51,0.0711557,0.0402439,0.036672,37.5,62.5
16,52,0.0626343,0.037665,0.055008,56.25,43.75
16,53,0,0,0,0,100
16,54,0.0560871,0.0420262,0.06112,62.5,37.5
16,55,0.103259,0,0,0,100
16,56,0.0919951,0.0319066,0.024448,21.0526,78.9474
16,57,0.0823093,0.0744179,0.006112,7.69231,92.3077
16,58,0.0466296,0.0447404,0.06112,62.5,37.5
16,59,0.075482,0.0465472,0.03056,27.7778,72.2222
16,60,0.0611086,0.0386009,0.067232,57.8947,42.1053
16,61,0.0118929,0.0101268,0.079456,81.25,18.75
16,62,0.0808887,0.0517773,0.036672,31.5789,68.4211
16,63,0.0616554,0.0402663,0.03056,20.8333,79.1667
16,64,0.0536791,0.0446335,0.073344,75,25
16,65,0.0806246,0.0516833,0.042784,35,65
16,66,0.0432875,0.0422313,0.067232,73.3333,26.6667
16,67,0.0919883,0.0161845,0,0,100
16,68,0.0168363,0.0161383,0.097792,88.8889,11.1111
16,69,0.0689604,0.0511121,0.06112,71.4286,28.5714
16,70,0.0561571,0.0528537,0.036672,50,50
16,71,0.0635399,0.0388444,0.079456,72.2222,27.7778
16,72,0.0313424,0.0329868,0.09168,88.2353,11.7647
16,73,0,0,0,0,100
16,74,0.0823244,0.0417142,0.006112,9.09091,90.9091
18,0,0.0301209,0.0300844,0.085568,77.7778,22.2222
18,1,0.0285708,0.0292608,0.073344,80,20
18,2,0.0740816,0.0411563,0.055008,75,25
18,3,0.0532179,0.0382197,0.042784,41.1765,58.8235
18,4,0.0651293,0.0540247,0.036672,35.2941,64.7059
18,5,0.00844068,0.00553908,0.079456,92.8571,7.14286
18,6,0.0454772,0.0400852,0.055008,75,25
18,7,0.0456326,0.0420566,0.097792,80,20
18,8,0.0725907,0.0396539,0.048896,50,50
18,9,0.0700028,0.0407705,0.03056,31.25,68.75
18,10,0.0453328,0.0384503,0.073344,85.7143,14.2857
18,11,0.0541471,0.0395595,0.06112,62.5,37.5
18,12,0.056902,0.0456268,0.079456,65,35
18,13,0.04095,0.0412277,0.067232,73.3333,26.6667
18,14,0.0206198,0.0216783,0.067232,91.6667,8.33333
18,15,0.0422241,0.0448675,0.097792,76.1905,23.8095
18,16,0.0516451,0.0309339,0,0,100
18,17,0.0798677,0.0311271,0.079456,68.4211,31.5789
18,18,0.0620008,0.0432953,0.042784,38.8889,61.1111
18,19,0.0519339,0.0447618,0.073344,80,20
18,20,0.0591325,0.0431953,0.055008,60,40
18,21,0.0484562,0.0361588,0.067232,68.75,31.25
18,22,0.0126818,0.0129,0.085568,100,0
18,23,0.00548976,0.00315162,0.085568,100,0
18,24,0.0467687,0.0441808,0.067232,64.7059,35.2941
18,25,0.00717161,0.00490318,0.085568,93.3333,6.66667
18,26,0.0297299,0.0353889,0.09168,71.4286,28.5714
18,27,0.0338072,0.037925,0.097792,76.1905,23.8095
18,28,0.0702877,0.0325619,0.048896,57.1429,42.8571
18,29,0.0714972,0.0457394,0.079456,68.4211,31.5789
18,30,0.0863115,0.0318517,0.012224,25,75
18,31,0.0524741,0.0465341,0.073344,60,40
18,32,0.0468238,0.0375959,0.09168,78.9474,21.0526
18,33,0,0,0,0,100
18,34,0.0136888,0.0135901,0.09168,93.75,6.25
18,35,0.0673452,0.0483119,0.09168,71.4286,28.5714
18,36,0.073663,0.0353257,0.042784,41.1765,58.8235
18,37,0.0667147,0.0483572,0.085568,73.6842,26.3158
18,38,0.0525239,0.0399042,0.085568,60.8696,39.1304
18,39,0.0158348,0.0180216,0.097792,100,0
18,40,0.103978,0,0,0,100
18,41,0.0564103,0.042172,0.079456,72.2222,27.7778
18,42,0.0536064,0.0382073,0.012224,16.6667,83.3333
18,43,0.0629818,0.0353484,0.042784,36.8421,63.1579
18,44,0.0681361,0.051646,0.055008,56.25,43.75
18,45,0.055612,0.0401604,0.06112,55.5556,44.4444
18,46,0.05325,0.04106,0.097792,69.5652,30.4348
18,47,0.0666159,0.0510111,0,0,100
18,48,0.128004,0,0,0,100
18,49,0.0602324,0.0414081,0.097792,76.1905,23.8095
18,50,0.0649992,0.0526928,0.06112,71.4286,28.5714
18,51,0.0690123,0.0445535,0.06112,52.6316,47.3684
18,52,0.062206,0.0363945,0.048896,50,50
18,53,0,0,0,0,100
18,54,0.0588452,0.0424375,0.067232,64.7059,35.2941
18,55,0.0731852,0.0483684,0.024448,36.3636,63.6364
18,56,0.0929082,0.0348102,0.018336,17.6471,82.3529
18,57,0.0847245,0.0682747,0.006112,7.14286,92.8571
18,58,0.0477055,0.0463598,0.079456,72.2222,27.7778
18,59,0.0761575,0.0471259,0.042784,38.8889,61.1111
18,60,0.064306,0.0388188,0.067232,61.1111,38.8889
18,61,0.0117794,0.010197,0.116128,100,0
18,62,0.0783948,0.0543974,0.03056,38.4615,61.5385
18,63,0.0627768,0.0392026,0.006112,5.55556,94.4444
18,64,0.0548145,0.0470394,0.06112,62.5,37.5
18,65,0.0801522,0.0526009,0.036672,31.5789,68.4211
18,66,0.0422079,0.0426466,0.103904,89.4737,10.5263
18,67,0.0919883,0.0161845,0,0,100
18,68,0.0198409,0.0206926,0.085568,77.7778,22.2222
18,69,0.0740406,0.0457201,0.036672,42.8571,57.1429
18,70,0.0576784,0.0549054,0.048896,57.1429,42.8571
18,71,0.0605757,0.0405001,0.073344,80,20
18,72,0.0290113,0.0304819,0.085568,93.3333,6.66667
18,73,0,0,0,0,100
18,74,0.0823244,0.0417142,0,0,100
20,0,0.0305896,0.0313661,0.073344,80,20
20,1,0.0295417,0.0300017,0.097792,80,20
20,2,0.0757703,0.0399481,0.042784,53.8462,46.1538
20,3,0.0565234,0.0391562,0.048896,42.1053,57.8947
20,4,0.0678426,0.0564728,0.036672,42.8571,57.1429
20,5,0.00803405,0.0050151,0.073344,100,0
20,6,0.0455199,0.0408857,0.048896,61.5385,38.4615
20,7,0.0434778,0.0402546,0.103904,94.4444,5.55556
20,8,0.0720379,0.0403045,0.024448,30.7692,69.2308
20,9,0.0725594,0.0393641,0.036672,37.5,62.5
20,10,0.0472313,0.0389477,0.073344,66.6667,33.3333
20,11,0.0519545,0.0379866,0.079456,86.6667,13.3333
20,12,0.0570116,0.0469905,0.048896,61.5385,38.4615
20,13,0.0364045,0.0366034,0.110016,100,0
20,14,0.020076,0.0211657,0.073344,85.7143,14.2857
20,15,0.0397979,0.0417253,0.103904,85,15
20,16,0.0516451,0.0309339,0,0,100
20,17,0.0765448,0.0346008,0.073344,66.6667,33.3333
20,18,0.0622449,0.0414545,0.042784,38.8889,61.1111
20,19,0.0555132,0.04577,0.079456,68.4211,31.5789
20,20,0.0604091,0.0443426,0.073344,66.6667,33.3333
20,21,0.05142,0.0361155,0.055008,60,40
20,22,0.0113496,0.0110543,0.128352,100,0
20,23,0.00529783,0.00273176,0.128352,100,0
20,24,0.0475391,0.0454891,0.048896,66.6667,33.3333
20,25,0.00673429,0.0042468,0.12224,100,0
20,26,0.0315292,0.0371189,0.085568,77.7778,22.2222
20,27,0.0356541,0.0397648,0.079456,76.4706,23.5294
20,28,0.0699841,0.0307286,0.06112,66.6667,33.3333
20,29,0.0738895,0.0453406,0.042784,41.1765,58.8235
20,30,0.0854506,0.033797,0.012224,15.3846,84.6154
20,31,0.0523803,0.046505,0.079456,81.25,18.75
20,32,0.0481907,0.0400315,0.085568,77.7778,22.2222
20,33,0,0,0,0,100
20,34,0.0143614,0.0147653,0.067232,91.6667,8.33333
20,35,0.0670194,0.048663,0.048896,53.3333,46.6667
20,36,0.0754274,0.0334506,0.03056,31.25,68.75
20,37,0.0605767,0.044754,0.055008,64.2857,35.7143
20,38,0.0528894,0.0399166,0.055008,69.2308,30.7692
20,39,0.0153328,0.0171994,0.103904,94.4444,5.55556
20,40,0.103978,0,0,0,100
20,41,0.0564357,0.0427178,0.067232,73.3333,26.6667
20,42,0.0582567,0.0393019,0.048896,47.0588,52.9412
20,43,0.0642641,0.0402424,0.036672,42.8571,57.1429
20,44,0.0696848,0.050556,0.06112,47.619,52.381
20,45,0.0553983,0.0401402,0.067232,61.1111,38.8889
20,46,0.054541,0.0409274,0.085568,73.6842,26.3158
20,47,0.0666159,0.0510111,0,0,100
20,48,0.128004,0,0,0,100
20,49,0.0611627,0.0427742,0.042784,46.6667,53.3333
20,50,0.0685586,0.0462248,0.048896,50,50
20,51,0.0699735,0.0441855,0.036672,40,60
20,52,0.0656152,0.0366584,0.036672,40,60
20,53,0,0,0,0,100
20,54,0.0565452,0.0429417,0.079456,81.25,18.75
20,55,0.0888131,0.0379965,0.024448,26.6667,73.3333
20,56,0.0972951,0.0373536,0.03056,25,75
20,57,0.0921248,0.0636671,0.012224,9.52381,90.4762
20,58,0.0490889,0.0454219,0.079456,72.2222,27.7778
20,59,0.0756475,0.048575,0.055008,60,40
20,60,0.0589918,0.0382007,0.103904,85,15
20,61,0.010641,0.00868557,0.140576,100,0
20,62,0.0808438,0.0527211,0.03056,35.7143,64.2857
20,63,0.0674064,0.0429555,0.03056,35.7143,64.2857
20,64,0.0535602,0.0459091,0.067232,68.75,31.25
20,65,0.0821892,0.052657,0.012224,11.1111,88.8889
20,66,0.0430372,0.0407263,0.055008,69.2308,30.7692
20,67,0.0919883,0.0161845,0,0,100
20,68,0.0197224,0.0197906,0.097792,88.8889,11.1111
20,69,0.0760029,0.0466923,0.048896,42.1053,57.8947
20,70,0.0576912,0.0550047,0.079456,61.9048,38.0952
20,71,0.0567409,0.040234,0.079456,72.2222,27.7778
20,72,0.0281733,0.0299964,0.09168,88.2353,11.7647
20,73,0,0,0,0,100
20,74,0.0849349,0.037927,0.024448,28.5714,71.4286
22,0,0.0304055,0.0323089,0.09168,93.75,6.25
22,1,0.0311396,0.0323604,0.103904,77.2727,22.7273
22,2,0.0703299,0.0416345,0.079456,72.2222,27.7778
22,3,0.0587771,0.0391432,0.048896,42.1053,57.8947
22,4,0.0690728,0.0564583,0.042784,53.8462,46.1538
22,5,0.00869815,0.00600896,0.079456,86.6667,13.3333
22,6,0.0464388,0.0422735,0.06112,76.9231,23.0769
22,7,0.0438447,0.0395473,0.048896,61.5385,38.4615
22,8,0.0686442,0.0394345,0.042784,58.3333,41.6667
22,9,0.0744531,0.0399111,0.024448,16.6667,83.3333
22,10,0.0447982,0.0381772,0.097792,84.2105,15.7895
22,11,0.0505619,0.0381038,0.036672,66.6667,33.3333
22,12,0.0570704,0.0476526,0.055008,64.2857,35.7143
22,13,0.0317107,0.031325,0.12224,100,0
22,14,0.0206305,0.0210317,0.097792,84.2105,15.7895
22,15,0.0377874,0.0406018,0.110016,85.7143,14.2857
22,16,0.0479125,0.0286619,0.036672,42.8571,57.1429
22,17,0.0743641,0.0356044,0.042784,53.8462,46.1538
22,18,0.0604827,0.0416314,0.06112,62.5,37.5
22,19,0.0558423,0.0469621,0.073344,70.5882,29.4118
22,20,0.0579148,0.0436186,0.079456,76.4706,23.5294
22,21,0.0490144,0.0356247,0.073344,70.5882,29.4118
22,22,0.0106964,0.0101572,0.079456,100,0
22,23,0.00516349,0.00249005,0.09168,100,0
22,24,0.0481745,0.0459404,0.067232,84.6154,15.3846
22,25,0.0063584,0.00373407,0.128352,100,0
22,26,0.0318219,0.0357016,0.097792,76.1905,23.8095
22,27,0.0339314,0.0376448,0.09168,88.2353,11.7647
22,28,0.0697564,0.0270532,0.079456,59.0909,40.9091
22,29,0.0719013,0.0454758,0.073344,57.1429,42.8571
22,30,0.0854506,0.033797,0,0,100
22,31,0.0518155,0.0485817,0.073344,75,25
22,32,0.0469139,0.0403508,0.079456,81.25,18.75
22,33,0,0,0,0,100
22,34,0.0127703,0.0132819,0.134464,100,0
22,35,0.0636673,0.0470057,0.085568,93.3333,6.66667
22,36,0.072311,0.0345115,0.06112,58.8235,41.1765
22,37,0.0611692,0.0435135,0.048896,72.7273,27.2727
22,38,0.0526974,0.0395855,0.067232,73.3333,26.6667
22,39,0.0138667,0.0150883,0.110016,100,0
22,40,0.103978,0,0,0,100
22,41,0.0572163,0.0446502,0.073344,57.1429,42.8571
22,42,0.0549377,0.0384793,0.048896,66.6667,33.3333
22,43,0.0697419,0.034657,0.024448,22.2222,77.7778
22,44,0.0734397,0.048906,0.042784,50,50
22,45,0.0571124,0.0423728,0.06112,58.8235,41.1765
22,46,0.0559985,0.041557,0.055008,64.2857,35.7143
22,47,0.0666159,0.0510111,0,0,100
22,48,0.128004,0,0,0,100
22,49,0.0594155,0.0425945,0.09168,78.9474,21.0526
22,50,0.0670525,0.0452953,0.055008,52.9412,47.0588
22,51,0.0709589,0.0442766,0.024448,26.6667,73.3333
22,52,0.0593904,0.0342873,0.103904,85,15
22,53,0,0,0,0,100
22,54,0.0561879,0.0428253,0.067232,68.75,31.25
22,55,0.067723,0.035272,0.073344,70.5882,29.4118
22,56,0.0970445,0.0373654,0.042784,31.8182,68.1818
22,57,0.101591,0.0615858,0.012224,11.1111,88.8889
22,58,0.0505562,0.0454322,0.067232,57.8947,42.1053
22,59,0.076455,0.0480468,0.012224,13.3333,86.6667
22,60,0.0600127,0.0390664,0.073344,57.1429,42.8571
22,61,0.0099829,0.00783865,0.103904,94.4444,5.55556
22,62,0.0822844,0.0521691,0.012224,18.1818,81.8182
22,63,0.0674064,0.0429555,0,0,100
22,64,0.0571641,0.0468585,0.06112,45.4545,54.5455
22,65,0.0812809,0.0544325,0.03056,33.3333,66.6667
22,66,0.0441783,0.0422344,0.067232,73.3333,26.6667
22,67,0.0929376,0.0218202,0.012224,13.3333,86.6667
22,68,0.0235468,0.0226847,0.085568,66.6667,33.3333
22,69,0.0750589,0.0490278,0.06112,50,50
22,70,0.0595656,0.0523683,0.042784,46.6667,53.3333
22,71,0.0591552,0.039467,0.06112,66.6667,33.3333
22,72,0.0243256,0.0253236,0.134464,100,0
22,73,0.104028,0,0.006112,6.25,93.75
22,74,0.083757,0.0385093,0.006112,5.88235,94.1176
24,0,0.0297287,0.0317034,0.055008,75,25
24,1,0.0306469,0.0315424,0.06112,83.3333,16.6667
24,2,0.0698673,0.0417185,0.048896,50,50
24,3,0.0578708,0.038861,0.079456,76.4706,23.5294
24,4,0.0706328,0.055504,0.036672,30,70
24,5,0.0106207,0.00931289,0.097792,88.8889,11.1111
24,6,0.0456779,0.0427357,0.067232,84.6154,15.3846
24,7,0.0450118,0.0400557,0.085568,63.6364,36.3636
24,8,0.0689043,0.0414649,0.03056,31.25,68.75
24,9,0.0756396,0.0401301,0.018336,23.0769,76.9231
24,10,0.0439921,0.0377846,0.073344,80,20
24,11,0.0512274,0.037615,0.073344,63.1579,36.8421
24,12,0.0568126,0.0484647,0.079456,81.25,18.75
24,13,0.0290801,0.0284474,0.085568,100,0
24,14,0.0210488,0.0219138,0.079456,92.8571,7.14286
24,15,0.0350336,0.0375924,0.097792,88.8889,11.1111
24,16,0.0488478,0.0312623,0.079456,72.2222,27.7778
24,17,0.0743908,0.0372741,0.073344,57.1429,42.8571
24,18,0.0614445,0.0418241,0.012224,15.3846,84.6154
24,19,0.0518266,0.0447707,0.103904,80.9524,19.0476
24,20,0.0575931,0.0441234,0.042784,58.3333,41.6667
24,21,0.050523,0.0381392,0.073344,52.1739,47.8261
24,22,0.0100027,0.0091837,0.103904,100,0
24,23,0.00502041,0.00230889,0.085568,100,0
24,24,0.0488497,0.0468622,0.055008,56.25,43.75
24,25,0.00618167,0.00351238,0.067232,100,0
24,26,0.0347955,0.037768,0.06112,66.6667,33.3333
24,27,0.0311296,0.0350223,0.116128,95,5
24,28,0.0713399,0.0283291,0.042784,50,50
24,29,0.0708888,0.0467785,0.055008,52.9412,47.0588
24,30,0.0787396,0.0363233,0.018336,25,75
24,31,0.050259,0.0473246,0.073344,80,20
24,32,0.0476205,0.0417693,0.073344,66.6667,33.3333
24,33,0,0,0,0,100
24,34,0.0119126,0.0120153,0.097792,100,0
24,35,0.0621481,0.0453768,0.067232,73.3333,26.6667
24,36,0.0728874,0.0334408,0.03056,27.7778,72.2222
24,37,0.0568055,0.0436864,0.055008,69.2308,30.7692
24,38,0.0521332,0.0402543,0.073344,75,25
24,39,0.0164397,0.0170051,0.079456,68.4211,31.5789
24,40,0.103978,0,0,0,100
24,41,0.0591892,0.0436463,0.06112,71.4286,28.5714
24,42,0.0537331,0.0410594,0.055008,50,50
24,43,0.0684884,0.0363213,0.042784,36.8421,63.1579
24,44,0.0749269,0.0481182,0.018336,15.7895,84.2105
24,45,0.0554597,0.0411211,0.073344,80,20
24,46,0.0557351,0.0433106,0.079456,61.9048,38.0952
24,47,0.0666159,0.0510111,0,0,100
24,48,0.128004,0,0,0,100
24,49,0.0586095,0.0437679,0.079456,72.2222,27.7778
24,50,0.0661216,0.0520527,0.073344,63.1579,36.8421
24,51,0.0725983,0.0433058,0.036672,42.8571,57.1429
24,52,0.0599283,0.0358742,0.06112,66.6667,33.3333
24,53,0,0,0,0,100
24,54,0.0545973,0.0426607,0.09168,71.4286,28.5714
24,55,0.0638432,0.039976,0.067232,52.381,47.619
24,56,0.0963849,0.035526,0.03056,31.25,68.75
24,57,0.0824792,0.0650015,0.03056,27.7778,72.2222
24,58,0.0521208,0.0451919,0.079456,68.4211,31.5789
24,59,0.0773951,0.0465529,0.06112,58.8235,41.1765
24,60,0.059038,0.0404363,0.06112,62.5,37.5
24,61,0.010734,0.00888362,0.097792,94.1176,5.88235
24,62,0.0844007,0.0486218,0.03056,25,75
24,63,0.0644617,0.0415749,0.042784,50,50
24,64,0.059797,0.0449517,0.042784,38.8889,61.1111
24,65,0.0723901,0.0526756,0.09168,83.3333,16.6667
24,66,0.0447159,0.042932,0.067232,68.75,31.25
24,67,0.0875549,0.0471182,0.03056,31.25,68.75
24,68,0.0243834,0.0243484,0.085568,82.3529,17.6471
24,69,0.0729513,0.0484806,0.055008,60,40
24,70,0.0555845,0.0492094,0.073344,75,25
24,71,0.0585489,0.0388176,0.055008,56.25,43.75
24,72,0.0234971,0.0244935,0.079456,92.8571,7.14286
24,73,0.0779816,0.045648,0.03056,27.7778,72.2222
24,74,0.0861156,0.0408438,0.006112,5,95
26,0,0.0292539,0.0318352,0.073344,100,0
26,1,0.0312013,0.0321027,0.079456,76.4706,23.5294
26,2,0.0704448,0.0394031,0.073344,57.1429,42.8571
26,3,0.0599305,0.0402193,0.018336,17.6471,82.3529
26,4,0.0715431,0.0567705,0.018336,15.7895,84.2105
26,5,0.0132013,0.0119638,0.079456,76.4706,23.5294
26,6,0.0455519,0.0423471,0.067232,73.3333,26.6667
26,7,0.0454993,0.0387801,0.06112,71.4286,28.5714
26,8,0.0716384,0.0396441,0.055008,56.25,43.75
26,9,0.0759822,0.0403308,0.006112,9.09091,90.9091
26,10,0.0427069,0.0371906,0.073344,75,25
26,11,0.0517105,0.0401126,0.048896,44.4444,55.5556
26,12,0.0570764,0.0490949,0.067232,68.75,31.25
26,13,0.0270728,0.0264534,0.116128,95,5
26,14,0.0206231,0.0215242,0.073344,92.3077,7.69231
26,15,0.0333682,0.035819,0.079456,100,0
26,16,0.0495739,0.0324498,0.036672,50,50
26,17,0.0732656,0.0377126,0.055008,56.25,43.75
26,18,0.0597456,0.0411115,0.042784,63.6364,36.3636
26,19,0.0497307,0.0438778,0.085568,73.6842,26.3158
26,20,0.0581835,0.0435633,0.073344,70.5882,29.4118
26,21,0.0524231,0.0387465,0.055008,60,40
26,22,0.00959413,0.00861396,0.073344,100,0
26,23,0.00486174,0.00209542,0.116128,100,0
26,24,0.0474691,0.0448686,0.097792,84.2105,15.7895
26,25,0.00597828,0.00316873,0.12224,100,0
26,26,0.034895,0.0378219,0.079456,81.25,18.75
26,27,0.029228,0.0325675,0.073344,92.3077,7.69231
26,28,0.0685979,0.0259486,0.073344,70.5882,29.4118
26,29,0.0717543,0.0473034,0.067232,57.8947,42.1053
26,30,0.0789297,0.0372777,0.03056,29.4118,70.5882
26,31,0.0499929,0.0480482,0.067232,68.75,31.25
26,32,0.0473407,0.0420098,0.079456,76.4706,23.5294
26,33,0,0,0,0,100
26,34,0.0119007,0.0119986,0.103904,94.4444,5.55556
26,35,0.0618102,0.0469873,0.055008,56.25,43.75
26,36,0.0747185,0.0349014,0.018336,20,80
26,37,0.0561585,0.047633,0.085568,73.6842,26.3158
26,38,0.0545392,0.0396631,0.073344,60,40
26,39,0.0190135,0.0183844,0.067232,64.7059,35.2941
26,40,0.103978,0,0,0,100
26,41,0.0575703,0.0438201,0.055008,60,40
26,42,0.0541222,0.04101,0.024448,33.3333,66.6667
26,43,0.0698071,0.036652,0.018336,17.6471,82.3529
26,44,0.076875,0.0462585,0.048896,47.0588,52.9412
26,45,0.0560179,0.0430866,0.085568,70,30
26,46,0.0519081,0.0412028,0.116128,90.4762,9.52381
26,47,0.0653279,0.0517067,0.012224,14.2857,85.7143
26,48,0.128004,0,0,0,100
26,49,0.0571832,0.0434209,0.079456,68.4211,31.5789
26,50,0.0636144,0.0488611,0.06112,71.4286,28.5714
26,51,0.0728961,0.0429052,0.024448,22.2222,77.7778
26,52,0.0618145,0.0360878,0.036672,35.2941,64.7059
26,53,0,0,0,0,100
26,54,0.0560463,0.0429922,0.036672,50,50
26,55,0.0608109,0.0429052,0.073344,75,25
26,56,0.0941866,0.0355237,0.006112,7.14286,92.8571
26,57,0.0768213,0.0624442,0.024448,26.6667,73.3333
26,58,0.052367,0.0451739,0.073344,63.1579,36.8421
26,59,0.0770748,0.0461528,0.03056,26.3158,73.6842
26,60,0.05901,0.0402616,0.048896,88.8889,11.1111
26,61,0.0101191,0.00811116,0.110016,100,0
26,62,0.0843723,0.0478487,0.03056,31.25,68.75
26,63,0.065852,0.0435901,0.03056,27.7778,72.2222
26,64,0.0599785,0.0450664,0.06112,66.6667,33.3333
26,65,0.0621003,0.0464722,0.09168,83.3333,16.6667
26,66,0.0456169,0.0425893,0.067232,61.1111,38.8889
26,67,0.0804818,0.0547322,0.018336,20,80
26,68,0.0245441,0.0231748,0.079456,76.4706,23.5294
26,69,0.0726697,0.0488074,0.048896,53.3333,46.6667
26,70,0.0581641,0.0504483,0.079456,65,35
26,71,0.0594034,0.0395233,0.048896,50,50
26,72,0.0215262,0.0220702,0.103904,100,0
26,73,0.0795675,0.0335259,0.042784,36.8421,63.1579
26,74,0.0866747,0.0443948,0.012224,13.3333,86.6667
28,0,0.0266793,0.0286326,0.110016,100,0
28,1,0.0317321,0.0325405,0.073344,70.5882,29.4118
28,2,0.0699278,0.0391253,0.03056,38.4615,61.5385
28,3,0.0609213,0.0404225,0.006112,6.25,93.75
28,4,0.0752498,0.0558909,0.06112,58.8235,41.1765
28,5,0.0143252,0.0145854,0.085568,77.7778,22.2222
28,6,0.0462648,0.0447642,0.055008,60,40
28,7,0.0440389,0.0376577,0.110016,94.7368,5.26316
28,8,0.0702905,0.0389684,0.055008,50,50
28,9,0.0769815,0.0388972,0.018336,16.6667,83.3333
28,10,0.0428838,0.0378363,0.06112,83.3333,16.6667
28,11,0.0528529,0.039923,0.079456,65,35
28,12,0.0556297,0.0502149,0.067232,64.7059,35.2941
28,13,0.0260863,0.0257749,0.12224,90.9091,9.09091
28,14,0.0214475,0.0218715,0.085568,82.3529,17.6471
28,15,0.0309984,0.0329827,0.085568,100,0
28,16,0.0529651,0.0336809,0.055008,52.9412,47.0588
28,17,0.0679166,0.0367255,0.073344,75,25
28,18,0.0561122,0.0394886,0.06112,62.5,37.5
28,19,0.0495192,0.0436414,0.09168,83.3333,16.6667
28,20,0.0557361,0.044557,0.079456,72.2222,27.7778
28,21,0.0526531,0.0378186,0.06112,66.6667,33.3333
28,22,0.00905022,0.00783818,0.116128,100,0
28,23,0.00477844,0.00193684,0.103904,100,0
28,24,0.0464979,0.0436807,0.067232,78.5714,21.4286
28,25,0.00575161,0.00286406,0.134464,100,0
28,26,0.0348805,0.0389085,0.067232,64.7059,35.2941
28,27,0.0287863,0.0322622,0.085568,93.3333,6.66667
28,28,0.0700708,0.0269294,0.036672,42.8571,57.1429
28,29,0.0725731,0.0470863,0.024448,25,75
28,30,0.0790399,0.037573,0.03056,22.7273,77.2727
28,31,0.0478429,0.0465728,0.079456,92.8571,7.14286
28,32,0.0473432,0.0423721,0.067232,73.3333,26.6667
28,33,0,0,0,0,100
28,34,0.0112092,0.010999,0.103904,100,0
28,35,0.0615432,0.0471016,0.073344,75,25
28,36,0.0728105,0.0370676,0.06112,62.5,37.5
28,37,0.056222,0.0494621,0.048896,80,20
28,38,0.0531388,0.0388715,0.048896,53.3333,46.6667
28,39,0.0218059,0.0213693,0.06112,76.9231,23.0769
28,40,0.103978,0,0,0,100
28,41,0.0564052,0.0448364,0.079456,86.6667,13.3333
28,42,0.0543916,0.0420564,0.03056,33.3333,66.6667
28,43,0.0712967,0.0355296,0.042784,41.1765,58.8235
28,44,0.0753888,0.04374,0.055008,69.2308,30.7692
28,45,0.0560762,0.0423645,0.036672,40,60
28,46,0.0525103,0.0417974,0.048896,57.1429,42.8571
28,47,0.0653279,0.0517067,0,0,100
28,48,0.128004,0,0,0,100
28,49,0.0589315,0.0426892,0.048896,57.1429,42.8571
28,50,0.0652578,0.0484967,0.055008,56.25,43.75
28,51,0.073053,0.0433459,0.03056,29.4118,70.5882
28,52,0.062591,0.0359346,0.06112,50,50
28,53,0,0,0,0,100
28,54,0.0539481,0.0414574,0.110016,85.7143,14.2857
28,55,0.0639197,0.0405253,0.06112,55.5556,44.4444
28,56,0.0840719,0.0354915,0.06112,83.3333,16.6667
28,57,0.0768213,0.0624442,0,0,100
28,58,0.0516952,0.0460907,0.06112,71.4286,28.5714
28,59,0.0770526,0.0451841,0.073344,60,40
28,60,0.0604944,0.0393919,0.036672,42.8571,57.1429
28,61,0.010895,0.00897495,0.097792,84.2105,15.7895
28,62,0.0867432,0.0523707,0.03056,22.7273,77.2727
28,63,0.0707243,0.0426163,0.03056,33.3333,66.6667
28,64,0.0593505,0.0449529,0.079456,65,35
28,65,0.0597479,0.0481988,0.073344,70.5882,29.4118
28,66,0.0461711,0.0432303,0.085568,73.6842,26.3158
28,67,0.0730334,0.0596183,0.048896,50,50
28,68,0.0257167,0.0242808,0.085568,82.3529,17.6471
28,69,0.0721339,0.0479749,0.067232,55,45
28,70,0.0576629,0.0504151,0.06112,66.6667,33.3333
28,71,0.0611964,0.0392392,0.042784,36.8421,63.1579
28,72,0.0202543,0.0205139,0.079456,100,0
28,73,0.0828252,0.0276064,0.03056,29.4118,70.5882
28,74,0.0894971,0.0500557,0.024448,20,80
30,0,0.0247982,0.0262947,0.097792,100,0
30,1,0.0348492,0.0331284,0.073344,66.6667,33.3333
30,2,0.0685403,0.040277,0.06112,47.619,52.381
30,3,0.0631777,0.0409734,0.024448,19.0476,80.9524
30,4,0.073563,0.0563096,0.036672,40,60
30,5,0.0141451,0.0144179,0.097792,94.1176,5.88235
30,6,0.0473636,0.0454841,0.085568,77.7778,22.2222
30,7,0.0432164,0.0373862,0.085568,77.7778,22.2222
30,8,0.0710325,0.0396383,0.042784,38.8889,61.1111
30,9,0.0755367,0.0382148,0.042784,35,65
30,10,0.0427388,0.0386646,0.079456,76.4706,23.5294
30,11,0.0534342,0.0407613,0.067232,78.5714,21.4286
30,12,0.0550026,0.0493508,0.079456,86.6667,13.3333
30,13,0.0242573,0.0236619,0.103904,100,0
30,14,0.0226585,0.0236025,0.042784,70,30
30,15,0.029985,0.0319533,0.073344,92.3077,7.69231
30,16,0.0546978,0.0365994,0.036672,40,60
30,17,0.0659182,0.038823,0.079456,68.4211,31.5789
30,18,0.05626,0.0399492,0.067232,57.8947,42.1053
30,19,0.0485188,0.0433836,0.073344,70.5882,29.4118
30,20,0.0550331,0.0427726,0.09168,71.4286,28.5714
30,21,0.0527677,0.0376116,0.03056,41.6667,58.3333
30,22,0.00852379,0.00705894,0.140576,100,0
30,23,0.00465911,0.00177,0.128352,100,0
30,24,0.04709,0.0436984,0.06112,62.5,37.5
30,25,0.00559192,0.00267288,0.097792,100,0
30,26,0.0370739,0.0392202,0.09168,75,25
30,27,0.0265746,0.0293919,0.110016,100,0
30,28,0.0716635,0.0263515,0.042784,38.8889,61.1111
30,29,0.0713702,0.0465732,0.048896,57.1429,42.8571
30,30,0.0755728,0.038176,0.024448,28.5714,71.4286
30,31,0.049301,0.0468734,0.067232,64.7059,35.2941
30,32,0.046591,0.04275,0.085568,70,30
30,33,0,0,0,0,100
30,34,0.0112132,0.0112686,0.079456,86.6667,13.3333
30,35,0.0629859,0.0449632,0.079456,59.0909,40.9091
30,36,0.0663083,0.0364386,0.09168,83.3333,16.6667
30,37,0.0568205,0.0472665,0.073344,66.6667,33.3333
30,38,0.0536765,0.0394695,0.073344,70.5882,29.4118
30,39,0.0240088,0.0228492,0.073344,66.6667,33.3333
30,40,0.103978,0,0,0,100
30,41,0.0539886,0.0435181,0.097792,69.5652,30.4348
30,42,0.0547093,0.0428768,0.024448,23.5294,76.4706
30,43,0.0751174,0.0325077,0.042784,35,65
30,44,0.0742655,0.0447616,0.048896,44.4444,55.5556
30,45,0.0531604,0.0405764,0.085568,87.5,12.5
30,46,0.0527417,0.041979,0.042784,63.6364,36.3636
30,47,0.0653279,0.0517067,0,0,100
30,48,0.128004,0,0,0,100
30,49,0.0578603,0.0416064,0.067232,73.3333,26.6667
30,50,0.0683003,0.0458482,0.055008,47.3684,52.6316
30,51,0.0732903,0.0441523,0.036672,40,60
30,52,0.0606325,0.0378371,0.067232,78.5714,21.4286
30,53,0.0866264,0,0.006112,7.69231,92.3077
30,54,0.0547765,0.0421118,0.055008,56.25,43.75
30,55,0.0677176,0.0391984,0.055008,50,50
30,56,0.0759329,0.0384181,0.085568,63.6364,36.3636
30,57,0.0808111,0.0673059,0.012224,11.1111,88.8889
30,58,0.0534943,0.0458495,0.06112,58.8235,41.1765
30,59,0.0778981,0.0455889,0.042784,43.75,56.25
30,60,0.0598231,0.0397083,0.073344,66.6667,33.3333
30,61,0.0110239,0.0092545,0.09168,100,0
30,62,0.0866958,0.0521885,0.006112,7.69231,92.3077
30,63,0.0716049,0.0446259,0.024448,25,75
30,64,0.0597244,0.0454205,0.067232,50,50
30,65,0.0594739,0.0478826,0.055008,64.2857,35.7143
30,66,0.046745,0.0442333,0.055008,69.2308,30.7692
30,67,0.0667663,0.0572842,0.055008,42.8571,57.1429
30,68,0.0274104,0.0252789,0.048896,61.5385,38.4615
30,69,0.0731021,0.0471226,0.03056,50,50
30,70,0.0568497,0.0509291,0.055008,81.8182,18.1818
30,71,0.062971,0.0381121,0.042784,58.3333,41.6667
30,72,0.0190844,0.0190689,0.085568,100,0
30,73,0.0715213,0.0290931,0.048896,50,50
30,74,0.0853742,0.050403,0.048896,57.1429,42.8571
32,0,0.0252003,0.0257432,0.073344,80,20
32,1,0.0351455,0.0333077,0.067232,68.75,31.25
32,2,0.0667536,0.0407926,0.055008,52.9412,47.0588
32,3,0.0632386,0.0400735,0.042784,70,30
32,4,0.0713031,0.0550265,0.067232,61.1111,38.8889
32,5,0.0139793,0.0142175,0.103904,94.4444,5.55556
32,6,0.046518,0.0438053,0.067232,78.5714,21.4286
32,7,0.0446825,0.0382887,0.055008,56.25,43.75
32,8,0.0714101,0.038933,0.048896,50,50
32,9,0.0767312,0.0388624,0.006112,5,95
32,10,0.0445696,0.0395923,0.079456,61.9048,38.0952
32,11,0.051762,0.0396961,0.048896,47.0588,52.9412
32,12,0.056175,0.0484657,0.085568,58.3333,41.6667
32,13,0.0231348,0.0225705,0.116128,95,5
32,14,0.0225843,0.0238199,0.097792,88.8889,11.1111
32,15,0.0284235,0.0300379,0.073344,100,0
32,16,0.057449,0.0378485,0.055008,52.9412,47.0588
32,17,0.0648612,0.0395018,0.06112,58.8235,41.1765
32,18,0.0558317,0.0397986,0.073344,70.5882,29.4118
32,19,0.0494548,0.0440034,0.085568,77.7778,22.2222
32,20,0.0559134,0.0436769,0.073344,66.6667,33.3333
32,21,0.0553369,0.0373932,0.073344,57.1429,42.8571
32,22,0.00817292,0.00654744,0.116128,100,0
32,23,0.00458336,0.00164608,0.116128,100,0
32,24,0.0479224,0.0444787,0.085568,73.6842,26.3158
32,25,0.00543376,0.00247673,0.116128,100,0
32,26,0.0379921,0.039057,0.055008,69.2308,30.7692
32,27,0.0256258,0.0282862,0.09168,93.75,6.25
32,28,0.072397,0.0273149,0.042784,46.6667,53.3333
32,29,0.0716824,0.0455705,0.036672,46.1538,53.8462
32,30,0.0766468,0.0378443,0.036672,50,50
32,31,0.0488694,0.0474887,0.079456,65,35
32,32,0.046477,0.0415052,0.085568,82.3529,17.6471
32,33,0,0,0,0,100
32,34,0.0112679,0.0113096,0.103904,100,0
32,35,0.0651153,0.0454218,0.048896,42.1053,57.8947
32,36,0.0637395,0.0375814,0.073344,75,25
32,37,0.0543659,0.046419,0.055008,81.8182,18.1818
32,38,0.0535049,0.0392492,0.067232,57.8947,42.1053
32,39,0.0271359,0.0228325,0.073344,60,40
32,40,0.103978,0,0,0,100
32,41,0.0524425,0.0420161,0.079456,86.6667,13.3333
32,42,0.0552533,0.0428032,0.06112,66.6667,33.3333
32,43,0.0792618,0.0350617,0.03056,27.7778,72.2222
32,44,0.0752507,0.0442713,0.06112,50,50
32,45,0.0542687,0.0416491,0.055008,69.2308,30.7692
32,46,0.0520778,0.0412525,0.079456,92.8571,7.14286
32,47,0.06351,0.0499757,0.012224,11.7647,88.2353
32,48,0.128004,0,0,0,100
32,49,0.0568028,0.0424613,0.067232,78.5714,21.4286
32,50,0.0619484,0.0443092,0.085568,77.7778,22.2222
32,51,0.0672315,0.0402737,0.103904,80.9524,19.0476
32,52,0.0599235,0.0377446,0.073344,70.5882,29.4118
32,53,0.0866264,0,0,0,100
32,54,0.0537806,0.0412817,0.073344,85.7143,14.2857
32,55,0.0644416,0.0377492,0.073344,63.1579,36.8421
32,56,0.0727043,0.0402641,0.06112,83.3333,16.6667
32,57,0.0818853,0.0635568,0.012224,10.5263,89.4737
32,58,0.0545031,0.0453476,0.073344,60,40
32,59,0.0777523,0.0464683,0.06112,55.5556,44.4444
32,60,0.0595698,0.0400817,0.03056,38.4615,61.5385
32,61,0.0119521,0.0109226,0.116128,86.3636,13.6364
32,62,0.0866958,0.0521885,0,0,100
32,63,0.0711856,0.0472292,0.03056,35.7143,64.2857
32,64,0.0595605,0.0461877,0.055008,60,40
32,65,0.0601081,0.049531,0.073344,70.5882,29.4118
32,66,0.0467697,0.0437356,0.073344,75,25
32,67,0.0684784,0.0550215,0.036672,33.3333,66.6667
32,68,0.0287323,0.0261402,0.06112,76.9231,23.0769
32,69,0.0718642,0.0464716,0.06112,62.5,37.5
32,70,0.0560942,0.0507214,0.06112,55.5556,44.4444
32,71,0.0631616,0.0378546,0.067232,55,45
32,72,0.0178606,0.0175635,0.103904,100,0
32,73,0.0749155,0.0319854,0.042784,41.1765,58.8235
32,74,0.085666,0.0482716,0.03056,27.7778,72.2222
34,0,0.0248072,0.0255792,0.103904,89.4737,10.5263
34,1,0.0367295,0.0331016,0.06112,62.5,37.5
34,2,0.0662223,0.0402362,0.048896,44.4444,55.5556
34,3,0.057784,0.0363956,0.073344,100,0
34,4,0.0703875,0.0551071,0.024448,26.6667,73.3333
34,5,0.0147264,0.015314,0.067232,84.6154,15.3846
34,6,0.0454167,0.0435948,0.06112,76.9231,23.0769
34,7,0.0448577,0.0382969,0.067232,91.6667,8.33333
34,8,0.0716273,0.0395173,0.06112,55.5556,44.4444
34,9,0.077692,0.0392322,0.018336,15,85
34,10,0.0443044,0.0402019,0.085568,87.5,12.5
34,11,0.0537382,0.0401966,0.067232,61.1111,38.8889
34,12,0.0569633,0.0482851,0.067232,68.75,31.25
34,13,0.0217066,0.0209121,0.110016,100,0
34,14,0.0225426,0.0238717,0.048896,66.6667,33.3333
34,15,0.0257787,0.0268344,0.146688,100,0
34,16,0.0575942,0.0387886,0.03056,33.3333,66.6667
34,17,0.0647743,0.0406438,0.067232,64.7059,35.2941
34,18,0.0570782,0.0393779,0.055008,56.25,43.75
34,19,0.0488034,0.0443799,0.073344,85.7143,14.2857
34,20,0.0539064,0.0430538,0.085568,87.5,12.5
34,21,0.0560273,0.0376956,0.067232,61.1111,38.8889
34,22,0.00789882,0.00615937,0.097792,100,0
34,23,0.00455472,0.00156353,0.09168,100,0
34,24,0.0471375,0.0429236,0.085568,82.3529,17.6471
34,25,0.0053244,0.00232923,0.103904,100,0
34,26,0.0382352,0.0391664,0.079456,76.4706,23.5294
34,27,0.0259595,0.0289957,0.085568,82.3529,17.6471
34,28,0.0674424,0.0277479,0.085568,77.7778,22.2222
34,29,0.0722495,0.0457037,0.06112,47.619,52.381
34,30,0.0755924,0.039165,0.048896,42.1053,57.8947
34,31,0.0495594,0.0472951,0.079456,76.4706,23.5294
34,32,0.0469661,0.0427837,0.079456,72.2222,27.7778
34,33,0,0,0,0,100
34,34,0.011382,0.0114345,0.09168,93.75,6.25
34,35,0.0650018,0.0456466,0.048896,66.6667,33.3333
34,36,0.0616484,0.0370411,0.048896,80,20
34,37,0.052725,0.0472464,0.067232,78.5714,21.4286
34,38,0.0539683,0.0389751,0.073344,66.6667,33.3333
34,39,0.0289087,0.0240087,0.073344,60,40
34,40,0.103978,0,0,0,100
34,41,0.0519338,0.0437702,0.085568,82.3529,17.6471
34,42,0.0563028,0.0427125,0.024448,26.6667,73.3333
34,43,0.0811851,0.037724,0.006112,6.25,93.75
34,44,0.0768451,0.0420356,0.048896,57.1429,42.8571
34,45,0.0551879,0.0431512,0.06112,66.6667,33.3333
34,46,0.0521082,0.0411989,0.055008,69.2308,30.7692
34,47,0.0658075,0.0494487,0.024448,22.2222,77.7778
34,48,0.128004,0,0,0,100
34,49,0.0534543,0.040289,0.085568,93.3333,6.66667
34,50,0.0619147,0.0450941,0.06112,66.6667,33.3333
34,51,0.0657518,0.0405907,0.055008,45,55
34,52,0.0600364,0.0373948,0.06112,55.5556,44.4444
34,53,0.0866264,0,0,0,100
34,54,0.053855,0.0414035,0.085568,70,30
34,55,0.065317,0.0412875,0.06112,66.6667,33.3333
34,56,0.0709189,0.038841,0.048896,66.6667,33.3333
34,57,0.0818853,0.0635568,0,0,100
34,58,0.0527924,0.0446155,0.067232,73.3333,26.6667
34,59,0.0785427,0.0456224,0.036672,40,60
34,60,0.0570899,0.0393677,0.103904,77.2727,22.7273
34,61,0.0136882,0.0115149,0.048896,57.1429,42.8571
34,62,0.0875215,0.0524219,0.012224,12.5,87.5
34,63,0.0721599,0.0454512,0.024448,28.5714,71.4286
34,64,0.0591771,0.0468767,0.055008,64.2857,35.7143
34,65,0.0577146,0.0491236,0.085568,77.7778,22.2222
34,66,0.0460863,0.0439147,0.073344,85.7143,14.2857
34,67,0.0722465,0.0504803,0.048896,44.4444,55.5556
34,68,0.0304283,0.0267808,0.073344,66.6667,33.3333
34,69,0.0710633,0.0474572,0.048896,57.1429,42.8571
34,70,0.0559628,0.0497341,0.048896,57.1429,42.8571
34,71,0.0630507,0.0387228,0.03056,45.4545,54.5455
34,72,0.016812,0.0162832,0.103904,100,0
34,73,0.0818583,0.0325588,0.03056,31.25,68.75
34,74,0.0810516,0.0468924,0.03056,29.4118,70.5882
36,0,0.0239854,0.0245937,0.055008,100,0
36,1,0.0383056,0.0328038,0.03056,55.5556,44.4444
36,2,0.0667147,0.040366,0.012224,25,75
36,3,0.0542163,0.0347257,0.073344,92.3077,7.69231
36,4,0.0714493,0.0549996,0.012224,28.5714,71.4286
36,5,0.015159,0.0159305,0.024448,80,20
36,6,0.0461958,0.0434396,0.048896,66.6667,33.3333
36,7,0.0443025,0.0381471,0.036672,75,25
36,8,0.0708075,0.0390557,0.03056,62.5,37.5
36,9,0.0779617,0.0390098,0.006112,16.6667,83.3333
36,10,0.0447531,0.0409436,0.036672,66.6667,33.3333
36,11,0.0543271,0.0400755,0.012224,28.5714,71.4286
36,12,0.0575997,0.0481201,0.036672,60,40
36,13,0.0212668,0.0204156,0.036672,100,0
36,14,0.0236352,0.0246405,0.036672,85.7143,14.2857
36,15,0.0249215,0.0258023,0.055008,100,0
36,16,0.058414,0.0391394,0.024448,50,50
36,17,0.0647063,0.0416671,0.042784,77.7778,22.2222
36,18,0.0574188,0.0398109,0.006112,16.6667,83.3333
36,19,0.0493803,0.0447767,0.03056,62.5,37.5
36,20,0.0535229,0.0436,0.042784,87.5,12.5
36,21,0.0562612,0.0378656,0.024448,50,50
36,22,0.00815276,0.00634966,0.048896,88.8889,11.1111
36,23,0.00453196,0.00152548,0.042784,100,0
36,24,0.047426,0.0433263,0.012224,66.6667,33.3333
36,25,0.00529794,0.00229572,0.024448,100,0
36,26,0.0377493,0.0390213,0.036672,75,25
36,27,0.0253034,0.0283131,0.042784,100,0
36,28,0.0687623,0.0274746,0.03056,50,50
36,29,0.0729846,0.0450979,0.018336,30,70
36,30,0.0765148,0.0408362,0.012224,28.5714,71.4286
36,31,0.0491088,0.0466992,0.048896,88.8889,11.1111
36,32,0.0456059,0.0419055,0.06112,90.9091,9.09091
36,33,0,0,0,0,100
36,34,0.0111989,0.0111655,0.036672,100,0
36,35,0.0656019,0.0461736,0.012224,28.5714,71.4286
36,36,0.0625466,0.0372703,0.018336,27.2727,72.7273
36,37,0.0531022,0.0473468,0.024448,66.6667,33.3333
36,38,0.055222,0.0380602,0.036672,75,25
36,39,0.0307156,0.0245129,0.042784,70,30
36,40,0.103978,0,0,0,100
36,41,0.0521542,0.0440494,0.042784,70,30
36,42,0.056931,0.0426494,0.018336,42.8571,57.1429
36,43,0.0808743,0.0392157,0.006112,11.1111,88.8889
36,44,0.0784078,0.0412246,0.024448,40,60
36,45,0.055171,0.0438086,0.012224,40,60
36,46,0.0520502,0.0420129,0.036672,75,25
36,47,0.0677157,0.0478293,0.024448,66.6667,33.3333
36,48,0.128004,0,0,0,100
36,49,0.0538851,0.0404954,0.036672,66.6667,33.3333
36,50,0.0629657,0.0454887,0.024448,57.1429,42.8571
36,51,0.0632016,0.0399429,0.042784,100,0
36,52,0.0607236,0.0374623,0.024448,50,50
36,53,0.0987254,0.0120989,0.006112,8.33333,91.6667
36,54,0.0520539,0.0405321,0.055008,90,10
36,55,0.0636544,0.0420568,0.042784,87.5,12.5
36,56,0.0712779,0.0393638,0.024448,57.1429,42.8571
36,57,0.0818853,0.0635568,0,0,100
36,58,0.0541536,0.0442715,0.036672,60,40
36,59,0.0783207,0.0457939,0.036672,75,25
36,60,0.0562509,0.0396142,0.06112,100,0
36,61,0.0146863,0.0123292,0.042784,77.7778,22.2222
36,62,0.0875215,0.0524219,0,0,100
36,63,0.0738511,0.0467231,0.012224,20,80
36,64,0.0606276,0.0461383,0.03056,55.5556,44.4444
36,65,0.0580592,0.0482972,0.048896,66.6667,33.3333
36,66,0.0461544,0.0442713,0.024448,50,50
36,67,0.0759634,0.0506578,0.018336,75,25
36,68,0.0308234,0.027187,0.024448,66.6667,33.3333
36,69,0.0718882,0.0465162,0.03056,62.5,37.5
36,70,0.0554103,0.0491797,0.036672,54.5455,45.4545
36,71,0.0633352,0.0385094,0.03056,62.5,37.5
36,72,0.0163292,0.0156762,0.055008,100,0
36,73,0.0794773,0.0334224,0.012224,20,80
36,74,0.0814829,0.0483833,0.024448,50,50
38,0,0.0239854,0.0245937,0,0,0
38,1,0.0383056,0.0328038,0,0,0
38,2,0.0667147,0.040366,0,0,0
38,3,0.0542163,0.0347257,0,0,0
38,4,0.0714493,0.0549996,0,0,0
38,5,0.015159,0.0159305,0,0,0
38,6,0.0461958,0.0434396,0,0,0
38,7,0.0443025,0.0381471,0,0,0
38,8,0.0708075,0.0390557,0,0,0
38,9,0.0779617,0.0390098,0,0,0
38,10,0.0447531,0.0409436,0,0,0
38,11,0.0543271,0.0400755,0,0,0
38,12,0.0575997,0.0481201,0,0,0
38,13,0.0212668,0.0204156,0,0,0
38,14,0.0236352,0.0246405,0,0,0
38,15,0.0249215,0.0258023,0,0,0
38,16,0.058414,0.0391394,0,0,0
38,17,0.0647063,0.0416671,0,0,0
38,18,0.0574188,0.0398109,0,0,0
38,19,0.0493803,0.0447767,0,0,0
38,20,0.0535229,0.0436,0,0,0
38,21,0.0562612,0.0378656,0,0,0
38,22,0.00815276,0.00634966,0,0,0
38,23,0.00453196,0.00152548,0,0,0
38,24,0.047426,0.0433263,0,0,0
38,25,0.00529794,0.00229572,0,0,0
38,26,0.0377493,0.0390213,0,0,0
38,27,0.0253034,0.0283131,0,0,0
38,28,0.0687623,0.0274746,0,0,0
38,29,0.0729846,0.0450979,0,0,0
38,30,0.0765148,0.0408362,0,0,0
38,31,0.0491088,0.0466992,0,0,0
38,32,0.0456059,0.0419055,0,0,0
38,33,0,0,0,0,0
38,34,0.0111989,0.0111655,0,0,0
38,35,0.0656019,0.0461736,0,0,0
38,36,0.0625466,0.0372703,0,0,0
38,37,0.0531022,0.0473468,0,0,0
38,38,0.055222,0.0380602,0,0,0
38,39,0.0307156,0.0245129,0,0,0
38,40,0.103978,0,0,0,0
38,41,0.0521542,0.0440494,0,0,0
38,42,0.056931,0.0426494,0,0,0
38,43,0.0808743,0.0392157,0,0,0
38,44,0.0784078,0.0412246,0,0,0
38,45,0.055171,0.0438086,0,0,0
38,46,0.0520502,0.0420129,0,0,0
38,47,0.0677157,0.0478293,0,0,0
38,48,0.128004,0,0,0,0
38,49,0.0538851,0.0404954,0,0,0
38,50,0.0629657,0.0454887,0,0,0
38,51,0.0632016,0.0399429,0,0,0
38,52,0.0607236,0.0374623,0,0,0
38,53,0.0987254,0.0120989,0,0,0
38,54,0.0520539,0.0405321,0,0,0
38,55,0.0636544,0.0420568,0,0,0
38,56,0.0712779,0.0393638,0,0,0
38,57,0.0818853,0.0635568,0,0,0
38,58,0.0541536,0.0442715,0,0,0
38,59,0.0783207,0.0457939,0,0,0
38,60,0.0562509,0.0396142,0,0,0
38,61,0.0146863,0.0123292,0,0,0
38,62,0.0875215,0.0524219,0,0,0
38,63,0.0738511,0.0467231,0,0,0
38,64,0.0606276,0.0461383,0,0,0
38,65,0.0580592,0.0482972,0,0,0
38,66,0.0461544,0.0442713,0,0,0
38,67,0.0759634,0.0506578,0,0,0
38,68,0.0308234,0.027187,0,0,0
38,69,0.0718882,0.0465162,0,0,0
38,70,0.0554103,0.0491797,0,0,0
38,71,0.0633352,0.0385094,0,0,0
38,72,0.0163292,0.0156762,0,0,0
38,73,0.0794773,0.0334224,0,0,0
38,74,0.0814829,0.0483833,0,0,0
