Time,UE,Delay,Jitter,Throughput,PDR,PLR
2,0,0,0,0,0,0
2,1,0,0,0,0,0
2,2,0,0,0,0,0
2,3,0,0,0,0,0
2,4,0,0,0,0,0
2,5,0,0,0,0,0
2,6,0,0,0,0,0
2,7,0,0,0,0,0
2,8,0,0,0,0,0
2,9,0,0,0,0,0
2,10,0,0,0,0,0
2,11,0,0,0,0,0
2,12,0,0,0,0,0
2,13,0,0,0,0,0
2,14,0,0,0,0,0
2,15,0,0,0,0,0
2,16,0,0,0,0,0
2,17,0,0,0,0,0
2,18,0,0,0,0,0
2,19,0,0,0,0,0
2,20,0,0,0,0,0
2,21,0,0,0,0,0
2,22,0,0,0,0,0
2,23,0,0,0,0,0
2,24,0,0,0,0,0
2,25,0,0,0,0,0
2,26,0,0,0,0,0
2,27,0,0,0,0,0
2,28,0,0,0,0,0
2,29,0,0,0,0,0
2,30,0,0,0,0,0
2,31,0,0,0,0,0
2,32,0,0,0,0,0
2,33,0,0,0,0,0
2,34,0,0,0,0,0
2,35,0,0,0,0,0
2,36,0,0,0,0,0
2,37,0,0,0,0,0
2,38,0,0,0,0,0
2,39,0,0,0,0,0
2,40,0,0,0,0,0
2,41,0,0,0,0,0
2,42,0,0,0,0,0
2,43,0,0,0,0,0
2,44,0,0,0,0,0
2,45,0,0,0,0,0
2,46,0,0,0,0,0
2,47,0,0,0,0,0
2,48,0,0,0,0,0
2,49,0,0,0,0,0
4,0,0.00385236,0.000210415,0.391168,100,0
4,1,0.131283,0.0306021,0.24448,39.2157,60.7843
4,2,0.122661,0.0278917,0.348384,65.5172,34.4828
4,3,0.1404,0.0299376,0.195584,39.0244,60.9756
4,4,0.153054,0.0318563,0.055008,13.0435,86.9565
4,5,0.12843,0.0337387,0.299488,55.6818,44.3182
4,6,0.141875,0.0329029,0.220032,46.7532,53.2468
4,7,0.136987,0.0350388,0.067232,17.1875,82.8125
4,8,0.0908154,0.0218031,0.317824,78.7879,21.2121
4,9,0.140328,0.0293283,0.287264,55.9524,44.0476
4,10,0.137984,0.0290727,0.177248,35.8025,64.1975
4,11,0.116831,0.024556,0.330048,68.3544,31.6456
4,12,0.119267,0.0362814,0.158912,33.3333,66.6667
4,13,0.08784,0.0273806,0.317824,72.2222,27.7778
4,14,0.111002,0.029152,0.24448,68.9655,31.0345
4,15,0.003934,0.000458942,0.464512,100,0
4,16,0.0176029,0.00594773,0.415616,95.7746,4.22535
4,17,0.0597021,0.0153906,0.385056,90,10
4,18,0.0476672,0.0153762,0.48896,91.954,8.04598
4,19,0.122706,0.0349411,0.378944,60.7843,39.2157
4,20,0.00413642,0.000440867,0.48896,100,0
4,21,0.0862458,0.0223168,0.348384,77.027,22.973
4,22,0.1176,0.0222096,0.433952,72.449,27.551
4,23,0.125575,0.0315085,0.385056,63,37
4,24,0.15526,0.0334552,0.03056,7.8125,92.1875
4,25,0.09429,0.0269606,0.3056,74.6269,25.3731
4,26,0.126897,0.0439527,0.110016,23.3766,76.6234
4,27,0.00365549,0.000370624,0.464512,100,0
4,28,0.0265373,0.00973115,0.507296,95.4023,4.5977
4,29,0.103549,0.0293972,0.268928,63.7681,36.2319
4,30,0.145196,0.0370411,0.165024,38.0282,61.9718
4,31,0.102734,0.0229947,0.330048,69.2308,30.7692
4,32,0.150069,0.0316695,0.171136,46.6667,53.3333
4,33,0.124933,0.0384551,0.134464,33.8462,66.1538
4,34,0.0921874,0.0231212,0.281152,63.8889,36.1111
4,35,0.148883,0.0340724,0.116128,23.1707,76.8293
4,36,0.123125,0.0294513,0.268928,53.012,46.988
4,37,0.145709,0.036356,0.146688,30.3797,69.6203
4,38,0.116557,0.0332206,0.256704,57.5342,42.4658
4,39,0.0535534,0.0149368,0.409504,87.013,12.987
4,40,0.0635941,0.0168127,0.287264,85.4545,14.5455
4,41,0.113464,0.027019,0.238368,63.9344,36.0656
4,42,0.117703,0.0252903,0.330048,72.973,27.027
4,43,0.11706,0.0267184,0.293376,62.3377,37.6623
4,44,0.115147,0.0278715,0.33616,61.1111,38.8889
4,45,0.00354688,0.000212121,0.470624,98.7179,1.28205
4,46,0.119305,0.0283116,0.195584,45.0704,54.9296
4,47,0.0473209,0.0131153,0.42784,93.3333,6.66667
4,48,0.11635,0.0270692,0.348384,77.027,22.973
4,49,0.122242,0.0306914,0.226144,46.8354,53.1646
6,0,0.00380986,0.000117536,0.48896,98.7654,1.23457
6,1,0.134475,0.0320872,0.238368,52.7027,47.2973
6,2,0.121236,0.027746,0.372832,73.494,26.506
6,3,0.127885,0.0305895,0.134464,32.8358,67.1642
6,4,0.138147,0.0391827,0.171136,25.6881,74.3119
6,5,0.130344,0.0306305,0.342272,60.8696,39.1304
6,6,0.131153,0.0341221,0.348384,55.8824,44.1176
6,7,0.139636,0.0306711,0.012224,2.5641,97.4359
6,8,0.08159,0.0241321,0.403392,70.9677,29.0323
6,9,0.131245,0.0315005,0.311712,52.0408,47.9592
6,10,0.128316,0.032904,0.171136,46.6667,53.3333
6,11,0.125527,0.0286953,0.39728,68.4211,31.5789
6,12,0.124164,0.0400628,0.268928,62.8571,37.1429
6,13,0.0972835,0.0252057,0.299488,74.2424,25.7576
6,14,0.0829557,0.023197,0.4584,86.2069,13.7931
6,15,0.00373202,0.000318336,0.513408,100,0
6,16,0.00997055,0.0027664,0.48896,100,0
6,17,0.0524617,0.016528,0.378944,75.6098,24.3902
6,18,0.0394901,0.0122106,0.409504,91.7808,8.21918
6,19,0.125884,0.0313082,0.348384,54.8077,45.1923
6,20,0.0038219,0.000227156,0.592864,98.9796,1.02041
6,21,0.0887239,0.0215128,0.501184,83.6735,16.3265
6,22,0.109432,0.0234248,0.348384,85.0746,14.9254
6,23,0.123758,0.0272321,0.39728,80.2469,19.7531
6,24,0.144932,0.0413204,0.158912,27.3684,72.6316
6,25,0.0947389,0.0288558,0.409504,68.3673,31.6327
6,26,0.126883,0.0324262,0.3056,50.5051,49.4949
6,27,0.00373574,0.000356927,0.482848,100,0
6,28,0.0419219,0.0124197,0.446176,90.1235,9.87654
6,29,0.0941577,0.0275348,0.39728,71.4286,28.5714
6,30,0.141323,0.0331904,0.311712,60.7143,39.2857
6,31,0.104151,0.0259152,0.36672,83.3333,16.6667
6,32,0.136822,0.0332604,0.323936,66.25,33.75
6,33,0.131383,0.037248,0.195584,50,50
6,34,0.105502,0.0293168,0.268928,75.8621,24.1379
6,35,0.145279,0.0360594,0.177248,32.9545,67.0455
6,36,0.112919,0.0308084,0.287264,68.1159,31.8841
6,37,0.148226,0.0350686,0.201696,39.759,60.241
6,38,0.123954,0.0330243,0.287264,62.6667,37.3333
6,39,0.0403727,0.0115078,0.421728,95.8333,4.16667
6,40,0.0762923,0.0208655,0.36672,74.0741,25.9259
6,41,0.121361,0.0310536,0.268928,56.4103,43.5897
6,42,0.107527,0.0242332,0.482848,78.2178,21.7822
6,43,0.115669,0.0265794,0.385056,86.3014,13.6986
6,44,0.10358,0.0263406,0.293376,68.5714,31.4286
6,45,0.00372336,0.000171203,0.513408,100,0
6,46,0.124743,0.0320257,0.27504,66.1765,33.8235
6,47,0.0371199,0.0114104,0.372832,82.4324,17.5676
6,48,0.0750848,0.0219454,0.446176,86.9048,13.0952
6,49,0.129203,0.0314708,0.27504,50.5618,49.4382
8,0,0.00379627,0.00014079,0.574528,100,0
8,1,0.133248,0.0311934,0.268928,58.6667,41.3333
8,2,0.121364,0.0300912,0.403392,75.8621,24.1379
8,3,0.12852,0.0346618,0.165024,39.7059,60.2941
8,4,0.139137,0.0357759,0.27504,61.6438,38.3562
8,5,0.12532,0.0291224,0.342272,62.9213,37.0787
8,6,0.130979,0.032604,0.415616,64.1509,35.8491
8,7,0.146567,0.0306114,0.012224,2.66667,97.3333
8,8,0.0848609,0.0226459,0.464512,80.8511,19.1489
8,9,0.129504,0.03066,0.317824,48.1481,51.8519
8,10,0.128201,0.0306853,0.262816,55.8442,44.1558
8,11,0.126791,0.0290553,0.330048,59.3407,40.6593
8,12,0.127523,0.0378512,0.18336,44.7761,55.2239
8,13,0.0917226,0.0276044,0.378944,72.9412,27.0588
8,14,0.0733499,0.020945,0.440064,76.5957,23.4043
8,15,0.00366848,0.000274468,0.415616,100,0
8,16,0.00765527,0.0018233,0.556192,100,0
8,17,0.062952,0.0193408,0.440064,87.8049,12.1951
8,18,0.035412,0.0117048,0.556192,92.8571,7.14286
8,19,0.128233,0.0306683,0.330048,58.6957,41.3043
8,20,0.00569997,0.00107269,0.39728,100,0
8,21,0.0643342,0.0159189,0.415616,95.7746,4.22535
8,22,0.0955216,0.0225211,0.311712,75,25
8,23,0.11288,0.0285426,0.330048,77.1429,22.8571
8,24,0.146177,0.0442769,0.073344,15,85
8,25,0.09892,0.0275583,0.317824,73.2394,26.7606
8,26,0.125451,0.031991,0.287264,69.1176,30.8824
8,27,0.00360592,0.000255364,0.598976,100,0
8,28,0.0423429,0.0121237,0.4584,91.4634,8.53659
8,29,0.112385,0.027545,0.433952,71.7172,28.2828
8,30,0.142246,0.0331997,0.220032,53.7313,46.2687
8,31,0.104459,0.0257909,0.391168,72.7273,27.2727
8,32,0.129311,0.0321576,0.262816,63.2353,36.7647
8,33,0.13027,0.035963,0.24448,45.977,54.023
8,34,0.110382,0.0293228,0.3056,66.6667,33.3333
8,35,0.145298,0.0328511,0.287264,48.4536,51.5464
8,36,0.113895,0.028018,0.36672,72.2892,27.7108
8,37,0.147021,0.0345056,0.24448,43.0108,56.9892
8,38,0.109093,0.0311307,0.3056,78.125,21.875
8,39,0.040778,0.0116521,0.525632,89.5833,10.4167
8,40,0.0774863,0.0222179,0.372832,95.3125,4.6875
8,41,0.127548,0.0298737,0.256704,50,50
8,42,0.10962,0.0253395,0.354496,71.6049,28.3951
8,43,0.113022,0.0283966,0.403392,72.5275,27.4725
8,44,0.114327,0.0288917,0.342272,65.8824,34.1176
8,45,0.00366341,0.000193382,0.48896,100,0
8,46,0.102816,0.0248442,0.476736,78.7879,21.2121
8,47,0.0478966,0.0145417,0.482848,97.5309,2.46914
8,48,0.0869464,0.0234119,0.446176,68.8679,31.1321
8,49,0.134509,0.0314474,0.299488,51.5789,48.4211
10,0,0.00370479,0.000111624,0.507296,100,0
10,1,0.134079,0.0317126,0.24448,47.619,52.381
10,2,0.123223,0.0298086,0.391168,58.1818,41.8182
10,3,0.130737,0.0323046,0.171136,49.1228,50.8772
10,4,0.142215,0.0350331,0.42784,64.8148,35.1852
10,5,0.129971,0.029225,0.39728,54.1667,45.8333
10,6,0.128743,0.0337006,0.250592,75.9259,24.0741
10,7,0.146567,0.0306114,0,0,100
10,8,0.0870445,0.0233461,0.446176,83.908,16.092
10,9,0.128666,0.0312485,0.27504,44.5545,55.4455
10,10,0.128118,0.0332675,0.226144,43.0233,56.9767
10,11,0.127304,0.0320711,0.226144,41.573,58.427
10,12,0.126844,0.0373022,0.250592,47.6744,52.3256
10,13,0.101357,0.0275849,0.537856,71.5447,28.4553
10,14,0.0800593,0.0220219,0.354496,82.8571,17.1429
10,15,0.00365158,0.000295569,0.48896,100,0
10,16,0.00662358,0.00143701,0.48896,100,0
10,17,0.064529,0.0197041,0.3056,78.125,21.875
10,18,0.0356543,0.0121593,0.385056,84,16
10,19,0.123277,0.0292646,0.433952,81.6092,18.3908
10,20,0.00993661,0.00313779,0.507296,95.4023,4.5977
10,21,0.0473798,0.0118793,0.48896,100,0
10,22,0.0971372,0.0230176,0.24448,75.4717,24.5283
10,23,0.11777,0.0293323,0.27504,70.3125,29.6875
10,24,0.146248,0.0412566,0.097792,17.3913,82.6087
10,25,0.0855288,0.024565,0.470624,97.4684,2.53165
10,26,0.128325,0.0299266,0.415616,62.3853,37.6147
10,27,0.00368489,0.000275198,0.64176,100,0
10,28,0.0348512,0.0101886,0.51952,92.3913,7.6087
10,29,0.117161,0.0283726,0.293376,66.6667,33.3333
10,30,0.139172,0.0317636,0.287264,65.2778,34.7222
10,31,0.110269,0.0259936,0.42784,78.6517,21.3483
10,32,0.128405,0.0312513,0.348384,59.375,40.625
10,33,0.13593,0.0341118,0.262816,50,50
10,34,0.111718,0.033329,0.220032,62.069,37.931
10,35,0.146344,0.0327557,0.146688,33.8028,66.1972
10,36,0.117646,0.0283586,0.354496,73.4177,26.5823
10,37,0.145573,0.0341495,0.207808,40.4762,59.5238
10,38,0.109661,0.0310825,0.33616,57.8947,42.1053
10,39,0.03648,0.0103078,0.482848,96.3415,3.65854
10,40,0.0812236,0.0252651,0.311712,68,32
10,41,0.131769,0.0298838,0.311712,59.3023,40.6977
10,42,0.116062,0.0257592,0.391168,60.9524,39.0476
10,43,0.111499,0.0287947,0.317824,83.871,16.129
10,44,0.11806,0.0301578,0.299488,59.7561,40.2439
10,45,0.00363565,0.000182927,0.525632,100,0
10,46,0.111538,0.0249113,0.33616,67.9012,32.0988
10,47,0.0568949,0.016387,0.33616,84.6154,15.3846
10,48,0.0930902,0.0240467,0.409504,81.7073,18.2927
10,49,0.133699,0.0331033,0.220032,52.9412,47.0588
12,0,0.00366185,0.000179533,0.525632,100,0
12,1,0.133436,0.0311841,0.378944,62,38
12,2,0.123362,0.0302423,0.372832,67.033,32.967
12,3,0.132384,0.0333205,0.189472,35.2273,64.7727
12,4,0.134807,0.0350703,0.238368,49.3671,50.6329
12,5,0.13079,0.0309021,0.348384,63.3333,36.6667
12,6,0.122074,0.0328669,0.385056,68.4783,31.5217
12,7,0.146567,0.0306114,0,0,100
12,8,0.0830077,0.0229426,0.531744,90.625,9.375
12,9,0.128002,0.0311153,0.268928,73.3333,26.6667
12,10,0.131927,0.0335065,0.281152,58.9744,41.0256
12,11,0.128092,0.0317606,0.268928,50,50
12,12,0.130923,0.0358105,0.27504,49.4505,50.5495
12,13,0.103218,0.0276065,0.440064,80.8989,19.1011
12,14,0.0788872,0.0218364,0.391168,84.2105,15.7895
12,15,0.00366609,0.000275722,0.55008,100,0
12,16,0.00597565,0.0011697,0.513408,100,0
12,17,0.0699272,0.0209808,0.391168,84.2105,15.7895
12,18,0.0337496,0.0115579,0.470624,96.25,3.75
12,19,0.120099,0.0290352,0.299488,68.0556,31.9444
12,20,0.0129238,0.00374841,0.592864,96.0396,3.9604
12,21,0.0399308,0.0102787,0.51952,97.7011,2.29885
12,22,0.100181,0.0234429,0.372832,78.2051,21.7949
12,23,0.113603,0.0284535,0.48896,73.3945,26.6055
12,24,0.14673,0.0382772,0.097792,25,75
12,25,0.0793884,0.0239274,0.421728,86.25,13.75
12,26,0.125408,0.0301145,0.268928,81.4815,18.5185
12,27,0.00466522,0.000728999,0.537856,98.8764,1.1236
12,28,0.0334226,0.0108319,0.513408,100,0
12,29,0.114788,0.0291716,0.403392,69.4737,30.5263
12,30,0.137949,0.0302923,0.293376,51.6129,48.3871
12,31,0.111204,0.0271542,0.360608,71.9512,28.0488
12,32,0.128659,0.0314051,0.268928,56.4103,43.5897
12,33,0.135496,0.0343797,0.21392,46.0526,53.9474
12,34,0.111438,0.0324193,0.403392,76.7442,23.2558
12,35,0.138412,0.0305032,0.287264,52.809,47.191
12,36,0.115466,0.0298292,0.262816,71.6667,28.3333
12,37,0.145111,0.0345639,0.268928,51.1628,48.8372
12,38,0.116865,0.0305119,0.385056,67.7419,32.2581
12,39,0.0333268,0.00922151,0.598976,97.0297,2.9703
12,40,0.084506,0.0266016,0.378944,75.6098,24.3902
12,41,0.132477,0.0312276,0.238368,45.8824,54.1176
12,42,0.115705,0.0255944,0.452288,79.5699,20.4301
12,43,0.108781,0.0274463,0.42784,83.3333,16.6667
12,44,0.117318,0.028792,0.39728,63.7255,36.2745
12,45,0.00365133,0.000162069,0.51952,100,0
12,46,0.103541,0.0239586,0.537856,86.2745,13.7255
12,47,0.0518067,0.0160743,0.470624,93.9024,6.09756
12,48,0.0992035,0.0252596,0.421728,72.6316,27.3684
12,49,0.13496,0.0323726,0.287264,47.9592,52.0408
14,0,0.00369658,0.000181159,0.513408,100,0
14,1,0.132709,0.0319086,0.299488,61.25,38.75
14,2,0.126067,0.0299869,0.342272,74.6667,25.3333
14,3,0.133484,0.0330224,0.220032,36.3636,63.6364
14,4,0.137222,0.0345207,0.311712,57.3034,42.6966
14,5,0.1306,0.0315921,0.238368,56.5217,43.4783
14,6,0.123114,0.0326871,0.323936,63.8554,36.1446
14,7,0.148179,0.0288944,0.018336,3.44828,96.5517
14,8,0.0775012,0.0211103,0.51952,89.4737,10.5263
14,9,0.129067,0.0314267,0.299488,60.4938,39.5062
14,10,0.132471,0.0333891,0.18336,36.1446,63.8554
14,11,0.128924,0.0319206,0.146688,38.7097,61.2903
14,12,0.131385,0.0349149,0.311712,59.3023,40.6977
14,13,0.108024,0.0281232,0.403392,68.0412,31.9588
14,14,0.0757742,0.0213235,0.385056,100,0
14,15,0.00366312,0.000256778,0.556192,100,0
14,16,0.00650394,0.00140368,0.556192,97.8495,2.15054
14,17,0.0737318,0.0218224,0.317824,78.7879,21.2121
14,18,0.0371423,0.0128431,0.4584,90.3614,9.63855
14,19,0.125295,0.0293819,0.391168,71.9101,28.0899
14,20,0.0144224,0.00431652,0.464512,96.2025,3.79747
14,21,0.0377582,0.00963492,0.385056,95.4545,4.54545
14,22,0.0975338,0.024125,0.446176,86.9048,13.0952
14,23,0.110358,0.027904,0.354496,92.0635,7.93651
14,24,0.144453,0.0386329,0.140576,27.7108,72.2892
14,25,0.073056,0.0222372,0.385056,79.7468,20.2532
14,26,0.126721,0.0302122,0.287264,63.5135,36.4865
14,27,0.00543477,0.0010527,0.409504,98.5294,1.47059
14,28,0.0301757,0.00972069,0.409504,93.0556,6.94444
14,29,0.115559,0.0287129,0.372832,70.1149,29.8851
14,30,0.138393,0.0306181,0.317824,53.6082,46.3918
14,31,0.112148,0.0279451,0.3056,60.241,39.759
14,32,0.128624,0.0323493,0.24448,55.5556,44.4444
14,33,0.135649,0.0349284,0.354496,58.5859,41.4141
14,34,0.115824,0.0307025,0.415616,76.4045,23.5955
14,35,0.136253,0.0306812,0.226144,37.3737,62.6263
14,36,0.111395,0.0282171,0.403392,85.7143,14.2857
14,37,0.142127,0.0351264,0.207808,41.4634,58.5366
14,38,0.115235,0.0297019,0.415616,86.0759,13.9241
14,39,0.0329653,0.00928356,0.6112,95.2381,4.7619
14,40,0.0863369,0.0259963,0.42784,89.7436,10.2564
14,41,0.135627,0.0309154,0.311712,58.6207,41.3793
14,42,0.111912,0.0245561,0.42784,86.4198,13.5802
14,43,0.103822,0.0269995,0.42784,70.7071,29.2929
14,44,0.1194,0.0289438,0.433952,71,29
14,45,0.00362044,0.000150128,0.440064,100,0
14,46,0.096889,0.0232431,0.409504,85.8974,14.1026
14,47,0.0577977,0.0172487,0.470624,71.2963,28.7037
14,48,0.101332,0.026641,0.256704,60,40
14,49,0.137595,0.0316803,0.372832,58.6538,41.3462
16,0,0.00447592,0.000543235,0.629536,99.0385,0.961538
16,1,0.135339,0.0319955,0.281152,53.4884,46.5116
16,2,0.125612,0.0296653,0.281152,63.8889,36.1111
16,3,0.134204,0.0326011,0.024448,6.55738,93.4426
16,4,0.139099,0.0330221,0.330048,49.5413,50.4587
16,5,0.131532,0.0313075,0.18336,46.1538,53.8462
16,6,0.125375,0.0324533,0.360608,67.0455,32.9545
16,7,0.156088,0.0278204,0.055008,7.5,92.5
16,8,0.0747692,0.0207436,0.440064,85.7143,14.2857
16,9,0.129134,0.0304018,0.403392,70.9677,29.0323
16,10,0.133905,0.0336517,0.250592,46.0674,53.9326
16,11,0.12929,0.031677,0.268928,51.1628,48.8372
16,12,0.129005,0.0345298,0.287264,54.023,45.977
16,13,0.109399,0.0275207,0.415616,68.6869,31.3131
16,14,0.0777244,0.0217969,0.311712,80.9524,19.0476
16,15,0.00847706,0.00148104,0.482848,94.0476,5.95238
16,16,0.00610091,0.00123788,0.51952,100,0
16,17,0.0744254,0.0215934,0.421728,81.1765,18.8235
16,18,0.0373595,0.0128684,0.64176,91.3043,8.69565
16,19,0.123526,0.0298671,0.33616,63.9535,36.0465
16,20,0.0175318,0.0052538,0.482848,95.1807,4.81928
16,21,0.0346869,0.00924252,0.4584,97.4026,2.5974
16,22,0.0976437,0.0243372,0.311712,64.557,35.443
16,23,0.111563,0.0279128,0.501184,77.3585,22.6415
16,24,0.143614,0.0372233,0.1528,33.3333,66.6667
16,25,0.076357,0.0217538,0.543968,94.6809,5.31915
16,26,0.125217,0.0297256,0.360608,62.1053,37.8947
16,27,0.00520218,0.000952356,0.464512,98.7013,1.2987
16,28,0.030542,0.0101844,0.446176,97.3333,2.66667
16,29,0.116615,0.0287798,0.342272,57.732,42.268
16,30,0.134535,0.0309763,0.299488,59.0361,40.9639
16,31,0.11173,0.0282256,0.372832,74.3902,25.6098
16,32,0.129225,0.0318911,0.360608,55.6604,44.3396
16,33,0.133807,0.0344497,0.323936,59.5506,40.4494
16,34,0.115721,0.0303963,0.470624,77,23
16,35,0.132882,0.0323201,0.220032,50.7042,49.2958
16,36,0.113799,0.0283081,0.293376,68.5714,31.4286
16,37,0.139091,0.0350948,0.268928,41.5094,58.4906
16,38,0.11314,0.0291637,0.433952,81.6092,18.3908
16,39,0.0287032,0.00793463,0.51952,100,0
16,40,0.0907,0.0272498,0.287264,68.1159,31.8841
16,41,0.134134,0.0313535,0.220032,72,28
16,42,0.109801,0.024501,0.36672,67.4157,32.5843
16,43,0.108662,0.0269506,0.470624,83.6957,16.3043
16,44,0.119441,0.0295552,0.36672,65.2174,34.7826
16,45,0.00361929,0.000177273,0.501184,100,0
16,46,0.092409,0.0235774,0.385056,82.8947,17.1053
16,47,0.0643113,0.0183846,0.476736,92.8571,7.14286
16,48,0.105924,0.0277116,0.330048,62.7907,37.2093
16,49,0.134601,0.0305916,0.3056,64.1026,35.8974
18,0,0.00575538,0.00108593,0.48896,97.561,2.43902
18,1,0.133006,0.0321038,0.391168,62.7451,37.2549
18,2,0.124912,0.0305491,0.3056,52.0833,47.9167
18,3,0.134892,0.0324953,0.103904,19.3182,80.6818
18,4,0.137394,0.0333241,0.21392,39.7727,60.2273
18,5,0.130463,0.0314193,0.24448,53.3333,46.6667
18,6,0.127759,0.0324664,0.299488,51.5789,48.4211
18,7,0.156288,0.0284231,0.03056,5.31915,94.6809
18,8,0.0723787,0.020297,0.39728,80.2469,19.7531
18,9,0.126878,0.0307626,0.18336,66.6667,33.3333
18,10,0.134415,0.033566,0.189472,37.3494,62.6506
18,11,0.125323,0.0310934,0.323936,55.7895,44.2105
18,12,0.129905,0.034275,0.348384,58.7629,41.2371
18,13,0.109187,0.0281766,0.348384,62.6374,37.3626
18,14,0.0759194,0.0214617,0.470624,88.5057,11.4943
18,15,0.00853537,0.00159396,0.525632,100,0
18,16,0.00794799,0.00195893,0.470624,96.25,3.75
18,17,0.0781836,0.0226193,0.403392,79.5181,20.4819
18,18,0.0383651,0.0133519,0.323936,91.3793,8.62069
18,19,0.119526,0.0291452,0.372832,85.9155,14.0845
18,20,0.0212233,0.00639519,0.391168,90.1408,9.85915
18,21,0.0319493,0.00881572,0.446176,97.3333,2.66667
18,22,0.100391,0.0245443,0.323936,86.8852,13.1148
18,23,0.112264,0.0276653,0.440064,80,20
18,24,0.141201,0.0372384,0.18336,41.0959,58.9041
18,25,0.0777872,0.0229454,0.354496,76.3158,23.6842
18,26,0.123647,0.0299013,0.311712,71.831,28.169
18,27,0.0144005,0.00360299,0.507296,87.3684,12.6316
18,28,0.0310982,0.0106266,0.299488,81.6667,18.3333
18,29,0.119072,0.0290093,0.348384,74.026,25.974
18,30,0.134087,0.031963,0.281152,58.9744,41.0256
18,31,0.113148,0.0284236,0.372832,69.3182,30.6818
18,32,0.130327,0.0310156,0.342272,59.5745,40.4255
18,33,0.134166,0.0350844,0.287264,51.6484,48.3516
18,34,0.115321,0.0297912,0.39728,79.2683,20.7317
18,35,0.135135,0.0317303,0.250592,48.2353,51.7647
18,36,0.114509,0.0288325,0.256704,56.7568,43.2432
18,37,0.139364,0.034867,0.330048,55.102,44.898
18,38,0.107476,0.0278632,0.39728,86.6667,13.3333
18,39,0.0300932,0.00846221,0.531744,87,13
18,40,0.0943275,0.0274713,0.360608,64.1304,35.8696
18,41,0.133684,0.0313308,0.226144,46.25,53.75
18,42,0.107518,0.0246231,0.391168,80,20
18,43,0.11017,0.0273517,0.4584,74.2574,25.7426
18,44,0.122256,0.0296621,0.311712,57.3034,42.6966
18,45,0.00427364,0.000474054,0.605088,99,1
18,46,0.0872079,0.0229401,0.562304,86.7925,13.2075
18,47,0.0670655,0.0190061,0.403392,80.4878,19.5122
18,48,0.108633,0.0281035,0.3056,60.241,39.759
18,49,0.135652,0.0304363,0.299488,56.3218,43.6782
20,0,0.00683123,0.00153461,0.403392,97.0588,2.94118
20,1,0.132813,0.0320016,0.354496,69.0476,30.9524
20,2,0.125205,0.0309884,0.232256,65.5172,34.4828
20,3,0.134758,0.0326551,0.128352,20.5882,79.4118
20,4,0.135706,0.0327734,0.342272,61.5385,38.4615
20,5,0.130644,0.0321948,0.268928,60.274,39.726
20,6,0.127823,0.0327334,0.293376,64,36
20,7,0.15545,0.0290592,0.024448,4.44444,95.5556
20,8,0.0708295,0.0200894,0.42784,97.2222,2.77778
20,9,0.126802,0.0304733,0.33616,57.8947,42.1053
20,10,0.133357,0.03358,0.238368,54.1667,45.8333
20,11,0.124924,0.0308356,0.268928,58.6667,41.3333
20,12,0.1291,0.0331555,0.372832,67.7778,32.2222
20,13,0.109634,0.0284505,0.372832,77.2152,22.7848
20,14,0.0691209,0.0193024,0.537856,93.617,6.38298
20,15,0.00813586,0.00147295,0.372832,100,0
20,16,0.008748,0.0023023,0.317824,82.5397,17.4603
20,17,0.0804511,0.0226086,0.250592,60.2941,39.7059
20,18,0.0399199,0.0132601,0.39728,78.3133,21.6867
20,19,0.115782,0.0286775,0.464512,69.7248,30.2752
20,20,0.0263944,0.0075825,0.482848,86.8132,13.1868
20,21,0.034911,0.00982055,0.556192,91,9
20,22,0.103074,0.0253821,0.348384,67.8571,32.1429
20,23,0.111838,0.0282634,0.36672,68.9655,31.0345
20,24,0.139941,0.0357314,0.128352,38.1818,61.8182
20,25,0.0796371,0.0232027,0.372832,71.7647,28.2353
20,26,0.125279,0.0303903,0.317824,53.0612,46.9388
20,27,0.0172548,0.00464656,0.268928,78.5714,21.4286
20,28,0.0327378,0.0110448,0.440064,83.7209,16.2791
20,29,0.12086,0.0294059,0.293376,52.1739,47.8261
20,30,0.135261,0.0317752,0.311712,55.4348,44.5652
20,31,0.11575,0.0283758,0.287264,69.1176,30.8824
20,32,0.129392,0.0311862,0.27504,64.2857,35.7143
20,33,0.135011,0.0342482,0.287264,55.2941,44.7059
20,34,0.113333,0.0286054,0.421728,77.5281,22.4719
20,35,0.134134,0.0327598,0.281152,41.0714,58.9286
20,36,0.11637,0.0288368,0.42784,66.6667,33.3333
20,37,0.140162,0.0355171,0.24448,52.6316,47.3684
20,38,0.108097,0.0281338,0.299488,71.0145,28.9855
20,39,0.0298439,0.00863513,0.452288,100,0
20,40,0.0960125,0.0279103,0.323936,61.6279,38.3721
20,41,0.133194,0.032318,0.250592,43.1579,56.8421
20,42,0.108465,0.0246018,0.562304,86.7925,13.2075
20,43,0.109911,0.027319,0.348384,78.0822,21.9178
20,44,0.121871,0.0292676,0.421728,78.4091,21.5909
20,45,0.00558401,0.000979205,0.4584,96.1538,3.84615
20,46,0.0783935,0.0209064,0.48896,96.3855,3.61446
20,47,0.0695341,0.0194616,0.42784,71.4286,28.5714
20,48,0.109635,0.0276828,0.391168,79.0123,20.9877
20,49,0.135699,0.0302936,0.262816,58.9041,41.0959
22,0,0.00720409,0.00192384,0.452288,97.3684,2.63158
22,1,0.133754,0.0319086,0.360608,58.4158,41.5842
22,2,0.125734,0.0312976,0.262816,63.2353,36.7647
22,3,0.134869,0.0344553,0.128352,35,65
22,4,0.134371,0.0330721,0.268928,53.012,46.988
22,5,0.129591,0.031651,0.385056,66.3158,33.6842
22,6,0.128126,0.0326977,0.24448,65.5738,34.4262
22,7,0.154672,0.0313552,0.055008,10.1124,89.8876
22,8,0.066984,0.0198841,0.501184,90.1099,9.89011
22,9,0.127246,0.0312242,0.24448,58.8235,41.1765
22,10,0.13134,0.0332811,0.293376,47.5248,52.4752
22,11,0.124559,0.0305393,0.33616,75.3425,24.6575
22,12,0.129395,0.0334369,0.256704,62.6866,37.3134
22,13,0.10991,0.0285074,0.330048,60,40
22,14,0.0634907,0.0177906,0.452288,98.6667,1.33333
22,15,0.00758897,0.00132617,0.568416,100,0
22,16,0.0105031,0.0028582,0.513408,100,0
22,17,0.085557,0.0230332,0.360608,70.2381,29.7619
22,18,0.04274,0.0138712,0.354496,98.3051,1.69492
22,19,0.114852,0.0279348,0.33616,87.3016,12.6984
22,20,0.0305117,0.0088376,0.531744,86.1386,13.8614
22,21,0.036564,0.0102717,0.55008,86.5385,13.4615
22,22,0.104251,0.0252432,0.348384,76,24
22,23,0.107573,0.0278996,0.525632,86,14
22,24,0.138533,0.0351287,0.27504,49.4505,50.5495
22,25,0.0788569,0.0226963,0.446176,98.6486,1.35135
22,26,0.123686,0.0306863,0.311712,76.1194,23.8806
22,27,0.0240604,0.00655092,0.378944,75.6098,24.3902
22,28,0.0371205,0.0121918,0.360608,100,0
22,29,0.122422,0.0296176,0.323936,64.6341,35.3659
22,30,0.135603,0.031477,0.317824,74.2857,25.7143
22,31,0.116794,0.0281929,0.330048,64.2857,35.7143
22,32,0.129885,0.0303317,0.415616,70.1031,29.8969
22,33,0.134663,0.0337117,0.177248,46.0317,53.9683
22,34,0.110466,0.0279828,0.470624,88.5057,11.4943
22,35,0.134388,0.0323206,0.27504,56.962,43.038
22,36,0.116902,0.0293256,0.348384,57.5758,42.4242
22,37,0.139628,0.0357405,0.226144,52.1127,47.8873
22,38,0.10637,0.0278123,0.440064,69.9029,30.0971
22,39,0.0299543,0.00891123,0.51952,94.4444,5.55556
22,40,0.098069,0.0278568,0.391168,86.4865,13.5135
22,41,0.13461,0.0333585,0.262816,55.8442,44.1558
22,42,0.109253,0.0245267,0.342272,73.6842,26.3158
22,43,0.110337,0.0271457,0.385056,76.8293,23.1707
22,44,0.123103,0.0296258,0.299488,58.3333,41.6667
22,45,0.0103783,0.0026232,0.48896,85.1064,14.8936
22,46,0.0730022,0.0195932,0.421728,94.5205,5.47945
22,47,0.0732028,0.0200468,0.421728,81.1765,18.8235
22,48,0.111774,0.027568,0.262816,58.9041,41.0959
22,49,0.136703,0.0304525,0.323936,50,50
24,0,0.0114799,0.00323398,0.403392,86.8421,13.1579
24,1,0.132987,0.0318885,0.238368,68.4211,31.5789
24,2,0.125952,0.0312836,0.299488,60.4938,39.5062
24,3,0.135057,0.0350626,0.256704,38.8889,61.1111
24,4,0.133775,0.0331779,0.372832,60.396,39.604
24,5,0.129285,0.0316126,0.391168,53.7815,46.2185
24,6,0.128271,0.032369,0.201696,37.931,62.069
24,7,0.151984,0.0286066,0.048896,13.1148,86.8852
24,8,0.0636012,0.0190225,0.440064,94.7368,5.26316
24,9,0.128662,0.0313118,0.238368,53.4247,46.5753
24,10,0.131259,0.0328536,0.189472,48.4375,51.5625
24,11,0.125851,0.0304941,0.385056,60,40
24,12,0.130371,0.0329938,0.3056,57.4713,42.5287
24,13,0.111166,0.028815,0.348384,75,25
24,14,0.059376,0.0168891,0.446176,96.0526,3.94737
24,15,0.00711201,0.0011925,0.623424,100,0
24,16,0.0138894,0.00405566,0.433952,94.6667,5.33333
24,17,0.0914242,0.0236485,0.348384,63.3333,36.6667
24,18,0.0463983,0.0147333,0.360608,72.8395,27.1605
24,19,0.114057,0.0281487,0.3056,73.5294,26.4706
24,20,0.0362092,0.0105153,0.403392,69.4737,30.5263
24,21,0.0359297,0.0102959,0.354496,89.2308,10.7692
24,22,0.105718,0.0252663,0.342272,66.6667,33.3333
24,23,0.107581,0.0275495,0.354496,78.3784,21.6216
24,24,0.139154,0.0354676,0.177248,29,71
24,25,0.0777209,0.0223267,0.39728,80.2469,19.7531
24,26,0.122899,0.0306003,0.342272,65.1163,34.8837
24,27,0.0274574,0.00760494,0.42784,95.8904,4.10959
24,28,0.0410827,0.0131533,0.403392,76.7442,23.2558
24,29,0.123265,0.0294052,0.385056,71.5909,28.4091
24,30,0.135594,0.0320154,0.238368,51.3158,48.6842
24,31,0.117554,0.0285943,0.360608,62.1053,37.8947
24,32,0.128581,0.0301143,0.262816,68.254,31.746
24,33,0.134788,0.033511,0.3056,62.5,37.5
24,34,0.105093,0.0272063,0.36672,76.9231,23.0769
24,35,0.134422,0.0318577,0.146688,31.1688,68.8312
24,36,0.118011,0.029619,0.287264,56.6265,43.3735
24,37,0.139639,0.0351598,0.287264,53.4091,46.5909
24,38,0.103057,0.0273121,0.507296,98.8095,1.19048
24,39,0.0286542,0.00864139,0.446176,97.3333,2.66667
24,40,0.0964578,0.0275521,0.281152,64.7887,35.2113
24,41,0.135439,0.0331243,0.250592,47.6744,52.3256
24,42,0.10634,0.0241153,0.421728,88.4615,11.5385
24,43,0.111834,0.0271852,0.281152,62.1622,37.8378
24,44,0.124043,0.0298481,0.348384,68.6747,31.3253
24,45,0.0152805,0.00452807,0.440064,76.5957,23.4043
24,46,0.0708098,0.0196966,0.4584,87.2093,12.7907
24,47,0.0752341,0.0204791,0.446176,76.8421,23.1579
24,48,0.113925,0.0281795,0.378944,63.2653,36.7347
24,49,0.137772,0.0307833,0.311712,53.125,46.875
26,0,0.0168925,0.00447396,0.495072,87.0968,12.9032
26,1,0.132885,0.0319182,0.299488,60.4938,39.5062
26,2,0.124239,0.0313156,0.415616,66.6667,33.3333
26,3,0.135434,0.0351693,0.12224,29.4118,70.5882
26,4,0.132991,0.0331872,0.348384,68.6747,31.3253
26,5,0.129678,0.0317543,0.146688,51.0638,48.9362
26,6,0.129135,0.0322425,0.232256,38.3838,61.6162
26,7,0.15091,0.0305734,0.042784,8.75,91.25
26,8,0.059369,0.0176958,0.6112,94.3396,5.66038
26,9,0.127172,0.0312966,0.3056,54.3478,45.6522
26,10,0.130146,0.0326927,0.24448,48.1928,51.8072
26,11,0.126249,0.0304289,0.378944,70.4545,29.5455
26,12,0.130761,0.0328721,0.281152,56.0976,43.9024
26,13,0.112369,0.0287582,0.317824,70.2703,29.7297
26,14,0.0569633,0.016249,0.385056,95.4545,4.54545
26,15,0.0068231,0.00109993,0.537856,100,0
26,16,0.0173783,0.00525568,0.440064,90,10
26,17,0.0930034,0.0247406,0.33616,52.381,47.619
26,18,0.0475594,0.015105,0.360608,100,0
26,19,0.113581,0.0279453,0.421728,78.4091,21.5909
26,20,0.041204,0.0116273,0.440064,79.1209,20.8791
26,21,0.0370423,0.0111826,0.513408,97.6744,2.32558
26,22,0.109433,0.025634,0.348384,57,43
26,23,0.105026,0.0270993,0.48896,84.2105,15.7895
26,24,0.138519,0.0360393,0.12224,38.4615,61.5385
26,25,0.0760529,0.022482,0.482848,94.0476,5.95238
26,26,0.121768,0.0309835,0.317824,64.1975,35.8025
26,27,0.0335895,0.00883961,0.403392,74.1573,25.8427
26,28,0.0441953,0.0134963,0.513408,91.3043,8.69565
26,29,0.123771,0.0297481,0.238368,60.9375,39.0625
26,30,0.136389,0.0318799,0.311712,62.963,37.037
26,31,0.118758,0.0285354,0.27504,68.1818,31.8182
26,32,0.129164,0.0298261,0.403392,66,34
26,33,0.133,0.0336339,0.27504,54.878,45.122
26,34,0.106372,0.0274688,0.391168,75.2941,24.7059
26,35,0.134673,0.0324233,0.226144,40.2174,59.7826
26,36,0.119457,0.0296291,0.42784,66.6667,33.3333
26,37,0.139379,0.0350334,0.3056,61.7284,38.2716
26,38,0.104048,0.0275985,0.268928,65.6716,34.3284
26,39,0.0290588,0.0085111,0.562304,94.8454,5.15464
26,40,0.0979835,0.0279744,0.372832,67.033,32.967
26,41,0.135072,0.03319,0.299488,61.25,38.75
26,42,0.105737,0.0239018,0.36672,86.9565,13.0435
26,43,0.112563,0.027317,0.33616,72.3684,27.6316
26,44,0.125388,0.0302517,0.27504,54.878,45.122
26,45,0.0209239,0.00593777,0.385056,79.7468,20.2532
26,46,0.0716754,0.0199118,0.482848,83.1579,16.8421
26,47,0.0771664,0.0208036,0.33616,70.5128,29.4872
26,48,0.114772,0.029006,0.378944,62.6263,37.3737
26,49,0.136969,0.0306659,0.348384,53.7736,46.2264
28,0,0.0210599,0.00576574,0.513408,87.5,12.5
28,1,0.132775,0.0319562,0.238368,55.7143,44.2857
28,2,0.125615,0.0310123,0.342272,58.3333,41.6667
28,3,0.136717,0.0351279,0.226144,48.0519,51.9481
28,4,0.133182,0.0332663,0.3056,64.9351,35.0649
28,5,0.129297,0.0321969,0.262816,46.2366,53.7634
28,6,0.129417,0.0323436,0.262816,47.2527,52.7473
28,7,0.151641,0.0315421,0.012224,3.22581,96.7742
28,8,0.059287,0.0176833,0.354496,89.2308,10.7692
28,9,0.127861,0.0314047,0.385056,70.7865,29.2135
28,10,0.130596,0.0326179,0.177248,32.2222,67.7778
28,11,0.128184,0.0305551,0.342272,58.3333,41.6667
28,12,0.13051,0.0323421,0.262816,76.7857,23.2143
28,13,0.114389,0.0290668,0.354496,59.1837,40.8163
28,14,0.0527885,0.0150573,0.470624,98.7179,1.28205
28,15,0.00656208,0.00101874,0.525632,100,0
28,16,0.0221713,0.00624603,0.507296,88.2979,11.7021
28,17,0.0963447,0.0252023,0.323936,61.6279,38.3721
28,18,0.0474796,0.0151995,0.476736,91.7647,8.23529
28,19,0.112518,0.0275883,0.403392,78.5714,21.4286
28,20,0.0434393,0.0123162,0.378944,74.6988,25.3012
28,21,0.0406037,0.0124219,0.495072,84.375,15.625
28,22,0.11128,0.0263188,0.268928,54.321,45.679
28,23,0.103292,0.0268384,0.470624,82.7957,17.2043
28,24,0.137733,0.0367488,0.140576,26.1364,73.8636
28,25,0.0769568,0.0224099,0.360608,68.6047,31.3953
28,26,0.120655,0.0310082,0.385056,72.4138,27.5862
28,27,0.0388365,0.0101459,0.360608,72.8395,27.1605
28,28,0.0474432,0.0146198,0.446176,70.1923,29.8077
28,29,0.123611,0.0299157,0.24448,57.971,42.029
28,30,0.13561,0.0319248,0.36672,60,40
28,31,0.1178,0.028577,0.18336,52.6316,47.3684
28,32,0.130183,0.0299358,0.311712,59.3023,40.6977
28,33,0.132187,0.0336396,0.24448,51.2821,48.7179
28,34,0.104385,0.0270885,0.317824,82.5397,17.4603
28,35,0.135012,0.0322978,0.262816,46.7391,53.2609
28,36,0.12081,0.0301294,0.256704,49.4118,50.5882
28,37,0.138821,0.0343628,0.36672,61.8557,38.1443
28,38,0.105896,0.0276844,0.348384,64.0449,35.9551
28,39,0.0303859,0.00888607,0.403392,91.6667,8.33333
28,40,0.102416,0.0281259,0.433952,75.5319,24.4681
28,41,0.135481,0.0333746,0.287264,49.4737,50.5263
28,42,0.10331,0.0237951,0.507296,74.1071,25.8929
28,43,0.113991,0.0274402,0.42784,67.9612,32.0388
28,44,0.125509,0.0302955,0.24448,52.6316,47.3684
28,45,0.0259407,0.00698197,0.378944,78.481,21.519
28,46,0.0715375,0.020017,0.348384,82.6087,17.3913
28,47,0.0798313,0.0213388,0.348384,70.3704,29.6296
28,48,0.115472,0.029199,0.354496,64.4444,35.5556
28,49,0.1365,0.0308582,0.311712,59.3023,40.6977
30,0,0.0253078,0.00694499,0.452288,82.2222,17.7778
30,1,0.131395,0.0318425,0.281152,63.0137,36.9863
30,2,0.127032,0.03129,0.342272,65.8824,34.1176
30,3,0.13691,0.0350125,0.140576,33.8235,66.1765
30,4,0.133018,0.0329366,0.250592,49.3976,50.6024
30,5,0.128673,0.0324268,0.27504,58.4416,41.5584
30,6,0.128947,0.0320298,0.330048,61.3636,38.6364
30,7,0.151373,0.0327379,0.048896,11.9403,88.0597
30,8,0.0576955,0.0170535,0.537856,87.1287,12.8713
30,9,0.128841,0.0315836,0.287264,44.3396,55.6604
30,10,0.130694,0.0321697,0.177248,31.8681,68.1319
30,11,0.127618,0.030277,0.385056,73.2558,26.7442
30,12,0.129309,0.0321552,0.293376,68.5714,31.4286
30,13,0.115436,0.0290832,0.293376,69.5652,30.4348
30,14,0.0496554,0.0141596,0.42784,98.5915,1.40845
30,15,0.00639075,0.000964974,0.409504,100,0
30,16,0.0261438,0.00728967,0.342272,70,30
30,17,0.0980543,0.0259997,0.39728,70.6522,29.3478
30,18,0.0483404,0.0151878,0.4584,86.2069,13.7931
30,19,0.107864,0.0271767,0.39728,89.0411,10.9589
30,20,0.0478126,0.0133455,0.330048,71.0526,28.9474
30,21,0.0428539,0.0127369,0.501184,82.8283,17.1717
30,22,0.111013,0.0264037,0.201696,45.2055,54.7945
30,23,0.104104,0.0268472,0.342272,71.7949,28.2051
30,24,0.138543,0.0365578,0.134464,25.8824,74.1176
30,25,0.0786729,0.0225269,0.543968,86.4078,13.5922
30,26,0.120239,0.031058,0.348384,67.0588,32.9412
30,27,0.0435907,0.0113423,0.415616,65.3846,34.6154
30,28,0.0498058,0.0151972,0.342272,96.5517,3.44828
30,29,0.125069,0.0296202,0.311712,53.125,46.875
30,30,0.135744,0.0320038,0.232256,71.6981,28.3019
30,31,0.118373,0.0287649,0.299488,66.2162,33.7838
30,32,0.129566,0.0299463,0.24448,66.6667,33.3333
30,33,0.133192,0.0332586,0.27504,55.5556,44.4444
30,34,0.100537,0.0264872,0.617312,91.8182,8.18182
30,35,0.135825,0.0322838,0.21392,42.1687,57.8313
30,36,0.12187,0.0302422,0.323936,60.2273,39.7727
30,37,0.137363,0.0345666,0.281152,66.6667,33.3333
30,38,0.106076,0.0277964,0.360608,73.75,26.25
30,39,0.029157,0.0086463,0.470624,97.4684,2.53165
30,40,0.102882,0.0288519,0.311712,52.5773,47.4227
30,41,0.136043,0.0334069,0.165024,40.2985,59.7015
30,42,0.0982412,0.0229856,0.501184,100,0
30,43,0.114285,0.0279915,0.21392,62.5,37.5
30,44,0.125928,0.0299423,0.391168,68.0851,31.9149
30,45,0.0316098,0.00808031,0.562304,85.9813,14.0187
30,46,0.0699363,0.0195749,0.556192,89.2157,10.7843
30,47,0.0803566,0.021932,0.268928,61.1111,38.8889
30,48,0.116253,0.0296366,0.3056,64.9351,35.0649
30,49,0.137459,0.0309475,0.256704,61.7647,38.2353
32,0,0.0276829,0.007621,0.330048,78.2609,21.7391
32,1,0.130979,0.0319716,0.220032,52.1739,47.8261
32,2,0.128053,0.0313177,0.311712,55.4348,44.5652
32,3,0.136278,0.0354687,0.158912,30.2326,69.7674
32,4,0.133063,0.0330861,0.238368,57.3529,42.6471
32,5,0.128752,0.0325487,0.232256,54.2857,45.7143
32,6,0.129239,0.0318903,0.262816,46.2366,53.7634
32,7,0.15051,0.0328298,0.024448,9.30233,90.6977
32,8,0.0591775,0.0172596,0.513408,97.6744,2.32558
32,9,0.130043,0.0321066,0.27504,58.4416,41.5584
32,10,0.130202,0.0328113,0.21392,36.0825,63.9175
32,11,0.127586,0.0300783,0.3056,64.9351,35.0649
32,12,0.129349,0.0324222,0.348384,56.4356,43.5644
32,13,0.115522,0.0293627,0.3056,66.6667,33.3333
32,14,0.0457483,0.012974,0.537856,100,0
32,15,0.00614772,0.000915317,0.727328,99.1667,0.833333
32,16,0.03228,0.00872985,0.4584,83.3333,16.6667
32,17,0.0998449,0.0261221,0.256704,64.6154,35.3846
32,18,0.0489126,0.0154262,0.372832,95.3125,4.6875
32,19,0.108033,0.0272457,0.348384,71.25,28.75
32,20,0.0503929,0.0138224,0.232256,70.3704,29.6296
32,21,0.0452032,0.0131362,0.482848,86.8132,13.1868
32,22,0.109303,0.0261738,0.354496,98.3051,1.69492
32,23,0.104825,0.0267667,0.409504,62.6168,37.3832
32,24,0.138428,0.036761,0.1528,28.7356,71.2644
32,25,0.0789278,0.0225305,0.378944,81.5789,18.4211
32,26,0.120266,0.0310968,0.250592,55.4054,44.5946
32,27,0.0475788,0.0122634,0.342272,76.7123,23.2877
32,28,0.0522131,0.0159119,0.360608,79.7297,20.2703
32,29,0.125092,0.0295152,0.226144,47.4359,52.5641
32,30,0.135582,0.0318985,0.281152,61.3333,38.6667
32,31,0.118786,0.0291533,0.293376,56.4706,43.5294
32,32,0.130593,0.0300678,0.342272,55.4455,44.5545
32,33,0.133001,0.0331402,0.372832,77.2152,22.7848
32,34,0.0977958,0.0260525,0.476736,81.25,18.75
32,35,0.136771,0.0320968,0.262816,47.7778,52.2222
32,36,0.122723,0.0301629,0.323936,65.4321,34.5679
32,37,0.136289,0.0342728,0.323936,71.6216,28.3784
32,38,0.106134,0.0278195,0.360608,77.6316,22.3684
32,39,0.0278074,0.00827255,0.617312,98.0583,1.94175
32,40,0.1036,0.029519,0.317824,69.3333,30.6667
32,41,0.135992,0.0339112,0.268928,57.8947,42.1053
32,42,0.0938454,0.0221559,0.562304,92.9293,7.07071
32,43,0.115684,0.0279613,0.323936,65.4321,34.5679
32,44,0.125364,0.0301357,0.256704,60,40
32,45,0.0360442,0.0095364,0.403392,63.4615,36.5385
32,46,0.0704125,0.01931,0.525632,78.8991,21.1009
32,47,0.0810807,0.022116,0.220032,92.3077,7.69231
32,48,0.11665,0.0301533,0.220032,46.1538,53.8462
32,49,0.136602,0.0313298,0.385056,64.9485,35.0515
34,0,0.0305836,0.00835846,0.403392,75.8621,24.1379
34,1,0.130656,0.0320095,0.256704,41.1765,58.8235
34,2,0.128151,0.0314307,0.18336,44.7761,55.2239
34,3,0.136596,0.0358178,0.134464,34.375,65.625
34,4,0.131934,0.0328733,0.27504,53.5714,46.4286
34,5,0.128711,0.0325838,0.201696,51.5625,48.4375
34,6,0.128816,0.0322296,0.207808,53.125,46.875
34,7,0.151392,0.0332011,0.024448,7.69231,92.3077
34,8,0.0573582,0.0169993,0.525632,93.4783,6.52174
34,9,0.130115,0.032263,0.268928,52.381,47.619
34,10,0.130402,0.0325382,0.171136,30.4348,69.5652
34,11,0.12819,0.0303343,0.342272,57.1429,42.8571
34,12,0.129465,0.0324071,0.33616,74.3243,25.6757
34,13,0.115181,0.0294285,0.330048,69.2308,30.7692
34,14,0.0420243,0.01184,0.6112,100,0
34,15,0.0060044,0.000884766,0.513408,100,0
34,16,0.0342246,0.00949886,0.372832,70.9302,29.0698
34,17,0.100047,0.0261999,0.317824,68.4211,31.5789
34,18,0.0487914,0.0157278,0.574528,85.4545,14.5455
34,19,0.10812,0.0272589,0.39728,82.2785,17.7215
34,20,0.0536993,0.0145746,0.3056,67.5676,32.4324
34,21,0.0478693,0.0137302,0.317824,70.2703,29.7297
34,22,0.110233,0.0265459,0.470624,71.9626,28.0374
34,23,0.10592,0.0270234,0.330048,62.069,37.931
34,24,0.137858,0.036316,0.21392,39.3258,60.6742
34,25,0.07703,0.0221185,0.537856,97.7778,2.22222
34,26,0.121383,0.0305538,0.348384,64.7727,35.2273
34,27,0.0515076,0.0135217,0.36672,66.6667,33.3333
34,28,0.0537895,0.0163998,0.440064,79.1209,20.8791
34,29,0.125383,0.0295882,0.189472,34.0659,65.9341
34,30,0.13592,0.0321008,0.378944,56.3636,43.6364
34,31,0.120472,0.0291467,0.39728,69.8925,30.1075
34,32,0.131565,0.0300838,0.317824,61.1765,38.8235
34,33,0.131768,0.0329264,0.311712,65.3846,34.6154
34,34,0.0937936,0.0249449,0.48896,95.2381,4.7619
34,35,0.136343,0.0318891,0.299488,59.7561,40.2439
34,36,0.123096,0.0302915,0.27504,48.3871,51.6129
34,37,0.135373,0.0341728,0.360608,58.4158,41.5842
34,38,0.104839,0.027715,0.281152,71.875,28.125
34,39,0.0267407,0.00791299,0.354496,100,0
34,40,0.104852,0.0297981,0.287264,68.1159,31.8841
34,41,0.135994,0.0336332,0.268928,47.3118,52.6882
34,42,0.0882666,0.021043,0.513408,95.4545,4.54545
34,43,0.115783,0.0282518,0.342272,69.1358,30.8642
34,44,0.126326,0.0302839,0.311712,48.1132,51.8868
34,45,0.040575,0.0105171,0.42784,80.4598,19.5402
34,46,0.0703818,0.0191736,0.372832,100,0
34,47,0.0844622,0.0225464,0.470624,71.2963,28.7037
34,48,0.116783,0.0300401,0.256704,66.6667,33.3333
34,49,0.135443,0.0312324,0.287264,58.0247,41.9753
36,0,0.0337881,0.00903743,0.299488,90.7407,9.25926
36,1,0.130187,0.0319897,0.189472,65.9574,34.0426
36,2,0.127684,0.0317007,0.09168,46.875,53.125
36,3,0.137168,0.0356767,0.06112,29.4118,70.5882
36,4,0.13233,0.0327056,0.1528,80.6452,19.3548
36,5,0.129216,0.0323324,0.158912,50.9804,49.0196
36,6,0.129392,0.0322165,0.1528,69.4444,30.5556
36,7,0.148484,0.0329649,0.055008,17.6471,82.3529
36,8,0.0569709,0.0169009,0.256704,91.3043,8.69565
36,9,0.130803,0.0325891,0.165024,62.7907,37.2093
36,10,0.130245,0.0325249,0.048896,15.0943,84.9057
36,11,0.128557,0.0304747,0.189472,79.4872,20.5128
36,12,0.129518,0.0323177,0.116128,65.5172,34.4828
36,13,0.115084,0.0294264,0.146688,64.8649,35.1351
36,14,0.0409457,0.0115164,0.201696,100,0
36,15,0.0059079,0.000859713,0.299488,100,0
36,16,0.036561,0.00985494,0.226144,100,0
36,17,0.100855,0.0264195,0.134464,61.1111,38.8889
36,18,0.0486503,0.0158,0.293376,100,0
36,19,0.108066,0.0272877,0.226144,74,26
36,20,0.0542209,0.0147503,0.067232,61.1111,38.8889
36,21,0.0491903,0.0141413,0.201696,100,0
36,22,0.110088,0.0267366,0.177248,76.3158,23.6842
36,23,0.105069,0.0268471,0.3056,90.9091,9.09091
36,24,0.138146,0.0363243,0.110016,35.2941,64.7059
36,25,0.0768136,0.0221861,0.256704,84,16
36,26,0.122287,0.0304664,0.18336,81.0811,18.9189
36,27,0.0532414,0.0139431,0.238368,72.2222,27.7778
36,28,0.0542715,0.0164243,0.21392,97.2222,2.77778
36,29,0.125506,0.0294939,0.09168,42.8571,57.1429
36,30,0.136119,0.0319902,0.171136,87.5,12.5
36,31,0.12045,0.0292464,0.195584,65.3061,34.6939
36,32,0.130944,0.030267,0.195584,72.7273,27.2727
36,33,0.13233,0.0331435,0.128352,60,40
36,34,0.0936,0.0250464,0.171136,100,0
36,35,0.136241,0.0322168,0.085568,32.5581,67.4419
36,36,0.123292,0.0301737,0.110016,62.069,37.931
36,37,0.13498,0.0344759,0.128352,61.7647,38.2353
36,38,0.105194,0.0276695,0.201696,73.3333,26.6667
36,39,0.0264816,0.00792079,0.3056,96.1538,3.84615
36,40,0.105179,0.0298516,0.146688,54.5455,45.4545
36,41,0.135922,0.0335497,0.158912,56.5217,43.4783
36,42,0.0852649,0.0203734,0.262816,97.7273,2.27273
36,43,0.115864,0.0282195,0.207808,89.4737,10.5263
36,44,0.126804,0.0304429,0.140576,56.0976,43.9024
36,45,0.0424687,0.0111797,0.201696,70.2128,29.7872
36,46,0.0711552,0.0193676,0.189472,83.7838,16.2162
36,47,0.0855381,0.0227366,0.128352,67.7419,32.2581
36,48,0.11747,0.0301043,0.146688,51.0638,48.9362
36,49,0.13577,0.0314111,0.165024,71.0526,28.9474
38,0,0.0337881,0.00903743,0,0,0
38,1,0.130187,0.0319897,0,0,0
38,2,0.127684,0.0317007,0,0,0
38,3,0.137168,0.0356767,0,0,0
38,4,0.13233,0.0327056,0,0,0
38,5,0.129216,0.0323324,0,0,0
38,6,0.129392,0.0322165,0,0,0
38,7,0.148484,0.0329649,0,0,0
38,8,0.0569709,0.0169009,0,0,0
38,9,0.130803,0.0325891,0,0,0
38,10,0.130245,0.0325249,0,0,0
38,11,0.128557,0.0304747,0,0,0
38,12,0.129518,0.0323177,0,0,0
38,13,0.115084,0.0294264,0,0,0
38,14,0.0409457,0.0115164,0,0,0
38,15,0.0059079,0.000859713,0,0,0
38,16,0.036561,0.00985494,0,0,0
38,17,0.100855,0.0264195,0,0,0
38,18,0.0486503,0.0158,0,0,0
38,19,0.108066,0.0272877,0,0,0
38,20,0.0542209,0.0147503,0,0,0
38,21,0.0491903,0.0141413,0,0,0
38,22,0.110088,0.0267366,0,0,0
38,23,0.105069,0.0268471,0,0,0
38,24,0.138146,0.0363243,0,0,0
38,25,0.0768136,0.0221861,0,0,0
38,26,0.122287,0.0304664,0,0,0
38,27,0.0532414,0.0139431,0,0,0
38,28,0.0542715,0.0164243,0,0,0
38,29,0.125506,0.0294939,0,0,0
38,30,0.136119,0.0319902,0,0,0
38,31,0.12045,0.0292464,0,0,0
38,32,0.130944,0.030267,0,0,0
38,33,0.13233,0.0331435,0,0,0
38,34,0.0936,0.0250464,0,0,0
38,35,0.136241,0.0322168,0,0,0
38,36,0.123292,0.0301737,0,0,0
38,37,0.13498,0.0344759,0,0,0
38,38,0.105194,0.0276695,0,0,0
38,39,0.0264816,0.00792079,0,0,0
38,40,0.105179,0.0298516,0,0,0
38,41,0.135922,0.0335497,0,0,0
38,42,0.0852649,0.0203734,0,0,0
38,43,0.115864,0.0282195,0,0,0
38,44,0.126804,0.0304429,0,0,0
38,45,0.0424687,0.0111797,0,0,0
38,46,0.0711552,0.0193676,0,0,0
38,47,0.0855381,0.0227366,0,0,0
38,48,0.11747,0.0301043,0,0,0
38,49,0.13577,0.0314111,0,0,0
