Time,CellId,ServiceDlSnrDb,ServiceUlSnrDb,FeederDlSnrDb,FeederUlSnrDb,BackhaulDlSnrDb,BackhaulUlSnrDb,BackhaulHealthy
0.100000,6,11.225563,6.704963,17.043667,25.523068,11.225563,6.704963,1
0.100000,7,14.211684,9.691084,17.043667,25.523068,14.211684,9.691084,1
0.100000,8,12.799476,8.278876,17.043667,25.523068,12.799476,8.278876,1
0.100000,9,9.124872,4.604272,17.043667,25.523068,9.124872,4.604272,1
0.600000,6,14.092882,9.572283,17.440850,25.920250,14.092882,9.572283,1
0.600000,7,9.750279,5.229679,17.440850,25.920250,9.750279,5.229679,1
0.600000,8,9.414882,4.894282,17.440850,25.920250,9.414882,4.894282,1
0.600000,9,12.825653,8.305053,17.440850,25.920250,12.825653,8.305053,1
1.100000,6,13.827380,9.306780,18.395820,26.875221,13.827380,9.306780,1
1.100000,7,10.599710,6.079110,18.395820,26.875221,10.599710,6.079110,1
1.100000,8,12.770904,8.250304,18.395820,26.875221,12.770904,8.250304,1
1.100000,9,13.835715,9.315115,18.395820,26.875221,13.835715,9.315115,1
1.600000,6,9.041940,4.521340,16.589721,25.069121,9.041940,4.521340,1
1.600000,7,12.332564,7.811965,16.589721,25.069121,12.332564,7.811965,1
1.600000,8,13.174616,8.654016,16.589721,25.069121,13.174616,8.654016,1
1.600000,9,15.902442,11.381842,16.589721,25.069121,15.902442,11.381842,1
2.100000,6,14.263390,9.742791,17.252219,25.731619,14.263390,9.742791,1
2.100000,7,10.376873,5.856273,17.252219,25.731619,10.376873,5.856273,1
2.100000,8,11.868948,7.348348,17.252219,25.731619,11.868948,7.348348,1
2.100000,9,11.533111,7.012511,17.252219,25.731619,11.533111,7.012511,1
2.600000,6,12.710305,8.189705,19.692319,28.171719,12.710305,8.189705,1
2.600000,7,12.549020,8.028420,19.692319,28.171719,12.549020,8.028420,1
2.600000,8,12.028239,7.507639,19.692319,28.171719,12.028239,7.507639,1
2.600000,9,10.340213,5.819613,19.692319,28.171719,10.340213,5.819613,1
3.100000,6,10.944107,6.423507,19.137657,27.617057,10.944107,6.423507,1
3.100000,7,13.912596,9.391996,19.137657,27.617057,13.912596,9.391996,1
3.100000,8,13.363979,8.843379,19.137657,27.617057,13.363979,8.843379,1
3.100000,9,11.058870,6.538270,19.137657,27.617057,11.058870,6.538270,1
3.600000,6,12.288803,7.768203,19.343328,27.822728,12.288803,7.768203,1
3.600000,7,10.656992,6.136392,19.343328,27.822728,10.656992,6.136392,1
3.600000,8,10.415663,5.895063,19.343328,27.822728,10.415663,5.895063,1
3.600000,9,15.711330,11.190730,19.343328,27.822728,15.711330,11.190730,1
4.100000,6,12.973489,8.452889,17.433290,25.912690,12.973489,8.452889,1
4.100000,7,12.431815,7.911216,17.433290,25.912690,12.431815,7.911216,1
4.100000,8,11.808786,7.288186,17.433290,25.912690,11.808786,7.288186,1
4.100000,9,12.934526,8.413926,17.433290,25.912690,12.934526,8.413926,1
4.600000,6,13.851051,9.330452,16.817186,25.296586,13.851051,9.330452,1
4.600000,7,10.283206,5.762606,16.817186,25.296586,10.283206,5.762606,1
4.600000,8,12.826744,8.306144,16.817186,25.296586,12.826744,8.306144,1
4.600000,9,11.294133,6.773533,16.817186,25.296586,11.294133,6.773533,1
5.100000,6,12.462762,7.942162,21.339156,29.818556,12.462762,7.942162,1
5.100000,7,11.677625,7.157025,21.339156,29.818556,11.677625,7.157025,1
5.100000,8,12.042211,7.521611,21.339156,29.818556,12.042211,7.521611,1
5.100000,9,13.604403,9.083803,21.339156,29.818556,13.604403,9.083803,1
5.600000,6,7.989354,3.468754,17.688431,26.167831,7.989354,3.468754,1
5.600000,7,12.167040,7.646440,17.688431,26.167831,12.167040,7.646440,1
5.600000,8,10.572705,6.052106,17.688431,26.167831,10.572705,6.052106,1
5.600000,9,10.040967,5.520367,17.688431,26.167831,10.040967,5.520367,1
6.100000,6,14.140371,9.619771,19.529393,28.008793,14.140371,9.619771,1
6.100000,7,14.174009,9.653409,19.529393,28.008793,14.174009,9.653409,1
6.100000,8,11.090276,6.569676,19.529393,28.008793,11.090276,6.569676,1
6.100000,9,16.062638,11.542038,19.529393,28.008793,16.062638,11.542038,1
6.600000,6,15.639903,11.119304,19.910483,28.389883,15.639903,11.119304,1
6.600000,7,11.438615,6.918015,19.910483,28.389883,11.438615,6.918015,1
6.600000,8,10.539560,6.018960,19.910483,28.389883,10.539560,6.018960,1
6.600000,9,17.119866,12.599266,19.910483,28.389883,17.119866,12.599266,1
7.100000,6,12.592599,8.071999,19.876261,28.355661,12.592599,8.071999,1
7.100000,7,10.044775,5.524175,19.876261,28.355661,10.044775,5.524175,1
7.100000,8,14.009087,9.488487,19.876261,28.355661,14.009087,9.488487,1
7.100000,9,12.491900,7.971300,19.876261,28.355661,12.491900,7.971300,1
7.600000,6,11.384343,6.863744,18.427584,26.906984,11.384343,6.863744,1
7.600000,7,13.186287,8.665687,18.427584,26.906984,13.186287,8.665687,1
7.600000,8,11.998112,7.477512,18.427584,26.906984,11.998112,7.477512,1
7.600000,9,14.590663,10.070063,18.427584,26.906984,14.590663,10.070063,1
8.100000,6,12.783373,8.262773,16.556986,25.036386,12.783373,8.262773,1
8.100000,7,12.648624,8.128024,16.556986,25.036386,12.648624,8.128024,1
8.100000,8,11.186025,6.665425,16.556986,25.036386,11.186025,6.665425,1
8.100000,9,10.852286,6.331686,16.556986,25.036386,10.852286,6.331686,1
8.600000,6,13.578835,9.058235,18.794697,27.274097,13.578835,9.058235,1
8.600000,7,10.275984,5.755384,18.794697,27.274097,10.275984,5.755384,1
8.600000,8,13.121087,8.600487,18.794697,27.274097,13.121087,8.600487,1
8.600000,9,8.423351,3.902751,18.794697,27.274097,8.423351,3.902751,1
9.100000,6,12.335457,7.814857,19.402884,27.882284,12.335457,7.814857,1
9.100000,7,13.271854,8.751254,19.402884,27.882284,13.271854,8.751254,1
9.100000,8,12.810979,8.290379,19.402884,27.882284,12.810979,8.290379,1
9.100000,9,13.686089,9.165489,19.402884,27.882284,13.686089,9.165489,1
9.600000,6,12.198049,7.677450,17.653539,26.132939,12.198049,7.677450,1
9.600000,7,12.845322,8.324722,17.653539,26.132939,12.845322,8.324722,1
9.600000,8,11.881155,7.360555,17.653539,26.132939,11.881155,7.360555,1
9.600000,9,11.673951,7.153351,17.653539,26.132939,11.673951,7.153351,1
10.100000,6,11.922081,7.401481,18.238503,26.717903,11.922081,7.401481,1
10.100000,7,8.275636,3.755037,18.238503,26.717903,8.275636,3.755037,1
10.100000,8,13.787086,9.266486,18.238503,26.717903,13.787086,9.266486,1
10.100000,9,14.925085,10.404485,18.238503,26.717903,14.925085,10.404485,1
10.600000,6,14.136142,9.615542,13.689915,22.169315,13.689915,9.615542,1
10.600000,7,12.546869,8.026270,13.689915,22.169315,12.546869,8.026270,1
10.600000,8,12.198433,7.677833,13.689915,22.169315,12.198433,7.677833,1
10.600000,9,14.056482,9.535883,13.689915,22.169315,13.689915,9.535883,1
11.100000,6,12.641532,8.120932,19.501052,27.980452,12.641532,8.120932,1
11.100000,7,10.405376,5.884776,19.501052,27.980452,10.405376,5.884776,1
11.100000,8,12.436288,7.915688,19.501052,27.980452,12.436288,7.915688,1
11.100000,9,13.273459,8.752859,19.501052,27.980452,13.273459,8.752859,1
11.600000,6,11.731422,7.210822,15.956643,24.436043,11.731422,7.210822,1
11.600000,7,12.783704,8.263104,15.956643,24.436043,12.783704,8.263104,1
11.600000,8,9.997617,5.477017,15.956643,24.436043,9.997617,5.477017,1
11.600000,9,15.797064,11.276464,15.956643,24.436043,15.797064,11.276464,1
12.100000,6,14.685186,10.164586,18.425619,26.905019,14.685186,10.164586,1
12.100000,7,12.448945,7.928345,18.425619,26.905019,12.448945,7.928345,1
12.100000,8,12.149817,7.629217,18.425619,26.905019,12.149817,7.629217,1
12.100000,9,12.113970,7.593370,18.425619,26.905019,12.113970,7.593370,1
12.600000,6,12.259529,7.738929,12.493688,20.973088,12.259529,7.738929,1
12.600000,7,13.259549,8.738949,12.493688,20.973088,12.493688,8.738949,1
12.600000,8,13.106597,8.585997,12.493688,20.973088,12.493688,8.585997,1
12.600000,9,13.917726,9.397127,12.493688,20.973088,12.493688,9.397127,1
13.100000,6,11.898631,7.378031,15.887006,24.366406,11.898631,7.378031,1
13.100000,7,13.481210,8.960610,15.887006,24.366406,13.481210,8.960610,1
13.100000,8,15.575140,11.054541,15.887006,24.366406,15.575140,11.054541,1
13.100000,9,15.052711,10.532111,15.887006,24.366406,15.052711,10.532111,1
13.600000,6,12.735452,8.214852,16.604050,25.083450,12.735452,8.214852,1
13.600000,7,11.138744,6.618144,16.604050,25.083450,11.138744,6.618144,1
13.600000,8,13.028040,8.507440,16.604050,25.083450,13.028040,8.507440,1
13.600000,9,13.621077,9.100477,16.604050,25.083450,13.621077,9.100477,1
14.100000,6,11.836560,7.315960,18.320896,26.800296,11.836560,7.315960,1
14.100000,7,13.203663,8.683063,18.320896,26.800296,13.203663,8.683063,1
14.100000,8,12.409339,7.888739,18.320896,26.800296,12.409339,7.888739,1
14.100000,9,9.494070,4.973470,18.320896,26.800296,9.494070,4.973470,1
14.600000,6,10.842887,6.322287,18.957920,27.437320,10.842887,6.322287,1
14.600000,7,12.278010,7.757410,18.957920,27.437320,12.278010,7.757410,1
14.600000,8,12.087728,7.567128,18.957920,27.437320,12.087728,7.567128,1
14.600000,9,14.198911,9.678311,18.957920,27.437320,14.198911,9.678311,1
15.100000,6,12.885457,8.364857,15.738824,24.218224,12.885457,8.364857,1
15.100000,7,14.194805,9.674205,15.738824,24.218224,14.194805,9.674205,1
15.100000,8,11.123043,6.602443,15.738824,24.218224,11.123043,6.602443,1
15.100000,9,11.226712,6.706112,15.738824,24.218224,11.226712,6.706112,1
15.600000,6,15.285793,10.765193,15.256160,23.735560,15.256160,10.765193,1
15.600000,7,10.404164,5.883564,15.256160,23.735560,10.404164,5.883564,1
15.600000,8,10.213666,5.693066,15.256160,23.735560,10.213666,5.693066,1
15.600000,9,12.951808,8.431208,15.256160,23.735560,12.951808,8.431208,1
16.100000,6,10.754153,6.233553,15.803967,24.283368,10.754153,6.233553,1
16.100000,7,10.611102,6.090502,15.803967,24.283368,10.611102,6.090502,1
16.100000,8,13.115881,8.595282,15.803967,24.283368,13.115881,8.595282,1
16.100000,9,11.590141,7.069541,15.803967,24.283368,11.590141,7.069541,1
16.600000,6,12.927883,8.407283,18.043121,26.522521,12.927883,8.407283,1
16.600000,7,13.951141,9.430541,18.043121,26.522521,13.951141,9.430541,1
16.600000,8,12.376913,7.856313,18.043121,26.522521,12.376913,7.856313,1
16.600000,9,12.462182,7.941582,18.043121,26.522521,12.462182,7.941582,1
17.100000,6,11.761785,7.241185,18.175514,26.654914,11.761785,7.241185,1
17.100000,7,13.849832,9.329232,18.175514,26.654914,13.849832,9.329232,1
17.100000,8,13.281801,8.761201,18.175514,26.654914,13.281801,8.761201,1
17.100000,9,11.453327,6.932727,18.175514,26.654914,11.453327,6.932727,1
17.600000,6,12.419691,7.899091,15.943827,24.423227,12.419691,7.899091,1
17.600000,7,14.857285,10.336685,15.943827,24.423227,14.857285,10.336685,1
17.600000,8,13.722312,9.201712,15.943827,24.423227,13.722312,9.201712,1
17.600000,9,14.257775,9.737175,15.943827,24.423227,14.257775,9.737175,1
18.100000,6,11.826751,7.306151,17.817971,26.297371,11.826751,7.306151,1
18.100000,7,12.037572,7.516972,17.817971,26.297371,12.037572,7.516972,1
18.100000,8,10.382618,5.862018,17.817971,26.297371,10.382618,5.862018,1
18.100000,9,14.365922,9.845322,17.817971,26.297371,14.365922,9.845322,1
18.600000,6,14.837507,10.316907,13.718589,22.197989,13.718589,10.316907,1
18.600000,7,12.285855,7.765255,13.718589,22.197989,12.285855,7.765255,1
18.600000,8,14.092310,9.571711,13.718589,22.197989,13.718589,9.571711,1
18.600000,9,14.128633,9.608033,13.718589,22.197989,13.718589,9.608033,1
19.100000,6,14.635661,10.115061,16.646188,25.125588,14.635661,10.115061,1
19.100000,7,11.172017,6.651417,16.646188,25.125588,11.172017,6.651417,1
19.100000,8,13.809479,9.288879,16.646188,25.125588,13.809479,9.288879,1
19.100000,9,12.861615,8.341015,16.646188,25.125588,12.861615,8.341015,1
19.600000,6,11.459199,6.938599,16.915367,25.394767,11.459199,6.938599,1
19.600000,7,13.934175,9.413575,16.915367,25.394767,13.934175,9.413575,1
19.600000,8,9.759209,5.238609,16.915367,25.394767,9.759209,5.238609,1
19.600000,9,13.953255,9.432656,16.915367,25.394767,13.953255,9.432656,1
20.100000,6,13.357923,8.837323,18.055417,26.534817,13.357923,8.837323,1
20.100000,7,13.644141,9.123541,18.055417,26.534817,13.644141,9.123541,1
20.100000,8,8.935815,4.415215,18.055417,26.534817,8.935815,4.415215,1
20.100000,9,12.044429,7.523829,18.055417,26.534817,12.044429,7.523829,1
20.600000,6,13.781546,9.260946,18.316936,26.796336,13.781546,9.260946,1
20.600000,7,13.475618,8.955018,18.316936,26.796336,13.475618,8.955018,1
20.600000,8,11.734857,7.214257,18.316936,26.796336,11.734857,7.214257,1
20.600000,9,10.648481,6.127881,18.316936,26.796336,10.648481,6.127881,1
21.100000,6,12.663549,8.142949,14.544389,23.023789,12.663549,8.142949,1
21.100000,7,14.185404,9.664804,14.544389,23.023789,14.185404,9.664804,1
21.100000,8,12.964404,8.443804,14.544389,23.023789,12.964404,8.443804,1
21.100000,9,15.774450,11.253850,14.544389,23.023789,14.544389,11.253850,1
21.600000,6,13.733573,9.212973,16.793750,25.273150,13.733573,9.212973,1
21.600000,7,13.457983,8.937383,16.793750,25.273150,13.457983,8.937383,1
21.600000,8,13.849983,9.329383,16.793750,25.273150,13.849983,9.329383,1
21.600000,9,12.988633,8.468033,16.793750,25.273150,12.988633,8.468033,1
22.100000,6,11.491642,6.971042,16.200768,24.680168,11.491642,6.971042,1
22.100000,7,6.179332,1.658732,16.200768,24.680168,6.179332,1.658732,1
22.100000,8,12.369229,7.848629,16.200768,24.680168,12.369229,7.848629,1
22.100000,9,15.279459,10.758859,16.200768,24.680168,15.279459,10.758859,1
22.600000,6,13.400597,8.879997,14.681476,23.160876,13.400597,8.879997,1
22.600000,7,14.310714,9.790114,14.681476,23.160876,14.310714,9.790114,1
22.600000,8,10.015236,5.494636,14.681476,23.160876,10.015236,5.494636,1
22.600000,9,12.777701,8.257101,14.681476,23.160876,12.777701,8.257101,1
23.100000,6,11.749759,7.229159,17.873445,26.352846,11.749759,7.229159,1
23.100000,7,12.838035,8.317435,17.873445,26.352846,12.838035,8.317435,1
23.100000,8,14.699915,10.179315,17.873445,26.352846,14.699915,10.179315,1
23.100000,9,14.093641,9.573041,17.873445,26.352846,14.093641,9.573041,1
23.600000,6,7.332373,2.811773,15.908260,24.387660,7.332373,2.811773,1
23.600000,7,8.383066,3.862466,15.908260,24.387660,8.383066,3.862466,1
23.600000,8,15.872492,11.351892,15.908260,24.387660,15.872492,11.351892,1
23.600000,9,14.386125,9.865525,15.908260,24.387660,14.386125,9.865525,1
24.100000,6,12.588814,8.068214,18.378185,26.857585,12.588814,8.068214,1
24.100000,7,11.848240,7.327640,18.378185,26.857585,11.848240,7.327640,1
24.100000,8,11.886532,7.365932,18.378185,26.857585,11.886532,7.365932,1
24.100000,9,9.830174,5.309574,18.378185,26.857585,9.830174,5.309574,1
24.600000,6,12.912388,8.391788,18.065467,26.544867,12.912388,8.391788,1
24.600000,7,13.012439,8.491839,18.065467,26.544867,13.012439,8.491839,1
24.600000,8,13.568936,9.048336,18.065467,26.544867,13.568936,9.048336,1
24.600000,9,9.325292,4.804692,18.065467,26.544867,9.325292,4.804692,1
25.100000,6,9.273667,4.753067,14.763236,23.242636,9.273667,4.753067,1
25.100000,7,12.369593,7.848993,14.763236,23.242636,12.369593,7.848993,1
25.100000,8,13.410143,8.889543,14.763236,23.242636,13.410143,8.889543,1
25.100000,9,11.702027,7.181427,14.763236,23.242636,11.702027,7.181427,1
25.600000,6,12.888784,8.368184,18.454380,26.933780,12.888784,8.368184,1
25.600000,7,12.773275,8.252675,18.454380,26.933780,12.773275,8.252675,1
25.600000,8,14.481928,9.961328,18.454380,26.933780,14.481928,9.961328,1
25.600000,9,15.059277,10.538677,18.454380,26.933780,15.059277,10.538677,1
26.100000,6,12.180201,7.659601,15.480022,23.959422,12.180201,7.659601,1
26.100000,7,9.369579,4.848979,15.480022,23.959422,9.369579,4.848979,1
26.100000,8,12.773014,8.252414,15.480022,23.959422,12.773014,8.252414,1
26.100000,9,14.452817,9.932217,15.480022,23.959422,14.452817,9.932217,1
26.600000,6,13.416899,8.896299,19.698254,28.177654,13.416899,8.896299,1
26.600000,7,13.780487,9.259887,19.698254,28.177654,13.780487,9.259887,1
26.600000,8,12.303428,7.782828,19.698254,28.177654,12.303428,7.782828,1
26.600000,9,11.453739,6.933139,19.698254,28.177654,11.453739,6.933139,1
27.100000,6,11.735414,7.214814,19.667223,28.146623,11.735414,7.214814,1
27.100000,7,9.944209,5.423609,19.667223,28.146623,9.944209,5.423609,1
27.100000,8,12.429097,7.908497,19.667223,28.146623,12.429097,7.908497,1
27.100000,9,9.451244,4.930644,19.667223,28.146623,9.451244,4.930644,1
27.600000,6,12.732268,8.211668,19.804999,28.284399,12.732268,8.211668,1
27.600000,7,8.552378,4.031779,19.804999,28.284399,8.552378,4.031779,1
27.600000,8,11.632186,7.111586,19.804999,28.284399,11.632186,7.111586,1
27.600000,9,12.410019,7.889419,19.804999,28.284399,12.410019,7.889419,1
28.100000,6,12.413463,7.892863,17.325171,25.804571,12.413463,7.892863,1
28.100000,7,11.076976,6.556376,17.325171,25.804571,11.076976,6.556376,1
28.100000,8,14.930074,10.409474,17.325171,25.804571,14.930074,10.409474,1
28.100000,9,12.372286,7.851686,17.325171,25.804571,12.372286,7.851686,1
28.600000,6,11.578528,7.057928,18.100628,26.580028,11.578528,7.057928,1
28.600000,7,10.489581,5.968981,18.100628,26.580028,10.489581,5.968981,1
28.600000,8,12.177344,7.656744,18.100628,26.580028,12.177344,7.656744,1
28.600000,9,12.081147,7.560547,18.100628,26.580028,12.081147,7.560547,1
29.100000,6,7.815147,3.294547,16.253159,24.732559,7.815147,3.294547,1
29.100000,7,9.173140,4.652540,16.253159,24.732559,9.173140,4.652540,1
29.100000,8,14.307179,9.786579,16.253159,24.732559,14.307179,9.786579,1
29.100000,9,13.853402,9.332802,16.253159,24.732559,13.853402,9.332802,1
29.600000,6,11.772555,7.251955,19.910465,28.389865,11.772555,7.251955,1
29.600000,7,12.146426,7.625826,19.910465,28.389865,12.146426,7.625826,1
29.600000,8,13.827224,9.306625,19.910465,28.389865,13.827224,9.306625,1
29.600000,9,13.112354,8.591754,19.910465,28.389865,13.112354,8.591754,1
30.100000,6,14.330050,9.809450,17.704680,26.184080,14.330050,9.809450,1
30.100000,7,12.791938,8.271338,17.704680,26.184080,12.791938,8.271338,1
30.100000,8,11.378936,6.858336,17.704680,26.184080,11.378936,6.858336,1
30.100000,9,9.956254,5.435654,17.704680,26.184080,9.956254,5.435654,1
30.600000,6,8.726463,4.205863,17.428694,25.908094,8.726463,4.205863,1
30.600000,7,11.277496,6.756896,17.428694,25.908094,11.277496,6.756896,1
30.600000,8,13.685484,9.164884,17.428694,25.908094,13.685484,9.164884,1
30.600000,9,13.390266,8.869666,17.428694,25.908094,13.390266,8.869666,1
31.100000,6,9.273821,4.753221,18.778599,27.257999,9.273821,4.753221,1
31.100000,7,14.170388,9.649788,18.778599,27.257999,14.170388,9.649788,1
31.100000,8,14.650961,10.130361,18.778599,27.257999,14.650961,10.130361,1
31.100000,9,9.905928,5.385328,18.778599,27.257999,9.905928,5.385328,1
31.600000,6,10.322242,5.801642,17.340527,25.819927,10.322242,5.801642,1
31.600000,7,12.375179,7.854579,17.340527,25.819927,12.375179,7.854579,1
31.600000,8,12.593433,8.072833,17.340527,25.819927,12.593433,8.072833,1
31.600000,9,13.930761,9.410161,17.340527,25.819927,13.930761,9.410161,1
32.100000,6,12.414147,7.893547,18.476072,26.955472,12.414147,7.893547,1
32.100000,7,12.038659,7.518059,18.476072,26.955472,12.038659,7.518059,1
32.100000,8,12.077235,7.556635,18.476072,26.955472,12.077235,7.556635,1
32.100000,9,8.885320,4.364720,18.476072,26.955472,8.885320,4.364720,1
32.600000,6,10.721733,6.201133,17.838880,26.318280,10.721733,6.201133,1
32.600000,7,11.919636,7.399036,17.838880,26.318280,11.919636,7.399036,1
32.600000,8,14.966977,10.446377,17.838880,26.318280,14.966977,10.446377,1
32.600000,9,12.846690,8.326090,17.838880,26.318280,12.846690,8.326090,1
33.100000,6,11.822888,7.302288,18.479687,26.959087,11.822888,7.302288,1
33.100000,7,14.457132,9.936532,18.479687,26.959087,14.457132,9.936532,1
33.100000,8,10.366832,5.846232,18.479687,26.959087,10.366832,5.846232,1
33.100000,9,12.038683,7.518083,18.479687,26.959087,12.038683,7.518083,1
33.600000,6,12.687246,8.166646,17.982606,26.462006,12.687246,8.166646,1
33.600000,7,14.792799,10.272199,17.982606,26.462006,14.792799,10.272199,1
33.600000,8,9.643577,5.122977,17.982606,26.462006,9.643577,5.122977,1
33.600000,9,12.058625,7.538025,17.982606,26.462006,12.058625,7.538025,1
34.100000,6,14.674840,10.154240,19.053423,27.532823,14.674840,10.154240,1
34.100000,7,11.998956,7.478356,19.053423,27.532823,11.998956,7.478356,1
34.100000,8,13.294272,8.773672,19.053423,27.532823,13.294272,8.773672,1
34.100000,9,11.726408,7.205808,19.053423,27.532823,11.726408,7.205808,1
34.600000,6,13.403231,8.882631,20.032434,28.511834,13.403231,8.882631,1
34.600000,7,4.494231,-0.026369,20.032434,28.511834,4.494231,-0.026369,0
34.600000,8,13.222410,8.701811,20.032434,28.511834,13.222410,8.701811,1
34.600000,9,11.927072,7.406472,20.032434,28.511834,11.927072,7.406472,1
35.100000,6,13.232951,8.712351,18.852605,27.332005,13.232951,8.712351,1
35.100000,7,7.906321,3.385722,18.852605,27.332005,7.906321,3.385722,1
35.100000,8,9.447775,4.927175,18.852605,27.332005,9.447775,4.927175,1
35.100000,9,8.689244,4.168644,18.852605,27.332005,8.689244,4.168644,1
35.600000,6,13.937368,9.416768,18.875018,27.354418,13.937368,9.416768,1
35.600000,7,12.997526,8.476926,18.875018,27.354418,12.997526,8.476926,1
35.600000,8,15.913803,11.393203,18.875018,27.354418,15.913803,11.393203,1
35.600000,9,12.356533,7.835933,18.875018,27.354418,12.356533,7.835933,1
36.100000,6,10.509977,5.989377,21.811350,30.290750,10.509977,5.989377,1
36.100000,7,13.639741,9.119141,21.811350,30.290750,13.639741,9.119141,1
36.100000,8,12.168105,7.647505,21.811350,30.290750,12.168105,7.647505,1
36.100000,9,10.394637,5.874037,21.811350,30.290750,10.394637,5.874037,1
36.600000,6,14.154164,9.633564,19.801128,28.280528,14.154164,9.633564,1
36.600000,7,12.106357,7.585757,19.801128,28.280528,12.106357,7.585757,1
36.600000,8,11.509738,6.989138,19.801128,28.280528,11.509738,6.989138,1
36.600000,9,12.755147,8.234547,19.801128,28.280528,12.755147,8.234547,1
37.100000,6,8.383882,3.863282,15.689624,24.169025,8.383882,3.863282,1
37.100000,7,12.765746,8.245146,15.689624,24.169025,12.765746,8.245146,1
37.100000,8,13.426844,8.906244,15.689624,24.169025,13.426844,8.906244,1
37.100000,9,14.000091,9.479491,15.689624,24.169025,14.000091,9.479491,1
37.600000,6,9.601530,5.080930,17.029301,25.508702,9.601530,5.080930,1
37.600000,7,11.987078,7.466478,17.029301,25.508702,11.987078,7.466478,1
37.600000,8,14.344354,9.823754,17.029301,25.508702,14.344354,9.823754,1
37.600000,9,14.211464,9.690864,17.029301,25.508702,14.211464,9.690864,1
38.100000,6,12.331284,7.810684,17.627891,26.107291,12.331284,7.810684,1
38.100000,7,11.437845,6.917245,17.627891,26.107291,11.437845,6.917245,1
38.100000,8,8.970971,4.450371,17.627891,26.107291,8.970971,4.450371,1
38.100000,9,12.457645,7.937045,17.627891,26.107291,12.457645,7.937045,1
38.600000,6,11.262280,6.741680,15.726788,24.206188,11.262280,6.741680,1
38.600000,7,13.516055,8.995455,15.726788,24.206188,13.516055,8.995455,1
38.600000,8,12.127749,7.607149,15.726788,24.206188,12.127749,7.607149,1
38.600000,9,11.768677,7.248077,15.726788,24.206188,11.768677,7.248077,1
39.100000,6,10.890399,6.369799,17.704377,26.183777,10.890399,6.369799,1
39.100000,7,11.448689,6.928089,17.704377,26.183777,11.448689,6.928089,1
39.100000,8,13.346120,8.825521,17.704377,26.183777,13.346120,8.825521,1
39.100000,9,13.595548,9.074948,17.704377,26.183777,13.595548,9.074948,1
39.600000,6,14.450886,9.930286,19.351542,27.830942,14.450886,9.930286,1
39.600000,7,8.293680,3.773080,19.351542,27.830942,8.293680,3.773080,1
39.600000,8,13.776087,9.255487,19.351542,27.830942,13.776087,9.255487,1
39.600000,9,12.771848,8.251248,19.351542,27.830942,12.771848,8.251248,1
