Time,UE,Delay,Jitter,Throughput,PDR,PLR
2,0,0,0,0,0,0
2,1,0,0,0,0,0
2,2,0,0,0,0,0
2,3,0,0,0,0,0
2,4,0,0,0,0,0
2,5,0,0,0,0,0
2,6,0,0,0,0,0
2,7,0,0,0,0,0
2,8,0,0,0,0,0
2,9,0,0,0,0,0
2,10,0,0,0,0,0
2,11,0,0,0,0,0
2,12,0,0,0,0,0
2,13,0,0,0,0,0
2,14,0,0,0,0,0
2,15,0,0,0,0,0
2,16,0,0,0,0,0
2,17,0,0,0,0,0
2,18,0,0,0,0,0
2,19,0,0,0,0,0
2,20,0,0,0,0,0
2,21,0,0,0,0,0
2,22,0,0,0,0,0
2,23,0,0,0,0,0
2,24,0,0,0,0,0
2,25,0,0,0,0,0
2,26,0,0,0,0,0
2,27,0,0,0,0,0
2,28,0,0,0,0,0
2,29,0,0,0,0,0
2,30,0,0,0,0,0
2,31,0,0,0,0,0
2,32,0,0,0,0,0
2,33,0,0,0,0,0
2,34,0,0,0,0,0
2,35,0,0,0,0,0
2,36,0,0,0,0,0
2,37,0,0,0,0,0
2,38,0,0,0,0,0
2,39,0,0,0,0,0
2,40,0,0,0,0,0
2,41,0,0,0,0,0
2,42,0,0,0,0,0
2,43,0,0,0,0,0
2,44,0,0,0,0,0
2,45,0,0,0,0,0
2,46,0,0,0,0,0
2,47,0,0,0,0,0
2,48,0,0,0,0,0
2,49,0,0,0,0,0
2,50,0,0,0,0,0
2,51,0,0,0,0,0
2,52,0,0,0,0,0
2,53,0,0,0,0,0
2,54,0,0,0,0,0
2,55,0,0,0,0,0
2,56,0,0,0,0,0
2,57,0,0,0,0,0
2,58,0,0,0,0,0
2,59,0,0,0,0,0
2,60,0,0,0,0,0
2,61,0,0,0,0,0
2,62,0,0,0,0,0
2,63,0,0,0,0,0
2,64,0,0,0,0,0
2,65,0,0,0,0,0
2,66,0,0,0,0,0
2,67,0,0,0,0,0
2,68,0,0,0,0,0
2,69,0,0,0,0,0
2,70,0,0,0,0,0
2,71,0,0,0,0,0
2,72,0,0,0,0,0
2,73,0,0,0,0,0
2,74,0,0,0,0,0
4,0,0.0211475,0.0162394,0.073344,85.7143,14.2857
4,1,0.0545269,0.0348931,0.055008,64.2857,35.7143
4,2,0.0523093,0.0428168,0.073344,66.6667,33.3333
4,3,0.0212716,0.0147742,0.085568,87.5,12.5
4,4,0.0313124,0.0260758,0.06112,83.3333,16.6667
4,5,0.0533896,0.0525666,0.042784,53.8462,46.1538
4,6,0.0478707,0.0577608,0.055008,75,25
4,7,0.00455552,0.000430728,0.103904,100,0
4,8,0.0037201,0.000416662,0.110016,100,0
4,9,0.00386327,0.000385326,0.110016,100,0
4,10,0.053047,0.0312575,0.018336,33.3333,66.6667
4,11,0.0478106,0.0465662,0.067232,68.75,31.25
4,12,0.0520511,0.051471,0.06112,62.5,37.5
4,13,0.0133375,0.0130353,0.09168,93.75,6.25
4,14,0.00408082,0.000562997,0.09168,100,0
4,15,0.0579423,0.0406319,0.055008,56.25,43.75
4,16,0.0362183,0.0456443,0.073344,80,20
4,17,0.0448054,0.0211555,0.03056,26.3158,73.6842
4,18,0.00445303,0.000825284,0.079456,100,0
4,19,0.0039078,0.000433809,0.110016,100,0
4,20,0.0751454,0.0630546,0.024448,33.3333,66.6667
4,21,0.0766917,0.034359,0.048896,61.5385,38.4615
4,22,0.0199883,0.0138732,0.09168,88.2353,11.7647
4,23,0.0480779,0.0388457,0.067232,73.3333,26.6667
4,24,0.00364089,0.000392302,0.116128,100,0
4,25,0.0116091,0.0115995,0.110016,90,10
4,26,0.0533259,0.0562721,0.042784,58.3333,41.6667
4,27,0.0040866,0.000413476,0.110016,100,0
4,28,0.0294107,0.0385497,0.06112,83.3333,16.6667
4,29,0.00469271,0.00114173,0.06112,100,0
4,30,0.0715851,0.0374937,0.048896,44.4444,55.5556
4,31,0.026073,0.0189678,0.067232,84.6154,15.3846
4,32,0.0575182,0.0548554,0.055008,56.25,43.75
4,33,0.0590738,0.0575245,0.067232,57.8947,42.1053
4,34,0.00393168,0.000430989,0.09168,100,0
4,35,0.0641047,0.0294845,0.048896,53.3333,46.6667
4,36,0.00433704,0.000446018,0.097792,100,0
4,37,0.0214081,0.0204757,0.097792,88.8889,11.1111
4,38,0.0159094,0.0172935,0.073344,92.3077,7.69231
4,39,0.0252049,0.0204564,0.097792,84.2105,15.7895
4,40,0.04908,0.0437785,0.055008,64.2857,35.7143
4,41,0.0573939,0.0733295,0.048896,50,50
4,42,0.0044557,0.00067878,0.067232,100,0
4,43,0.0681461,0.0437476,0.042784,50,50
4,44,0.0263019,0.0187163,0.067232,78.5714,21.4286
4,45,0.0111072,0.0147746,0.085568,93.3333,6.66667
4,46,0.0293501,0.0343279,0.09168,83.3333,16.6667
4,47,0.0486783,0.0300948,0.067232,73.3333,26.6667
4,48,0.0459967,0.0446935,0.06112,76.9231,23.0769
4,49,0.0143242,0.0148539,0.085568,93.3333,6.66667
4,50,0.0134174,0.0138298,0.09168,93.75,6.25
4,51,0.0102334,0.00682778,0.097792,94.1176,5.88235
4,52,0.0412473,0.0482099,0.085568,77.7778,22.2222
4,53,0.0444585,0.0505134,0.042784,58.3333,41.6667
4,54,0.0140018,0.00769392,0.079456,92.8571,7.14286
4,55,0.0517563,0.0408454,0.048896,72.7273,27.2727
4,56,0.046843,0.0390044,0.06112,66.6667,33.3333
4,57,0.0228902,0.0271864,0.09168,83.3333,16.6667
4,58,0.0393322,0.0409182,0.048896,80,20
4,59,0.00434051,0.000694797,0.079456,100,0
4,60,0.0422243,0.0513964,0.06112,71.4286,28.5714
4,61,0.00386927,0.000496129,0.110016,94.7368,5.26316
4,62,0.0456652,0.0459786,0.06112,71.4286,28.5714
4,63,0.0824148,0.0667085,0.048896,44.4444,55.5556
4,64,0.0209822,0.0126211,0.048896,80,20
4,65,0.0684323,0.0456965,0.036672,46.1538,53.8462
4,66,0.056263,0.0274054,0.067232,68.75,31.25
4,67,0.00388957,0.000424346,0.110016,100,0
4,68,0.0801276,0.0365852,0.055008,60,40
4,69,0.0523235,0.0394248,0.06112,71.4286,28.5714
4,70,0.00430489,0.000803234,0.097792,100,0
4,71,0.00425161,0.000505604,0.103904,100,0
4,72,0.0345515,0.0105317,0.06112,66.6667,33.3333
4,73,0.00387541,0.000381735,0.103904,100,0
4,74,0.00414838,0.000377847,0.116128,100,0
6,0,0.0320022,0.0388908,0.067232,68.75,31.25
6,1,0.0584335,0.0257864,0.067232,57.8947,42.1053
6,2,0.056875,0.0497335,0.048896,66.6667,33.3333
6,3,0.0114534,0.0066844,0.103904,100,0
6,4,0.0417572,0.0459267,0.067232,55,45
6,5,0.0620904,0.0530786,0.073344,66.6667,33.3333
6,6,0.0444948,0.0400626,0.085568,63.6364,36.3636
6,7,0.00844682,0.00653447,0.09168,93.75,6.25
6,8,0.00368179,0.00028824,0.097792,100,0
6,9,0.00371558,0.000288757,0.085568,100,0
6,10,0.0930033,0.0443473,0.03056,27.7778,72.2222
6,11,0.0573828,0.0526987,0.042784,58.3333,41.6667
6,12,0.0599397,0.0502394,0.055008,56.25,43.75
6,13,0.00788632,0.00579952,0.116128,100,0
6,14,0.00379063,0.000304954,0.103904,100,0
6,15,0.0645897,0.0457058,0.067232,57.8947,42.1053
6,16,0.0304164,0.0364045,0.079456,86.6667,13.3333
6,17,0.074157,0.0257485,0.024448,28.5714,71.4286
6,18,0.00417113,0.000454017,0.097792,100,0
6,19,0.00381621,0.000282675,0.09168,100,0
6,20,0.0964662,0.0505397,0.018336,16.6667,83.3333
6,21,0.0738293,0.0272542,0.048896,61.5385,38.4615
6,22,0.0169621,0.0140772,0.085568,93.3333,6.66667
6,23,0.0384347,0.0370704,0.085568,82.3529,17.6471
6,24,0.00359929,0.000231656,0.097792,100,0
6,25,0.00796264,0.00635173,0.09168,100,0
6,26,0.069968,0.060869,0.048896,57.1429,42.8571
6,27,0.00407065,0.000290908,0.110016,100,0
6,28,0.0322769,0.0375235,0.067232,73.3333,26.6667
6,29,0.00908404,0.00783358,0.103904,94.4444,5.55556
6,30,0.0724028,0.0499838,0.036672,46.1538,53.8462
6,31,0.0367533,0.0349002,0.067232,64.7059,35.2941
6,32,0.0616957,0.045089,0.073344,70.5882,29.4118
6,33,0.0631658,0.0568968,0.073344,63.1579,36.8421
6,34,0.00367157,0.000218117,0.134464,100,0
6,35,0.0704285,0.0431343,0.06112,66.6667,33.3333
6,36,0.00400703,0.000307623,0.110016,100,0
6,37,0.0177727,0.0176354,0.085568,87.5,12.5
6,38,0.0280163,0.0303963,0.048896,66.6667,33.3333
6,39,0.0319489,0.0327402,0.097792,80,20
6,40,0.0640337,0.0417821,0.06112,62.5,37.5
6,41,0.0618904,0.0515714,0.06112,66.6667,33.3333
6,42,0.0120491,0.0163423,0.085568,82.3529,17.6471
6,43,0.052823,0.0430192,0.085568,87.5,12.5
6,44,0.0457881,0.0333026,0.073344,60,40
6,45,0.0183666,0.0233039,0.073344,85.7143,14.2857
6,46,0.0370387,0.0426139,0.067232,68.75,31.25
6,47,0.0522405,0.04826,0.06112,62.5,37.5
6,48,0.0438961,0.0340999,0.055008,75,25
6,49,0.0231556,0.029894,0.079456,81.25,18.75
6,50,0.0152077,0.0163086,0.06112,90.9091,9.09091
6,51,0.0169489,0.0127447,0.079456,86.6667,13.3333
6,52,0.0264091,0.0301958,0.09168,93.75,6.25
6,53,0.0293527,0.0266755,0.097792,100,0
6,54,0.00805271,0.00317082,0.116128,100,0
6,55,0.0382336,0.0421958,0.085568,82.3529,17.6471
6,56,0.0652965,0.0363952,0.055008,52.9412,47.0588
6,57,0.0249037,0.0299437,0.073344,92.3077,7.69231
6,58,0.0357054,0.0303582,0.097792,80,20
6,59,0.00376865,0.000335935,0.116128,100,0
6,60,0.0466124,0.0484397,0.079456,65,35
6,61,0.0189926,0.0189969,0.06112,76.9231,23.0769
6,62,0.048936,0.0326771,0.055008,69.2308,30.7692
6,63,0.0790113,0.05838,0.042784,43.75,56.25
6,64,0.0379825,0.0344373,0.06112,71.4286,28.5714
6,65,0.0929788,0.0468015,0.048896,40,60
6,66,0.0654335,0.0372035,0.06112,62.5,37.5
6,67,0.00372982,0.000288388,0.073344,100,0
6,68,0.0774539,0.0539795,0.036672,42.8571,57.1429
6,69,0.0476054,0.0397507,0.079456,72.2222,27.7778
6,70,0.00851665,0.00688885,0.09168,93.75,6.25
6,71,0.00397467,0.000279446,0.097792,100,0
6,72,0.0602583,0.0203087,0.067232,64.7059,35.2941
6,73,0.0037456,0.000229097,0.110016,100,0
6,74,0.00395742,0.000262776,0.06112,100,0
8,0,0.0291452,0.0321423,0.048896,88.8889,11.1111
8,1,0.0628472,0.0298604,0.06112,76.9231,23.0769
8,2,0.0519123,0.0516471,0.073344,75,25
8,3,0.0141116,0.010558,0.116128,90.4762,9.52381
8,4,0.0572269,0.0359176,0.042784,41.1765,58.8235
8,5,0.0662979,0.0536227,0.048896,66.6667,33.3333
8,6,0.042398,0.0406446,0.06112,90.9091,9.09091
8,7,0.00667272,0.00398284,0.128352,100,0
8,8,0.0035835,0.000231826,0.103904,94.4444,5.55556
8,9,0.00368852,0.000235234,0.097792,100,0
8,10,0.095781,0.0378813,0.03056,26.3158,73.6842
8,11,0.0610308,0.0595698,0.09168,65.2174,34.7826
8,12,0.0686529,0.042525,0.067232,61.1111,38.8889
8,13,0.00945886,0.00810118,0.09168,93.75,6.25
8,14,0.00662998,0.00432593,0.103904,94.4444,5.55556
8,15,0.0676332,0.0425734,0.055008,56.25,43.75
8,16,0.0273883,0.0327754,0.09168,88.2353,11.7647
8,17,0.0801197,0.0333332,0.018336,16.6667,83.3333
8,18,0.00926435,0.00921663,0.097792,88.8889,11.1111
8,19,0.00372994,0.000219619,0.110016,100,0
8,20,0.0724363,0.0516507,0.048896,50,50
8,21,0.0690811,0.037538,0.06112,66.6667,33.3333
8,22,0.01525,0.0135396,0.097792,94.1176,5.88235
8,23,0.037287,0.0355092,0.110016,78.2609,21.7391
8,24,0.00561124,0.00410552,0.097792,88.8889,11.1111
8,25,0.0128191,0.011515,0.079456,86.6667,13.3333
8,26,0.0661262,0.0501783,0.048896,53.3333,46.6667
8,27,0.00403298,0.000271308,0.067232,100,0
8,28,0.0342675,0.0433958,0.067232,64.7059,35.2941
8,29,0.0103817,0.00964996,0.097792,94.1176,5.88235
8,30,0.0684988,0.0543918,0.067232,68.75,31.25
8,31,0.0465517,0.0426299,0.067232,68.75,31.25
8,32,0.0561314,0.0505234,0.085568,70,30
8,33,0.0592554,0.056282,0.073344,70.5882,29.4118
8,34,0.00631963,0.00402267,0.09168,93.75,6.25
8,35,0.0712602,0.0426543,0.067232,64.7059,35.2941
8,36,0.00384115,0.000216449,0.110016,100,0
8,37,0.0183693,0.0162286,0.09168,93.75,6.25
8,38,0.028527,0.0345108,0.09168,88.2353,11.7647
8,39,0.0384286,0.0379097,0.073344,70.5882,29.4118
8,40,0.06405,0.0478232,0.067232,57.8947,42.1053
8,41,0.0654062,0.0543833,0.055008,64.2857,35.7143
8,42,0.0112519,0.0148911,0.097792,100,0
8,43,0.0570392,0.0459396,0.06112,66.6667,33.3333
8,44,0.0404769,0.0284606,0.067232,73.3333,26.6667
8,45,0.0123847,0.0134977,0.116128,100,0
8,46,0.0390954,0.0421294,0.073344,80,20
8,47,0.0532936,0.0432272,0.085568,70,30
8,48,0.0345324,0.0309069,0.09168,88.2353,11.7647
8,49,0.021451,0.0257629,0.097792,76.1905,23.8095
8,50,0.0146055,0.0156304,0.085568,93.3333,6.66667
8,51,0.0228853,0.0162272,0.097792,80,20
8,52,0.0318643,0.0388437,0.06112,71.4286,28.5714
8,53,0.0234134,0.0246794,0.085568,82.3529,17.6471
8,54,0.0122887,0.00942909,0.103904,89.4737,10.5263
8,55,0.0384932,0.0413304,0.09168,65.2174,34.7826
8,56,0.0695449,0.0330843,0.067232,57.8947,42.1053
8,57,0.0205926,0.0252246,0.079456,92.8571,7.14286
8,58,0.0377729,0.0350334,0.085568,77.7778,22.2222
8,59,0.00375112,0.00025182,0.085568,100,0
8,60,0.0471201,0.0468898,0.085568,77.7778,22.2222
8,61,0.0292015,0.030051,0.079456,76.4706,23.5294
8,62,0.0323916,0.023458,0.097792,100,0
8,63,0.0742467,0.0605325,0.042784,46.6667,53.3333
8,64,0.038161,0.0417556,0.097792,84.2105,15.7895
8,65,0.0936873,0.0463748,0.006112,8.33333,91.6667
8,66,0.0727381,0.0323966,0.03056,38.4615,61.5385
8,67,0.0142997,0.00820917,0.09168,78.9474,21.0526
8,68,0.0666652,0.0546916,0.085568,66.6667,33.3333
8,69,0.0562188,0.0458803,0.06112,66.6667,33.3333
8,70,0.0100708,0.00903575,0.09168,93.75,6.25
8,71,0.00381268,0.000179582,0.12224,100,0
8,72,0.0534907,0.0344657,0.085568,70,30
8,73,0.00368519,0.000180081,0.103904,100,0
8,74,0.00694514,0.00474035,0.09168,93.75,6.25
10,0,0.0388366,0.0390552,0.073344,66.6667,33.3333
10,1,0.0587398,0.0379453,0.067232,73.3333,26.6667
10,2,0.0575753,0.0508119,0.073344,66.6667,33.3333
10,3,0.0145088,0.0119667,0.067232,91.6667,8.33333
10,4,0.0579218,0.0395596,0.079456,72.2222,27.7778
10,5,0.0677504,0.0515585,0.06112,62.5,37.5
10,6,0.051474,0.0395527,0.06112,58.8235,41.1765
10,7,0.00619679,0.00324532,0.079456,100,0
10,8,0.0056803,0.00321451,0.09168,100,0
10,9,0.00369789,0.000194854,0.097792,100,0
10,10,0.0919501,0.0374109,0.036672,42.8571,57.1429
10,11,0.0530109,0.0536421,0.079456,68.4211,31.5789
10,12,0.069091,0.0427603,0.03056,55.5556,44.4444
10,13,0.013391,0.0093364,0.09168,75,25
10,14,0.00798854,0.00623678,0.103904,94.4444,5.55556
10,15,0.0698044,0.0435448,0.055008,60,40
10,16,0.0288923,0.0335296,0.067232,64.7059,35.2941
10,17,0.083724,0.0412539,0.036672,35.2941,64.7059
10,18,0.00777584,0.00682645,0.097792,100,0
10,19,0.00374631,0.000192848,0.085568,100,0
10,20,0.075468,0.0507279,0.018336,16.6667,83.3333
10,21,0.0674653,0.0386525,0.036672,54.5455,45.4545
10,22,0.0116808,0.00940896,0.12224,100,0
10,23,0.0350618,0.0366724,0.09168,75,25
10,24,0.00723607,0.00621313,0.09168,100,0
10,25,0.0132914,0.0125912,0.073344,75,25
10,26,0.073598,0.0491483,0.042784,43.75,56.25
10,27,0.00400742,0.000227685,0.103904,100,0
10,28,0.0359371,0.0417591,0.116128,90.4762,9.52381
10,29,0.0130958,0.0136329,0.103904,89.4737,10.5263
10,30,0.0737225,0.0533353,0.03056,31.25,68.75
10,31,0.0522802,0.0393115,0.09168,68.1818,31.8182
10,32,0.0580618,0.0487205,0.073344,70.5882,29.4118
10,33,0.0648787,0.0525844,0.024448,33.3333,66.6667
10,34,0.00932916,0.00623197,0.085568,87.5,12.5
10,35,0.064717,0.0430321,0.06112,58.8235,41.1765
10,36,0.00592981,0.00303552,0.116128,95,5
10,37,0.0208963,0.0190851,0.06112,83.3333,16.6667
10,38,0.0256219,0.0306245,0.067232,91.6667,8.33333
10,39,0.0397509,0.0415208,0.085568,70,30
10,40,0.0545453,0.0426819,0.079456,86.6667,13.3333
10,41,0.0614388,0.041713,0.079456,65,35
10,42,0.0114427,0.0152915,0.073344,92.3077,7.69231
10,43,0.0640826,0.0420649,0.067232,55,45
10,44,0.0440473,0.0326519,0.085568,66.6667,33.3333
10,45,0.0100391,0.0099849,0.097792,100,0
10,46,0.035659,0.0389058,0.097792,80,20
10,47,0.0529638,0.0385878,0.073344,75,25
10,48,0.0374994,0.0306781,0.06112,71.4286,28.5714
10,49,0.026837,0.0301641,0.103904,89.4737,10.5263
10,50,0.0158862,0.0180292,0.09168,78.9474,21.0526
10,51,0.0237648,0.0207954,0.116128,86.3636,13.6364
10,52,0.0400496,0.0399305,0.067232,64.7059,35.2941
10,53,0.026326,0.0308787,0.073344,92.3077,7.69231
10,54,0.0174159,0.0154429,0.073344,80,20
10,55,0.0385343,0.039499,0.09168,75,25
10,56,0.068933,0.0370406,0.073344,63.1579,36.8421
10,57,0.0259185,0.029408,0.073344,66.6667,33.3333
10,58,0.0328003,0.0320611,0.097792,84.2105,15.7895
10,59,0.00372935,0.000205124,0.110016,100,0
10,60,0.054268,0.0465795,0.067232,61.1111,38.8889
10,61,0.024259,0.0264454,0.103904,89.4737,10.5263
10,62,0.0217143,0.0147165,0.128352,100,0
10,63,0.0722222,0.0555944,0.055008,56.25,43.75
10,64,0.0367418,0.0395413,0.073344,70.5882,29.4118
10,65,0.0786103,0.0416428,0.06112,52.6316,47.3684
10,66,0.0608212,0.0358978,0.103904,85,15
10,67,0.01871,0.014168,0.09168,83.3333,16.6667
10,68,0.0649871,0.0560021,0.055008,60,40
10,69,0.0587885,0.0451201,0.055008,60,40
10,70,0.0188516,0.0127078,0.073344,66.6667,33.3333
10,71,0.0037443,0.000155664,0.085568,100,0
10,72,0.0577945,0.0382308,0.048896,61.5385,38.4615
10,73,0.00369171,0.000164247,0.103904,100,0
10,74,0.00595891,0.00334156,0.116128,100,0
12,0,0.0392847,0.0379104,0.085568,82.3529,17.6471
12,1,0.0596366,0.0395716,0.085568,63.6364,36.3636
12,2,0.0574845,0.0523976,0.055008,64.2857,35.7143
12,3,0.0163624,0.013651,0.079456,86.6667,13.3333
12,4,0.0614427,0.0455241,0.06112,62.5,37.5
12,5,0.0677188,0.0512279,0.06112,55.5556,44.4444
12,6,0.0495446,0.0417491,0.085568,70,30
12,7,0.00566538,0.00252646,0.116128,100,0
12,8,0.00528732,0.00245796,0.128352,100,0
12,9,0.00374107,0.000163567,0.103904,100,0
12,10,0.0906206,0.0457892,0.042784,43.75,56.25
12,11,0.054371,0.0540684,0.079456,72.2222,27.7778
12,12,0.0720432,0.0422167,0.055008,60,40
12,13,0.0145128,0.0110679,0.116128,100,0
12,14,0.00713788,0.00509314,0.09168,100,0
12,15,0.0703466,0.0439,0.073344,63.1579,36.8421
12,16,0.0349389,0.0358836,0.116128,79.1667,20.8333
12,17,0.0857101,0.043293,0.036672,35.2941,64.7059
12,18,0.00707697,0.00563934,0.079456,100,0
12,19,0.00370221,0.000172796,0.09168,100,0
12,20,0.0822773,0.0507168,0.012224,10.5263,89.4737
12,21,0.0709037,0.038499,0.06112,66.6667,33.3333
12,22,0.0102801,0.00774822,0.085568,100,0
12,23,0.0390968,0.0409678,0.067232,73.3333,26.6667
12,24,0.00983603,0.010538,0.067232,73.3333,26.6667
12,25,0.015903,0.015499,0.09168,100,0
12,26,0.0670996,0.0464032,0.06112,66.6667,33.3333
12,27,0.00403157,0.000211923,0.116128,100,0
12,28,0.0358215,0.0436527,0.073344,75,25
12,29,0.0150152,0.0171682,0.067232,73.3333,26.6667
12,30,0.0761323,0.052973,0.042784,43.75,56.25
12,31,0.0575442,0.0369843,0.055008,50,50
12,32,0.0550067,0.0484543,0.067232,64.7059,35.2941
12,33,0.069155,0.0521644,0.036672,42.8571,57.1429
12,34,0.00845985,0.00528905,0.073344,92.3077,7.69231
12,35,0.0691366,0.0423119,0.073344,63.1579,36.8421
12,36,0.00551946,0.00247514,0.103904,100,0
12,37,0.0198202,0.0190191,0.09168,83.3333,16.6667
12,38,0.0242013,0.029676,0.09168,88.2353,11.7647
12,39,0.0404481,0.0426436,0.079456,81.25,18.75
12,40,0.0448251,0.0373013,0.103904,100,0
12,41,0.0567085,0.0415431,0.097792,80,20
12,42,0.011337,0.0140571,0.116128,95,5
12,43,0.0583369,0.0379836,0.09168,68.1818,31.8182
12,44,0.0445803,0.0354091,0.067232,68.75,31.25
12,45,0.00871863,0.0079338,0.097792,100,0
12,46,0.0409593,0.0422023,0.06112,58.8235,41.1765
12,47,0.0551092,0.0395792,0.079456,65,35
12,48,0.0337722,0.0322162,0.097792,84.2105,15.7895
12,49,0.0236175,0.0261107,0.103904,89.4737,10.5263
12,50,0.0214275,0.0215046,0.048896,72.7273,27.2727
12,51,0.0274593,0.0243523,0.073344,70.5882,29.4118
12,52,0.0429508,0.0379888,0.067232,68.75,31.25
12,53,0.024162,0.0280927,0.073344,92.3077,7.69231
12,54,0.0203899,0.0205857,0.085568,82.3529,17.6471
12,55,0.0411367,0.0426562,0.085568,73.6842,26.3158
12,56,0.0726705,0.0371692,0.055008,56.25,43.75
12,57,0.0238945,0.0271809,0.116128,100,0
12,58,0.0382702,0.034078,0.09168,71.4286,28.5714
12,59,0.00364178,0.000164585,0.103904,100,0
12,60,0.0522511,0.0457315,0.067232,73.3333,26.6667
12,61,0.0230835,0.0254773,0.085568,93.3333,6.66667
12,62,0.0177918,0.0116211,0.09168,100,0
12,63,0.0778647,0.0460845,0.055008,47.3684,52.6316
12,64,0.0464827,0.041661,0.079456,68.4211,31.5789
12,65,0.075692,0.0452421,0.036672,35.2941,64.7059
12,66,0.06087,0.0415434,0.073344,70.5882,29.4118
12,67,0.0205852,0.0175784,0.110016,85.7143,14.2857
12,68,0.0625868,0.0549502,0.048896,72.7273,27.2727
12,69,0.056264,0.0414943,0.06112,62.5,37.5
12,70,0.0178658,0.0135962,0.067232,91.6667,8.33333
12,71,0.00548955,0.00264926,0.079456,86.6667,13.3333
12,72,0.0623216,0.0374899,0.067232,55,45
12,73,0.00370138,0.000129553,0.134464,100,0
12,74,0.00665674,0.00500632,0.116128,95,5
14,0,0.0423227,0.0421445,0.055008,60,40
14,1,0.0582579,0.0378635,0.073344,70.5882,29.4118
14,2,0.0622541,0.0486974,0.055008,52.9412,47.0588
14,3,0.0159578,0.0142096,0.085568,93.3333,6.66667
14,4,0.0573261,0.0480968,0.067232,78.5714,21.4286
14,5,0.071471,0.0490681,0.055008,60,40
14,6,0.0534362,0.0425453,0.085568,70,30
14,7,0.00534917,0.00212334,0.103904,100,0
14,8,0.00500477,0.00209647,0.097792,100,0
14,9,0.00375834,0.000136696,0.116128,100,0
14,10,0.0897095,0.0415553,0.042784,36.8421,63.1579
14,11,0.0578011,0.0525948,0.042784,58.3333,41.6667
14,12,0.0731033,0.0428522,0.06112,58.8235,41.1765
14,13,0.0174254,0.0149914,0.079456,81.25,18.75
14,14,0.00799928,0.00634091,0.097792,94.1176,5.88235
14,15,0.0705977,0.045501,0.06112,62.5,37.5
14,16,0.0379986,0.0389271,0.079456,76.4706,23.5294
14,17,0.0878348,0.0400835,0.018336,16.6667,83.3333
14,18,0.00628921,0.00449801,0.116128,100,0
14,19,0.00473532,0.00226421,0.09168,93.75,6.25
14,20,0.0807709,0.0560849,0.018336,16.6667,83.3333
14,21,0.0724906,0.0410919,0.067232,57.8947,42.1053
14,22,0.0106038,0.00846589,0.103904,89.4737,10.5263
14,23,0.035698,0.0391416,0.097792,88.8889,11.1111
14,24,0.0113642,0.0130398,0.097792,88.8889,11.1111
14,25,0.0170889,0.0176038,0.085568,87.5,12.5
14,26,0.0713145,0.0420992,0.042784,35,65
14,27,0.00397891,0.000180615,0.116128,100,0
14,28,0.0385239,0.0467165,0.079456,68.4211,31.5789
14,29,0.0168819,0.0197433,0.067232,91.6667,8.33333
14,30,0.0748543,0.0516288,0.036672,46.1538,53.8462
14,31,0.0597064,0.0376104,0.055008,52.9412,47.0588
14,32,0.0590853,0.0477409,0.048896,53.3333,46.6667
14,33,0.0715134,0.0515838,0.042784,46.6667,53.3333
14,34,0.00917294,0.00659186,0.09168,100,0
14,35,0.0664066,0.0416214,0.06112,58.8235,41.1765
14,36,0.00521111,0.0020617,0.110016,100,0
14,37,0.0196875,0.0196794,0.073344,92.3077,7.69231
14,38,0.0232932,0.0285048,0.079456,86.6667,13.3333
14,39,0.0408776,0.0424882,0.073344,66.6667,33.3333
14,40,0.0389299,0.032954,0.085568,93.3333,6.66667
14,41,0.058967,0.0401033,0.06112,62.5,37.5
14,42,0.0156241,0.0158057,0.067232,73.3333,26.6667
14,43,0.0600346,0.0403588,0.067232,68.75,31.25
14,44,0.0477427,0.038984,0.055008,60,40
14,45,0.00889518,0.00757705,0.103904,94.4444,5.55556
14,46,0.0419461,0.0434996,0.067232,78.5714,21.4286
14,47,0.0563213,0.040742,0.079456,76.4706,23.5294
14,48,0.0310009,0.0291994,0.12224,86.9565,13.0435
14,49,0.0223759,0.0245754,0.079456,100,0
14,50,0.0195992,0.0196758,0.097792,94.1176,5.88235
14,51,0.0261151,0.0236408,0.09168,93.75,6.25
14,52,0.0424798,0.0388909,0.079456,76.4706,23.5294
14,53,0.0286697,0.0306236,0.06112,66.6667,33.3333
14,54,0.0240659,0.0247401,0.06112,62.5,37.5
14,55,0.0420545,0.0433123,0.067232,78.5714,21.4286
14,56,0.0730061,0.039191,0.055008,60,40
14,57,0.0248531,0.0269739,0.048896,72.7273,27.2727
14,58,0.0408414,0.0377971,0.042784,58.3333,41.6667
14,59,0.00513867,0.00231302,0.073344,92.3077,7.69231
14,60,0.0482082,0.0438701,0.079456,81.25,18.75
14,61,0.0202085,0.0227897,0.079456,100,0
14,62,0.0149485,0.0092835,0.110016,100,0
14,63,0.0752456,0.0505763,0.024448,28.5714,71.4286
14,64,0.0460559,0.0408153,0.073344,75,25
14,65,0.0740473,0.0475872,0.055008,56.25,43.75
14,66,0.0588446,0.0428616,0.06112,71.4286,28.5714
14,67,0.0200614,0.0176564,0.067232,91.6667,8.33333
14,68,0.0632322,0.0528037,0.085568,70,30
14,69,0.0559456,0.0442813,0.079456,72.2222,27.7778
14,70,0.0188867,0.0161221,0.085568,82.3529,17.6471
14,71,0.00821344,0.00657282,0.079456,92.8571,7.14286
14,72,0.0622667,0.0394558,0.06112,66.6667,33.3333
14,73,0.00364683,0.000123852,0.085568,100,0
14,74,0.00768984,0.00595258,0.085568,87.5,12.5
16,0,0.0418885,0.0438886,0.103904,80.9524,19.0476
16,1,0.0589537,0.0391406,0.036672,50,50
16,2,0.0584101,0.0446552,0.09168,78.9474,21.0526
16,3,0.0135799,0.011485,0.128352,100,0
16,4,0.0587212,0.0450374,0.06112,62.5,37.5
16,5,0.0705616,0.051651,0.06112,62.5,37.5
16,6,0.0534959,0.0433129,0.048896,66.6667,33.3333
16,7,0.00516636,0.00184314,0.097792,94.1176,5.88235
16,8,0.00594181,0.00345399,0.110016,94.7368,5.26316
16,9,0.00373964,0.000126155,0.097792,100,0
16,10,0.0881012,0.0402394,0.024448,25,75
16,11,0.0569082,0.0491153,0.073344,75,25
16,12,0.0685762,0.0437393,0.055008,60,40
16,13,0.0153997,0.0128614,0.097792,94.1176,5.88235
16,14,0.00873595,0.00736541,0.085568,93.3333,6.66667
16,15,0.0732148,0.0434486,0.042784,38.8889,61.1111
16,16,0.0375525,0.0382024,0.067232,68.75,31.25
16,17,0.0913838,0.0393888,0.018336,20,80
16,18,0.00589613,0.00384705,0.097792,100,0
16,19,0.0046383,0.00196111,0.097792,100,0
16,20,0.0827787,0.0514458,0.024448,20,80
16,21,0.0730018,0.0406283,0.06112,66.6667,33.3333
16,22,0.00955894,0.00719958,0.103904,100,0
16,23,0.0357896,0.038599,0.055008,75,25
16,24,0.0135978,0.0133444,0.079456,92.8571,7.14286
16,25,0.0190781,0.0187585,0.085568,82.3529,17.6471
16,26,0.0736973,0.0410682,0.03056,35.7143,64.2857
16,27,0.00394053,0.000164316,0.097792,100,0
16,28,0.0400271,0.0474567,0.085568,82.3529,17.6471
16,29,0.0188026,0.0204284,0.073344,80,20
16,30,0.0705473,0.048767,0.06112,58.8235,41.1765
16,31,0.0606877,0.0410857,0.042784,38.8889,61.1111
16,32,0.0601355,0.0467539,0.079456,61.9048,38.0952
16,33,0.0688161,0.0549876,0.048896,61.5385,38.4615
16,34,0.00972955,0.00760397,0.085568,93.3333,6.66667
16,35,0.0672975,0.0416966,0.055008,64.2857,35.7143
16,36,0.00506224,0.00178387,0.110016,100,0
16,37,0.0201352,0.0208371,0.055008,75,25
16,38,0.0227448,0.0286814,0.103904,89.4737,10.5263
16,39,0.0446192,0.0434804,0.067232,55,45
16,40,0.0331097,0.0287086,0.110016,94.7368,5.26316
16,41,0.0582964,0.0411016,0.085568,70,30
16,42,0.0153302,0.0166434,0.085568,93.3333,6.66667
16,43,0.0607206,0.0426323,0.06112,66.6667,33.3333
16,44,0.053834,0.0395384,0.079456,59.0909,40.9091
16,45,0.00794633,0.00707313,0.128352,100,0
16,46,0.0429253,0.0424696,0.09168,75,25
16,47,0.0541999,0.0396922,0.067232,73.3333,26.6667
16,48,0.0345354,0.0318351,0.067232,61.1111,38.8889
16,49,0.0218691,0.0236113,0.048896,66.6667,33.3333
16,50,0.0197921,0.0215143,0.085568,87.5,12.5
16,51,0.0248744,0.0232817,0.06112,83.3333,16.6667
16,52,0.0405244,0.0365345,0.079456,72.2222,27.7778
16,53,0.0334916,0.0336948,0.073344,66.6667,33.3333
16,54,0.0246487,0.0256647,0.067232,84.6154,15.3846
16,55,0.0387931,0.0401619,0.09168,88.2353,11.7647
16,56,0.0728086,0.0404561,0.06112,52.6316,47.3684
16,57,0.024828,0.0263159,0.110016,85.7143,14.2857
16,58,0.0385655,0.0356566,0.079456,92.8571,7.14286
16,59,0.00632035,0.00399724,0.067232,78.5714,21.4286
16,60,0.0493503,0.0448219,0.067232,64.7059,35.2941
16,61,0.0171855,0.018648,0.116128,100,0
16,62,0.0131549,0.00781549,0.103904,100,0
16,63,0.0750426,0.0520074,0.048896,44.4444,55.5556
16,64,0.0479331,0.0431524,0.067232,68.75,31.25
16,65,0.0766718,0.0452182,0.036672,35.2941,64.7059
16,66,0.0605091,0.0435546,0.06112,62.5,37.5
16,67,0.021678,0.0197378,0.067232,61.1111,38.8889
16,68,0.0622206,0.0556271,0.067232,55,45
16,69,0.0586319,0.0457368,0.09168,71.4286,28.5714
16,70,0.0184818,0.0162056,0.073344,100,0
16,71,0.00751469,0.0055638,0.103904,100,0
16,72,0.0604214,0.0411069,0.079456,72.2222,27.7778
16,73,0.00367486,0.000118266,0.09168,100,0
16,74,0.00948275,0.00817942,0.110016,94.7368,5.26316
18,0,0.0440182,0.0439123,0.06112,58.8235,41.1765
18,1,0.0624082,0.0385161,0.055008,64.2857,35.7143
18,2,0.0554315,0.0436089,0.067232,73.3333,26.6667
18,3,0.0124336,0.0101095,0.09168,100,0
18,4,0.0558205,0.0469463,0.073344,75,25
18,5,0.0712886,0.0519788,0.06112,66.6667,33.3333
18,6,0.0554572,0.0459338,0.055008,52.9412,47.0588
18,7,0.00502421,0.00168137,0.073344,100,0
18,8,0.00565295,0.00303719,0.103904,100,0
18,9,0.00449861,0.000878067,0.09168,93.75,6.25
18,10,0.0838446,0.0419565,0.036672,30,70
18,11,0.0596787,0.0488641,0.055008,45,55
18,12,0.066623,0.0439155,0.048896,66.6667,33.3333
18,13,0.014571,0.0122495,0.134464,100,0
18,14,0.0105792,0.00924857,0.073344,75,25
18,15,0.0734155,0.041997,0.055008,60,40
18,16,0.0396073,0.0412595,0.073344,66.6667,33.3333
18,17,0.0903078,0.042316,0.036672,40,60
18,18,0.00549483,0.00325713,0.12224,100,0
18,19,0.00447748,0.00170721,0.103904,100,0
18,20,0.081313,0.0498191,0.03056,31.25,68.75
18,21,0.0737935,0.0424963,0.055008,56.25,43.75
18,22,0.00884251,0.00631987,0.097792,100,0
18,23,0.0364586,0.0400675,0.085568,73.6842,26.3158
18,24,0.0150435,0.013251,0.097792,84.2105,15.7895
18,25,0.0171699,0.0167043,0.09168,100,0
18,26,0.0751883,0.039943,0.012224,16.6667,83.3333
18,27,0.00396515,0.000163113,0.09168,100,0
18,28,0.0434046,0.0462501,0.067232,57.8947,42.1053
18,29,0.0186798,0.0194866,0.12224,95.2381,4.7619
18,30,0.0709837,0.0494468,0.067232,52.381,47.619
18,31,0.0578177,0.0400773,0.048896,72.7273,27.2727
18,32,0.0623095,0.0465675,0.048896,53.3333,46.6667
18,33,0.0706643,0.0542842,0.042784,46.6667,53.3333
18,34,0.0089208,0.00661932,0.097792,100,0
18,35,0.0650843,0.0436645,0.073344,80,20
18,36,0.00491163,0.00155667,0.12224,100,0
18,37,0.0198258,0.0205347,0.116128,95,5
18,38,0.0242087,0.0276661,0.09168,75,25
18,39,0.0468808,0.0449429,0.073344,66.6667,33.3333
18,40,0.0325628,0.0295495,0.09168,83.3333,16.6667
18,41,0.0583529,0.0432966,0.085568,63.6364,36.3636
18,42,0.0157256,0.0159253,0.103904,89.4737,10.5263
18,43,0.0595652,0.0420853,0.073344,75,25
18,44,0.0529687,0.0393941,0.073344,75,25
18,45,0.00743498,0.00626912,0.09168,100,0
18,46,0.0443906,0.0442988,0.079456,72.2222,27.7778
18,47,0.053819,0.0417778,0.079456,68.4211,31.5789
18,48,0.0354594,0.0337403,0.09168,88.2353,11.7647
18,49,0.0256282,0.0239953,0.097792,84.2105,15.7895
18,50,0.0188623,0.0203913,0.09168,88.2353,11.7647
18,51,0.0238705,0.0208037,0.103904,94.4444,5.55556
18,52,0.0399153,0.0371545,0.073344,92.3077,7.69231
18,53,0.0341406,0.0356539,0.085568,82.3529,17.6471
18,54,0.0225814,0.023801,0.097792,100,0
18,55,0.0393508,0.0393809,0.073344,80,20
18,56,0.0722385,0.0403833,0.085568,73.6842,26.3158
18,57,0.0235842,0.0243907,0.12224,95.2381,4.7619
18,58,0.0413222,0.0385447,0.067232,61.1111,38.8889
18,59,0.00821842,0.00670352,0.110016,100,0
18,60,0.0522616,0.0443506,0.055008,52.9412,47.0588
18,61,0.0149902,0.0156491,0.12224,100,0
18,62,0.0116205,0.00652724,0.128352,100,0
18,63,0.078132,0.0482181,0.042784,50,50
18,64,0.0429429,0.0389659,0.085568,93.3333,6.66667
18,65,0.082929,0.0441319,0.042784,41.1765,58.8235
18,66,0.0615298,0.0434387,0.048896,53.3333,46.6667
18,67,0.0252978,0.024232,0.073344,80,20
18,68,0.0633686,0.0557708,0.073344,75,25
18,69,0.0594803,0.0462256,0.06112,66.6667,33.3333
18,70,0.0201789,0.0181528,0.079456,81.25,18.75
18,71,0.00705992,0.00490709,0.09168,100,0
18,72,0.0619045,0.0414763,0.048896,61.5385,38.4615
18,73,0.00365992,0.000109877,0.12224,100,0
18,74,0.0113953,0.00955268,0.09168,75,25
20,0,0.0435786,0.0438095,0.079456,92.8571,7.14286
20,1,0.0625871,0.0391669,0.073344,70.5882,29.4118
20,2,0.0579957,0.0442454,0.067232,64.7059,35.2941
20,3,0.0114295,0.0089726,0.097792,100,0
20,4,0.0558828,0.048034,0.067232,64.7059,35.2941
20,5,0.0678343,0.0512709,0.06112,66.6667,33.3333
20,6,0.0565245,0.0446435,0.073344,63.1579,36.8421
20,7,0.00490543,0.00147631,0.116128,100,0
20,8,0.0054263,0.00265398,0.128352,100,0
20,9,0.00510569,0.00280287,0.103904,94.4444,5.55556
20,10,0.0851421,0.0404936,0.024448,23.5294,76.4706
20,11,0.0606794,0.0489952,0.06112,62.5,37.5
20,12,0.0651461,0.0458301,0.110016,72,28
20,13,0.0131366,0.0106012,0.128352,100,0
20,14,0.0106317,0.00942973,0.116128,95,5
20,15,0.0733493,0.0423167,0.042784,43.75,56.25
20,16,0.0414298,0.0416,0.09168,83.3333,16.6667
20,17,0.0887112,0.0425802,0.03056,22.7273,77.2727
20,18,0.00531327,0.00294849,0.085568,100,0
20,19,0.00428708,0.00145068,0.140576,100,0
20,20,0.0826181,0.0475656,0.012224,13.3333,86.6667
20,21,0.0714456,0.0428816,0.067232,73.3333,26.6667
20,22,0.00928994,0.00705603,0.09168,88.2353,11.7647
20,23,0.0383226,0.041223,0.073344,75,25
20,24,0.0179173,0.0170495,0.09168,78.9474,21.0526
20,25,0.0166375,0.0158074,0.079456,81.25,18.75
20,26,0.0756277,0.0437282,0.03056,29.4118,70.5882
20,27,0.00393316,0.000153829,0.103904,100,0
20,28,0.0432627,0.046354,0.067232,78.5714,21.4286
20,29,0.0173798,0.0178065,0.067232,91.6667,8.33333
20,30,0.0728368,0.048758,0.042784,35,65
20,31,0.058047,0.0407433,0.036672,42.8571,57.1429
20,32,0.0632842,0.0456987,0.06112,66.6667,33.3333
20,33,0.0702431,0.0511519,0.048896,66.6667,33.3333
20,34,0.00822692,0.00578073,0.110016,100,0
20,35,0.0662552,0.0434519,0.067232,55,45
20,36,0.00477169,0.00139223,0.116128,100,0
20,37,0.0217707,0.0236185,0.103904,77.2727,22.7273
20,38,0.028879,0.0309509,0.073344,63.1579,36.8421
20,39,0.0471161,0.0442397,0.103904,77.2727,22.7273
20,40,0.033673,0.0309348,0.073344,60,40
20,41,0.0599143,0.0423515,0.073344,60,40
20,42,0.0143333,0.0139859,0.097792,100,0
20,43,0.0586638,0.0426208,0.073344,66.6667,33.3333
20,44,0.0508915,0.0398652,0.079456,72.2222,27.7778
20,45,0.00699312,0.00551457,0.110016,100,0
20,46,0.0451401,0.0456175,0.09168,75,25
20,47,0.0556104,0.0420184,0.055008,56.25,43.75
20,48,0.0359893,0.0353179,0.06112,66.6667,33.3333
20,49,0.0254163,0.0242539,0.073344,85.7143,14.2857
20,50,0.0181441,0.0195333,0.09168,100,0
20,51,0.0223267,0.019982,0.09168,88.2353,11.7647
20,52,0.0373205,0.0338837,0.116128,86.3636,13.6364
20,53,0.0365655,0.0358009,0.048896,53.3333,46.6667
20,54,0.0208979,0.0218944,0.116128,95,5
20,55,0.0418702,0.0401397,0.079456,68.4211,31.5789
20,56,0.0717474,0.0410406,0.03056,45.4545,54.5455
20,57,0.0245596,0.0255622,0.09168,83.3333,16.6667
20,58,0.0433658,0.042087,0.079456,76.4706,23.5294
20,59,0.00970082,0.00847355,0.103904,89.4737,10.5263
20,60,0.0530073,0.0471267,0.085568,77.7778,22.2222
20,61,0.0137654,0.0139636,0.09168,100,0
20,62,0.0107428,0.00580096,0.097792,100,0
20,63,0.0790054,0.0458497,0.042784,38.8889,61.1111
20,64,0.0426637,0.0383433,0.073344,75,25
20,65,0.0819551,0.0451811,0.03056,31.25,68.75
20,66,0.0622566,0.045243,0.073344,63.1579,36.8421
20,67,0.0266116,0.0262406,0.073344,80,20
20,68,0.0638147,0.0553148,0.055008,60,40
20,69,0.0585378,0.0463627,0.067232,73.3333,26.6667
20,70,0.0205953,0.0201715,0.085568,87.5,12.5
20,71,0.00766892,0.00581813,0.09168,93.75,6.25
20,72,0.0591623,0.0413126,0.067232,68.75,31.25
20,73,0.00364584,0.000109263,0.103904,100,0
20,74,0.0132707,0.0101621,0.085568,87.5,12.5
22,0,0.0434484,0.0426795,0.09168,75,25
22,1,0.0602144,0.0383184,0.06112,71.4286,28.5714
22,2,0.0573484,0.0451029,0.073344,70.5882,29.4118
22,3,0.0130885,0.0106205,0.097792,84.2105,15.7895
22,4,0.0561839,0.0484919,0.085568,66.6667,33.3333
22,5,0.0692567,0.0506405,0.042784,53.8462,46.1538
22,6,0.0547194,0.0456267,0.067232,78.5714,21.4286
22,7,0.00481709,0.00136588,0.079456,100,0
22,8,0.00529632,0.00248981,0.067232,100,0
22,9,0.00492014,0.00247105,0.128352,100,0
22,10,0.0850691,0.0403855,0.018336,16.6667,83.3333
22,11,0.0622654,0.050406,0.06112,55.5556,44.4444
22,12,0.0658179,0.0467226,0.055008,50,50
22,13,0.013271,0.011038,0.073344,92.3077,7.69231
22,14,0.0104579,0.00963947,0.110016,100,0
22,15,0.0749689,0.0419072,0.048896,53.3333,46.6667
22,16,0.0413128,0.0407193,0.067232,73.3333,26.6667
22,17,0.0860264,0.0450744,0.042784,38.8889,61.1111
22,18,0.00517543,0.00265237,0.128352,100,0
22,19,0.00425772,0.00131471,0.12224,95.2381,4.7619
22,20,0.0854534,0.0459166,0.018336,15,85
22,21,0.0715982,0.0445971,0.055008,64.2857,35.7143
22,22,0.00968632,0.00770528,0.085568,100,0
22,23,0.0385306,0.0412588,0.073344,75,25
22,24,0.0171486,0.0161119,0.110016,94.7368,5.26316
22,25,0.0169566,0.0162519,0.09168,100,0
22,26,0.0791348,0.0429779,0.03056,29.4118,70.5882
22,27,0.00395074,0.000206815,0.073344,100,0
22,28,0.0432968,0.0456916,0.079456,72.2222,27.7778
22,29,0.0187698,0.0194769,0.097792,88.8889,11.1111
22,30,0.0751808,0.0499059,0.03056,31.25,68.75
22,31,0.0601717,0.0402635,0.042784,41.1765,58.8235
22,32,0.0629137,0.0465804,0.048896,53.3333,46.6667
22,33,0.0727965,0.0503108,0.073344,52.1739,47.8261
22,34,0.0078105,0.005267,0.085568,100,0
22,35,0.0656502,0.045074,0.06112,66.6667,33.3333
22,36,0.00470525,0.00130735,0.09168,100,0
22,37,0.0222031,0.0240884,0.06112,90.9091,9.09091
22,38,0.0307784,0.0326578,0.067232,78.5714,21.4286
22,39,0.0470413,0.0452902,0.079456,72.2222,27.7778
22,40,0.0344264,0.0321943,0.085568,93.3333,6.66667
22,41,0.0621439,0.043298,0.073344,70.5882,29.4118
22,42,0.0143426,0.0141181,0.079456,86.6667,13.3333
22,43,0.0590626,0.045103,0.079456,72.2222,27.7778
22,44,0.0492967,0.0383626,0.073344,66.6667,33.3333
22,45,0.00665379,0.00498345,0.097792,100,0
22,46,0.044673,0.0457113,0.073344,75,25
22,47,0.0558406,0.0436148,0.048896,61.5385,38.4615
22,48,0.0362406,0.0373787,0.09168,83.3333,16.6667
22,49,0.0243739,0.0234315,0.079456,76.4706,23.5294
22,50,0.0184965,0.0201772,0.097792,84.2105,15.7895
22,51,0.0242418,0.0206822,0.067232,64.7059,35.2941
22,52,0.0360255,0.0323016,0.073344,75,25
22,53,0.0375763,0.0342857,0.085568,70,30
22,54,0.0199196,0.0211689,0.085568,93.3333,6.66667
22,55,0.0412165,0.0409109,0.067232,68.75,31.25
22,56,0.0691841,0.0420639,0.09168,68.1818,31.8182
22,57,0.0222194,0.0226666,0.103904,100,0
22,58,0.0458696,0.0417856,0.048896,50,50
22,59,0.0107996,0.00979473,0.110016,90,10
22,60,0.0532467,0.0487521,0.06112,66.6667,33.3333
22,61,0.0125915,0.0123707,0.110016,94.7368,5.26316
22,62,0.0102324,0.00539937,0.067232,100,0
22,63,0.0747856,0.0470824,0.067232,55,45
22,64,0.0412799,0.0361938,0.073344,75,25
22,65,0.0815271,0.0442613,0.048896,50,50
22,66,0.0626172,0.0452901,0.073344,66.6667,33.3333
22,67,0.0282955,0.0270691,0.067232,73.3333,26.6667
22,68,0.0645874,0.0525083,0.067232,57.8947,42.1053
22,69,0.0571452,0.0456683,0.055008,69.2308,30.7692
22,70,0.0218022,0.0226547,0.079456,81.25,18.75
22,71,0.00719286,0.00513542,0.116128,100,0
22,72,0.0611382,0.0409825,0.067232,61.1111,38.8889
22,73,0.00364145,0.000141906,0.103904,100,0
22,74,0.0144188,0.0117831,0.067232,84.6154,15.3846
24,0,0.0443922,0.0439813,0.067232,73.3333,26.6667
24,1,0.0620867,0.0388235,0.06112,58.8235,41.1765
24,2,0.0581486,0.0440814,0.055008,56.25,43.75
24,3,0.0123343,0.00973788,0.09168,100,0
24,4,0.0564496,0.0488055,0.073344,80,20
24,5,0.0668659,0.0509475,0.085568,73.6842,26.3158
24,6,0.0552684,0.0455461,0.079456,59.0909,40.9091
24,7,0.00469258,0.00123411,0.110016,100,0
24,8,0.00518145,0.00233822,0.073344,100,0
24,9,0.0056015,0.00339047,0.079456,92.8571,7.14286
24,10,0.0852997,0.0430637,0.048896,50,50
24,11,0.0627005,0.0491631,0.048896,66.6667,33.3333
24,12,0.0629539,0.0455835,0.055008,81.8182,18.1818
24,13,0.0129829,0.0106233,0.097792,94.1176,5.88235
24,14,0.0112639,0.0111559,0.085568,93.3333,6.66667
24,15,0.071677,0.0423281,0.06112,58.8235,41.1765
24,16,0.0417681,0.0423266,0.073344,75,25
24,17,0.0860631,0.0451795,0.042784,38.8889,61.1111
24,18,0.00501241,0.00239737,0.110016,100,0
24,19,0.00424737,0.00122001,0.09168,100,0
24,20,0.0854759,0.0492796,0.024448,25,75
24,21,0.0709101,0.044627,0.055008,60,40
24,22,0.00891686,0.0067354,0.140576,100,0
24,23,0.0397431,0.042568,0.06112,62.5,37.5
24,24,0.0175323,0.0167156,0.097792,88.8889,11.1111
24,25,0.0163746,0.0156935,0.110016,94.7368,5.26316
24,26,0.0777551,0.0423395,0.042784,43.75,56.25
24,27,0.00393684,0.000203408,0.079456,100,0
24,28,0.043906,0.0463709,0.055008,69.2308,30.7692
24,29,0.018892,0.0188926,0.09168,88.2353,11.7647
24,30,0.0759029,0.0499345,0.024448,33.3333,66.6667
24,31,0.0622171,0.0396382,0.055008,60,40
24,32,0.0651228,0.0458668,0.06112,45.4545,54.5455
24,33,0.0733684,0.0489437,0.055008,60,40
24,34,0.00737882,0.00474886,0.103904,100,0
24,35,0.0666274,0.044927,0.042784,46.6667,53.3333
24,36,0.0045977,0.0011848,0.128352,100,0
24,37,0.0235937,0.0252739,0.073344,63.1579,36.8421
24,38,0.0308505,0.0327107,0.073344,75,25
24,39,0.0497616,0.0443023,0.048896,50,50
24,40,0.0353153,0.0309131,0.073344,66.6667,33.3333
24,41,0.0621086,0.0431931,0.06112,62.5,37.5
24,42,0.0164408,0.0174452,0.085568,73.6842,26.3158
24,43,0.0604515,0.0437101,0.067232,64.7059,35.2941
24,44,0.0491488,0.0381102,0.085568,73.6842,26.3158
24,45,0.00638079,0.00453376,0.103904,100,0
24,46,0.044601,0.0451979,0.079456,76.4706,23.5294
24,47,0.0566068,0.0443829,0.073344,66.6667,33.3333
24,48,0.0370507,0.0389861,0.06112,66.6667,33.3333
24,49,0.0254452,0.0242182,0.103904,89.4737,10.5263
24,50,0.0181381,0.0186404,0.12224,95.2381,4.7619
24,51,0.02481,0.0213843,0.085568,87.5,12.5
24,52,0.0386077,0.0336159,0.067232,64.7059,35.2941
24,53,0.0380867,0.0359791,0.067232,73.3333,26.6667
24,54,0.018127,0.0188398,0.110016,100,0
24,55,0.0419527,0.0421655,0.06112,83.3333,16.6667
24,56,0.0694805,0.0417399,0.055008,50,50
24,57,0.0217173,0.0222242,0.073344,92.3077,7.69231
24,58,0.0489861,0.0401246,0.048896,53.3333,46.6667
24,59,0.0117699,0.0112057,0.097792,88.8889,11.1111
24,60,0.0534476,0.0474681,0.073344,70.5882,29.4118
24,61,0.0134786,0.0128305,0.06112,90.9091,9.09091
24,62,0.00951213,0.00484238,0.110016,100,0
24,63,0.0752685,0.048424,0.055008,64.2857,35.7143
24,64,0.0428607,0.0381831,0.06112,71.4286,28.5714
24,65,0.0818164,0.0437195,0.055008,52.9412,47.0588
24,66,0.0616742,0.044844,0.06112,66.6667,33.3333
24,67,0.0292809,0.0290463,0.06112,76.9231,23.0769
24,68,0.0636127,0.0509425,0.079456,61.9048,38.0952
24,69,0.0556897,0.0449084,0.079456,81.25,18.75
24,70,0.0225385,0.0230562,0.09168,83.3333,16.6667
24,71,0.00935018,0.00745741,0.09168,75,25
24,72,0.0614235,0.0403849,0.073344,70.5882,29.4118
24,73,0.00367396,0.000141533,0.085568,93.3333,6.66667
24,74,0.0143591,0.0122313,0.085568,93.3333,6.66667
26,0,0.0438086,0.0436048,0.048896,72.7273,27.2727
26,1,0.0620302,0.0395518,0.055008,75,25
26,2,0.0581135,0.044257,0.085568,73.6842,26.3158
26,3,0.0125799,0.010262,0.067232,91.6667,8.33333
26,4,0.0559885,0.0480721,0.067232,61.1111,38.8889
26,5,0.0650881,0.0510455,0.06112,71.4286,28.5714
26,6,0.0576602,0.0445704,0.079456,65,35
26,7,0.00513916,0.00214859,0.103904,94.4444,5.55556
26,8,0.0050618,0.00215361,0.103904,100,0
26,9,0.00794591,0.00483637,0.073344,75,25
26,10,0.0862764,0.0429898,0.012224,12.5,87.5
26,11,0.0632519,0.0483756,0.067232,64.7059,35.2941
26,12,0.0633651,0.0462892,0.042784,38.8889,61.1111
26,13,0.0130577,0.011392,0.085568,93.3333,6.66667
26,14,0.0128111,0.0126913,0.073344,80,20
26,15,0.0727886,0.0426804,0.06112,52.6316,47.3684
26,16,0.0441198,0.04178,0.073344,63.1579,36.8421
26,17,0.0857005,0.0441254,0.024448,23.5294,76.4706
26,18,0.00558826,0.0032019,0.103904,94.4444,5.55556
26,19,0.00490213,0.00213248,0.09168,83.3333,16.6667
26,20,0.0836346,0.0534543,0.024448,26.6667,73.3333
26,21,0.0707859,0.0451055,0.06112,71.4286,28.5714
26,22,0.00849749,0.00623009,0.09168,100,0
26,23,0.0407351,0.0433697,0.048896,72.7273,27.2727
26,24,0.0190896,0.0173559,0.067232,68.75,31.25
26,25,0.0156608,0.0152487,0.110016,94.7368,5.26316
26,26,0.0780515,0.0418263,0.042784,43.75,56.25
26,27,0.00388071,0.000191793,0.097792,100,0
26,28,0.0480607,0.0436994,0.067232,57.8947,42.1053
26,29,0.0180053,0.0180021,0.116128,95,5
26,30,0.0760735,0.0506059,0.024448,23.5294,76.4706
26,31,0.0656187,0.0409751,0.042784,36.8421,63.1579
26,32,0.0645319,0.0459294,0.055008,81.8182,18.1818
26,33,0.0733712,0.0483207,0.042784,43.75,56.25
26,34,0.00845001,0.00640606,0.110016,90,10
26,35,0.0672945,0.0461801,0.079456,72.2222,27.7778
26,36,0.00534118,0.00238353,0.116128,90.4762,9.52381
26,37,0.0243431,0.0257676,0.09168,78.9474,21.0526
26,38,0.0324506,0.0342027,0.055008,69.2308,30.7692
26,39,0.0511433,0.0436822,0.048896,53.3333,46.6667
26,40,0.0358713,0.0319039,0.048896,66.6667,33.3333
26,41,0.0611222,0.0443203,0.079456,76.4706,23.5294
26,42,0.0174051,0.0195267,0.085568,87.5,12.5
26,43,0.0602962,0.0453993,0.073344,70.5882,29.4118
26,44,0.0477054,0.0366451,0.079456,76.4706,23.5294
26,45,0.0061394,0.00415373,0.103904,100,0
26,46,0.0442728,0.0440266,0.073344,70.5882,29.4118
26,47,0.0548395,0.0453517,0.067232,78.5714,21.4286
26,48,0.0375996,0.040905,0.079456,81.25,18.75
26,49,0.0243222,0.0232616,0.09168,100,0
26,50,0.0193797,0.0192068,0.079456,76.4706,23.5294
26,51,0.0243667,0.0215988,0.103904,89.4737,10.5263
26,52,0.0390779,0.0346931,0.06112,76.9231,23.0769
26,53,0.039957,0.036735,0.067232,68.75,31.25
26,54,0.0168192,0.017162,0.097792,100,0
26,55,0.0419385,0.0428157,0.067232,73.3333,26.6667
26,56,0.0694804,0.0406054,0.085568,63.6364,36.3636
26,57,0.021334,0.0223492,0.103904,89.4737,10.5263
26,58,0.0507081,0.0396852,0.067232,64.7059,35.2941
26,59,0.0118498,0.0113345,0.097792,94.1176,5.88235
26,60,0.0549508,0.0475811,0.036672,40,60
26,61,0.0123483,0.011402,0.128352,100,0
26,62,0.00917172,0.00452862,0.079456,100,0
26,63,0.0749381,0.0477251,0.048896,50,50
26,64,0.0409755,0.0379428,0.085568,87.5,12.5
26,65,0.0788863,0.0419062,0.048896,44.4444,55.5556
26,66,0.0624835,0.0446231,0.06112,58.8235,41.1765
26,67,0.0308652,0.0296416,0.097792,76.1905,23.8095
26,68,0.062529,0.0510257,0.085568,70,30
26,69,0.0561198,0.0446929,0.06112,66.6667,33.3333
26,70,0.0231014,0.0246026,0.09168,78.9474,21.0526
26,71,0.00961272,0.0076708,0.097792,100,0
26,72,0.0618813,0.0397514,0.055008,60,40
26,73,0.00368828,0.000134475,0.128352,100,0
26,74,0.0148889,0.0130632,0.103904,89.4737,10.5263
28,0,0.0434366,0.0435361,0.116128,82.6087,17.3913
28,1,0.061388,0.0391311,0.055008,69.2308,30.7692
28,2,0.0574517,0.0453199,0.085568,70,30
28,3,0.0125371,0.0104477,0.097792,94.1176,5.88235
28,4,0.0570514,0.0489967,0.085568,70,30
28,5,0.0618602,0.0490159,0.079456,72.2222,27.7778
28,6,0.0577925,0.0449738,0.079456,68.4211,31.5789
28,7,0.00561814,0.00285652,0.134464,95.6522,4.34783
28,8,0.00493369,0.00200595,0.097792,100,0
28,9,0.0105679,0.00705,0.06112,66.6667,33.3333
28,10,0.0885045,0.0402126,0.036672,31.5789,68.4211
28,11,0.064945,0.046741,0.042784,38.8889,61.1111
28,12,0.0652322,0.0451009,0.042784,50,50
28,13,0.0142545,0.0127709,0.06112,76.9231,23.0769
28,14,0.0126817,0.013047,0.110016,94.7368,5.26316
28,15,0.0719665,0.0421656,0.055008,56.25,43.75
28,16,0.0446095,0.0429895,0.06112,62.5,37.5
28,17,0.0868859,0.043641,0.03056,33.3333,66.6667
28,18,0.00542332,0.00294396,0.110016,100,0
28,19,0.00546478,0.00291326,0.097792,100,0
28,20,0.0832262,0.056075,0.03056,26.3158,73.6842
28,21,0.0678254,0.0446392,0.067232,78.5714,21.4286
28,22,0.008155,0.00581639,0.085568,100,0
28,23,0.0434247,0.0430634,0.055008,47.3684,52.6316
28,24,0.021219,0.0184448,0.067232,68.75,31.25
28,25,0.0150923,0.0146549,0.128352,95.4545,4.54545
28,26,0.0814326,0.0407566,0.048896,42.1053,57.8947
28,27,0.00383299,0.000179529,0.110016,100,0
28,28,0.0489918,0.0432361,0.055008,60,40
28,29,0.0176898,0.017535,0.085568,93.3333,6.66667
28,30,0.0774303,0.0493622,0.03056,31.25,68.75
28,31,0.0639385,0.0416638,0.085568,82.3529,17.6471
28,32,0.0647618,0.0467861,0.048896,50,50
28,33,0.0723209,0.0472468,0.06112,52.6316,47.3684
28,34,0.008155,0.00600232,0.079456,92.8571,7.14286
28,35,0.0655117,0.0471126,0.073344,80,20
28,36,0.00523324,0.0022338,0.09168,100,0
28,37,0.0268992,0.0281585,0.079456,68.4211,31.5789
28,38,0.0329798,0.0347265,0.09168,78.9474,21.0526
28,39,0.0514888,0.0434927,0.055008,64.2857,35.7143
28,40,0.0381243,0.0329783,0.073344,75,25
28,41,0.060869,0.0444656,0.055008,69.2308,30.7692
28,42,0.0175761,0.0197899,0.110016,94.7368,5.26316
28,43,0.059426,0.0459566,0.085568,73.6842,26.3158
28,44,0.0482007,0.0375641,0.036672,50,50
28,45,0.00591846,0.00373936,0.134464,100,0
28,46,0.0442412,0.0443408,0.073344,80,20
28,47,0.0547399,0.0453531,0.042784,58.3333,41.6667
28,48,0.0382418,0.0415728,0.067232,68.75,31.25
28,49,0.0259495,0.024276,0.067232,64.7059,35.2941
28,50,0.020551,0.0216522,0.079456,81.25,18.75
28,51,0.0234936,0.021244,0.079456,100,0
28,52,0.0391476,0.0373589,0.097792,80,20
28,53,0.0407891,0.0376351,0.067232,73.3333,26.6667
28,54,0.0157555,0.0157578,0.097792,100,0
28,55,0.0426975,0.0436216,0.067232,64.7059,35.2941
28,56,0.0681892,0.0402698,0.06112,71.4286,28.5714
28,57,0.0194871,0.0199944,0.128352,100,0
28,58,0.0519372,0.0408828,0.079456,68.4211,31.5789
28,59,0.0126861,0.0125883,0.079456,86.6667,13.3333
28,60,0.0575082,0.0459514,0.06112,45.4545,54.5455
28,61,0.0118015,0.0106744,0.079456,100,0
28,62,0.0087835,0.00421734,0.085568,100,0
28,63,0.0720732,0.0478616,0.067232,61.1111,38.8889
28,64,0.0396716,0.0374159,0.103904,85,15
28,65,0.0795125,0.0424463,0.036672,35.2941,64.7059
28,66,0.0627151,0.0441223,0.067232,73.3333,26.6667
28,67,0.0313319,0.0307704,0.067232,68.75,31.25
28,68,0.0625964,0.050746,0.055008,60,40
28,69,0.0564247,0.0457255,0.067232,64.7059,35.2941
28,70,0.0240552,0.0254588,0.067232,78.5714,21.4286
28,71,0.0107167,0.00884985,0.067232,84.6154,15.3846
28,72,0.0614492,0.0393348,0.067232,68.75,31.25
28,73,0.00371289,0.00013462,0.103904,100,0
28,74,0.0154719,0.0142886,0.09168,88.2353,11.7647
30,0,0.0450726,0.0447244,0.067232,61.1111,38.8889
30,1,0.0607124,0.0400423,0.06112,66.6667,33.3333
30,2,0.0550641,0.0449064,0.103904,85,15
30,3,0.0118701,0.00966842,0.097792,100,0
30,4,0.057366,0.0497031,0.06112,62.5,37.5
30,5,0.0581925,0.0481385,0.116128,82.6087,17.3913
30,6,0.0597411,0.0438388,0.048896,40,60
30,7,0.00547487,0.00266559,0.097792,94.1176,5.88235
30,8,0.004842,0.00188803,0.085568,93.3333,6.66667
30,9,0.0124987,0.0103636,0.085568,77.7778,22.2222
30,10,0.088054,0.0408747,0.024448,25,75
30,11,0.0640129,0.0471175,0.06112,58.8235,41.1765
30,12,0.0644541,0.0426446,0.09168,71.4286,28.5714
30,13,0.0141062,0.0127501,0.097792,94.1176,5.88235
30,14,0.0132793,0.0141717,0.073344,85.7143,14.2857
30,15,0.0714843,0.0423103,0.06112,66.6667,33.3333
30,16,0.0443091,0.0431179,0.079456,76.4706,23.5294
30,17,0.0877101,0.0426459,0.012224,11.1111,88.8889
30,18,0.00533583,0.00280007,0.085568,100,0
30,19,0.00530465,0.00266891,0.128352,100,0
30,20,0.0839963,0.0558387,0.012224,15.3846,84.6154
30,21,0.0652053,0.0455292,0.079456,72.2222,27.7778
30,22,0.00782407,0.00540679,0.097792,100,0
30,23,0.0438135,0.0435014,0.085568,87.5,12.5
30,24,0.0231226,0.0205795,0.09168,75,25
30,25,0.0156422,0.0155643,0.085568,87.5,12.5
30,26,0.0819626,0.0407214,0.018336,20,80
30,27,0.00380212,0.000170181,0.09168,100,0
30,28,0.049871,0.0436697,0.09168,71.4286,28.5714
30,29,0.0165155,0.0162842,0.103904,100,0
30,30,0.0788373,0.0473781,0.03056,38.4615,61.5385
30,31,0.0642173,0.0424703,0.048896,61.5385,38.4615
30,32,0.0651173,0.0465545,0.067232,68.75,31.25
30,33,0.0712718,0.0480857,0.055008,75,25
30,34,0.00840896,0.00641864,0.110016,100,0
30,35,0.0627044,0.0465149,0.079456,81.25,18.75
30,36,0.00519867,0.0021529,0.067232,100,0
30,37,0.028186,0.0286978,0.073344,80,20
30,38,0.035225,0.0369054,0.079456,65,35
30,39,0.0520044,0.0451966,0.055008,60,40
30,40,0.0384917,0.033539,0.048896,61.5385,38.4615
30,41,0.0611167,0.043749,0.042784,50,50
30,42,0.0164655,0.0183371,0.12224,95.2381,4.7619
30,43,0.0585924,0.0465473,0.067232,73.3333,26.6667
30,44,0.0496791,0.0374899,0.06112,58.8235,41.1765
30,45,0.00576594,0.00347537,0.103904,100,0
30,46,0.0442183,0.0438539,0.067232,64.7059,35.2941
30,47,0.0552261,0.0472157,0.06112,71.4286,28.5714
30,48,0.0393818,0.0416919,0.073344,63.1579,36.8421
30,49,0.025966,0.0239604,0.09168,88.2353,11.7647
30,50,0.0206322,0.0212412,0.079456,81.25,18.75
30,51,0.0240319,0.0223282,0.097792,80,20
30,52,0.0384438,0.0370839,0.073344,75,25
30,53,0.0440409,0.0379504,0.079456,59.0909,40.9091
30,54,0.0145722,0.0142298,0.128352,100,0
30,55,0.0435722,0.0453497,0.073344,80,20
30,56,0.0679752,0.040381,0.067232,57.8947,42.1053
30,57,0.0190258,0.0195333,0.09168,93.75,6.25
30,58,0.0528032,0.0405799,0.085568,66.6667,33.3333
30,59,0.0138116,0.0135615,0.09168,83.3333,16.6667
30,60,0.0586568,0.0454769,0.055008,75,25
30,61,0.0111907,0.00990231,0.097792,100,0
30,62,0.00834904,0.00385297,0.12224,95.2381,4.7619
30,63,0.0697633,0.046985,0.079456,76.4706,23.5294
30,64,0.0379196,0.036119,0.110016,85.7143,14.2857
30,65,0.0786805,0.0430779,0.006112,6.66667,93.3333
30,66,0.0630464,0.045113,0.055008,56.25,43.75
30,67,0.0333235,0.0321603,0.06112,62.5,37.5
30,68,0.0611428,0.0501557,0.097792,72.7273,27.2727
30,69,0.0572789,0.0448798,0.079456,61.9048,38.0952
30,70,0.0246446,0.0267124,0.110016,85.7143,14.2857
30,71,0.0125873,0.0111697,0.073344,63.1579,36.8421
30,72,0.061076,0.0397864,0.06112,66.6667,33.3333
30,73,0.00371801,0.000135123,0.09168,100,0
30,74,0.0153345,0.0142957,0.085568,93.3333,6.66667
32,0,0.044969,0.044395,0.079456,72.2222,27.7778
32,1,0.0604173,0.0412191,0.06112,52.6316,47.3684
32,2,0.0549383,0.0448822,0.055008,60,40
32,3,0.0119454,0.00991514,0.09168,93.75,6.25
32,4,0.05651,0.0494425,0.09168,78.9474,21.0526
32,5,0.0578771,0.0492049,0.055008,60,40
32,6,0.0594153,0.0436842,0.073344,75,25
32,7,0.00537918,0.00251613,0.09168,100,0
32,8,0.00534645,0.00258024,0.103904,100,0
32,9,0.0135959,0.011664,0.06112,76.9231,23.0769
32,10,0.0858605,0.0407983,0.042784,43.75,56.25
32,11,0.0639773,0.0461854,0.073344,75,25
32,12,0.0667052,0.0412383,0.06112,43.4783,56.5217
32,13,0.0141857,0.0129542,0.073344,92.3077,7.69231
32,14,0.0132071,0.0140628,0.097792,94.1176,5.88235
32,15,0.0710638,0.0415834,0.06112,58.8235,41.1765
32,16,0.045744,0.0440745,0.073344,66.6667,33.3333
32,17,0.0898857,0.0448024,0.024448,21.0526,78.9474
32,18,0.00579342,0.00341003,0.110016,94.7368,5.26316
32,19,0.00520132,0.00252996,0.085568,100,0
32,20,0.0847202,0.0537879,0.012224,13.3333,86.6667
32,21,0.0647153,0.0459252,0.048896,57.1429,42.8571
32,22,0.00749622,0.0049803,0.12224,100,0
32,23,0.044263,0.0439513,0.067232,68.75,31.25
32,24,0.0252888,0.0214844,0.048896,57.1429,42.8571
32,25,0.0159078,0.0159142,0.110016,90,10
32,26,0.0829107,0.0415083,0.042784,41.1765,58.8235
32,27,0.00378709,0.000161365,0.116128,100,0
32,28,0.050311,0.0426854,0.06112,66.6667,33.3333
32,29,0.0175426,0.0178923,0.09168,78.9474,21.0526
32,30,0.0787532,0.0466918,0.036672,40,60
32,31,0.0636197,0.0432552,0.067232,68.75,31.25
32,32,0.0658088,0.0465512,0.073344,57.1429,42.8571
32,33,0.0695382,0.0485692,0.073344,63.1579,36.8421
32,34,0.00809126,0.00601242,0.09168,100,0
32,35,0.0598261,0.0459145,0.09168,75,25
32,36,0.00514232,0.0020181,0.116128,100,0
32,37,0.0297639,0.0296109,0.042784,53.8462,46.1538
32,38,0.0364928,0.037413,0.073344,75,25
32,39,0.0535401,0.0448066,0.085568,60.8696,39.1304
32,40,0.0389588,0.0351017,0.085568,82.3529,17.6471
32,41,0.0607931,0.0438629,0.067232,64.7059,35.2941
32,42,0.0160895,0.0180842,0.085568,87.5,12.5
32,43,0.0577517,0.045904,0.067232,73.3333,26.6667
32,44,0.0509439,0.0382,0.048896,53.3333,46.6667
32,45,0.0061852,0.00407032,0.09168,93.75,6.25
32,46,0.0450512,0.0437928,0.09168,78.9474,21.0526
32,47,0.054637,0.0470592,0.073344,66.6667,33.3333
32,48,0.0400365,0.042399,0.09168,83.3333,16.6667
32,49,0.0258833,0.0226452,0.097792,88.8889,11.1111
32,50,0.0215639,0.0228153,0.067232,84.6154,15.3846
32,51,0.0239927,0.0222901,0.073344,80,20
32,52,0.0384039,0.036986,0.085568,87.5,12.5
32,53,0.0431041,0.0384238,0.067232,78.5714,21.4286
32,54,0.0136908,0.0130816,0.116128,100,0
32,55,0.0411155,0.0430173,0.085568,87.5,12.5
32,56,0.0675427,0.0415055,0.042784,58.3333,41.6667
32,57,0.0178924,0.0180984,0.103904,100,0
32,58,0.0540469,0.0415567,0.067232,68.75,31.25
32,59,0.0148161,0.0136109,0.067232,73.3333,26.6667
32,60,0.0589134,0.046488,0.079456,68.4211,31.5789
32,61,0.010759,0.00935006,0.079456,92.8571,7.14286
32,62,0.00864461,0.00446811,0.09168,100,0
32,63,0.0690571,0.0455947,0.048896,47.0588,52.9412
32,64,0.0354366,0.0335022,0.085568,93.3333,6.66667
32,65,0.0796755,0.0441161,0.012224,11.1111,88.8889
32,66,0.0634789,0.0434321,0.048896,53.3333,46.6667
32,67,0.0332427,0.0312086,0.073344,80,20
32,68,0.0596951,0.0501315,0.073344,70.5882,29.4118
32,69,0.0568382,0.0459176,0.079456,76.4706,23.5294
32,70,0.0265697,0.0275006,0.055008,64.2857,35.7143
32,71,0.0142236,0.0133601,0.097792,94.1176,5.88235
32,72,0.061844,0.0401861,0.048896,66.6667,33.3333
32,73,0.00370012,0.000131494,0.103904,100,0
32,74,0.0152234,0.0144986,0.067232,78.5714,21.4286
34,0,0.046572,0.0439887,0.055008,56.25,43.75
34,1,0.0620941,0.0407891,0.055008,56.25,43.75
34,2,0.0564006,0.0450485,0.06112,58.8235,41.1765
34,3,0.0124332,0.0105444,0.09168,88.2353,11.7647
34,4,0.0567485,0.0496384,0.055008,64.2857,35.7143
34,5,0.0589573,0.0504339,0.06112,76.9231,23.0769
34,6,0.0589398,0.0444445,0.097792,72.7273,27.2727
34,7,0.00531552,0.0023739,0.097792,100,0
34,8,0.00576561,0.00317786,0.103904,94.4444,5.55556
34,9,0.0162114,0.0134448,0.06112,52.6316,47.3684
34,10,0.087478,0.0405194,0.03056,27.7778,72.2222
34,11,0.0643169,0.0468584,0.067232,68.75,31.25
34,12,0.0677793,0.0404062,0.036672,46.1538,53.8462
34,13,0.0140285,0.0130891,0.079456,76.4706,23.5294
34,14,0.0142269,0.0151937,0.103904,85,15
34,15,0.0726529,0.0403629,0.042784,41.1765,58.8235
34,16,0.0451651,0.0431644,0.067232,73.3333,26.6667
34,17,0.0879734,0.0455657,0.03056,23.8095,76.1905
34,18,0.00619885,0.00394784,0.110016,94.7368,5.26316
34,19,0.00506946,0.00234663,0.12224,100,0
34,20,0.0854253,0.0519143,0.036672,31.5789,68.4211
34,21,0.0650456,0.046777,0.067232,73.3333,26.6667
34,22,0.00725064,0.00466323,0.103904,100,0
34,23,0.0449451,0.0435206,0.067232,57.8947,42.1053
34,24,0.0255286,0.0222563,0.09168,93.75,6.25
34,25,0.0157148,0.0157602,0.09168,88.2353,11.7647
34,26,0.0827775,0.0412057,0.048896,50,50
34,27,0.0037683,0.000157778,0.110016,100,0
34,28,0.0512479,0.0430066,0.042784,53.8462,46.1538
34,29,0.0164827,0.0165511,0.110016,100,0
34,30,0.0759471,0.0471704,0.06112,55.5556,44.4444
34,31,0.0653262,0.0413668,0.048896,50,50
34,32,0.0651548,0.0463235,0.03056,41.6667,58.3333
34,33,0.0693407,0.0487923,0.048896,44.4444,55.5556
34,34,0.00966931,0.00776985,0.067232,73.3333,26.6667
34,35,0.0596653,0.0463502,0.085568,77.7778,22.2222
34,36,0.0050718,0.00191157,0.09168,100,0
34,37,0.0321115,0.0293832,0.042784,41.1765,58.8235
34,38,0.0366297,0.0375071,0.09168,75,25
34,39,0.0531215,0.043512,0.067232,57.8947,42.1053
34,40,0.0373705,0.0338183,0.079456,86.6667,13.3333
34,41,0.0608488,0.0437713,0.06112,66.6667,33.3333
34,42,0.0171386,0.0194518,0.067232,78.5714,21.4286
34,43,0.0574642,0.0459997,0.048896,61.5385,38.4615
34,44,0.0494259,0.0380093,0.085568,93.3333,6.66667
34,45,0.0065982,0.00462451,0.079456,92.8571,7.14286
34,46,0.0427415,0.0416072,0.09168,83.3333,16.6667
34,47,0.056367,0.0469212,0.073344,63.1579,36.8421
34,48,0.0394049,0.0417017,0.079456,86.6667,13.3333
34,49,0.0262769,0.0225474,0.06112,62.5,37.5
34,50,0.0223921,0.0236804,0.067232,73.3333,26.6667
34,51,0.0249426,0.0234473,0.09168,88.2353,11.7647
34,52,0.0396145,0.0370832,0.079456,61.9048,38.0952
34,53,0.0446293,0.0390601,0.067232,61.1111,38.8889
34,54,0.0130344,0.0122529,0.097792,100,0
34,55,0.0429882,0.0421277,0.073344,66.6667,33.3333
34,56,0.0675625,0.0415325,0.055008,60,40
34,57,0.0176029,0.0180312,0.073344,92.3077,7.69231
34,58,0.0541659,0.0419576,0.09168,68.1818,31.8182
34,59,0.0155398,0.0150719,0.09168,88.2353,11.7647
34,60,0.0591205,0.0462379,0.042784,50,50
34,61,0.0116767,0.0103715,0.097792,88.8889,11.1111
34,62,0.00886622,0.00494225,0.110016,90,10
34,63,0.0708956,0.0443012,0.055008,45,55
34,64,0.035565,0.0341019,0.079456,81.25,18.75
34,65,0.0796755,0.0441161,0,0,100
34,66,0.0637388,0.0440894,0.055008,56.25,43.75
34,67,0.0350235,0.0329161,0.06112,62.5,37.5
34,68,0.0579537,0.0503825,0.085568,73.6842,26.3158
34,69,0.0569935,0.0470294,0.079456,68.4211,31.5789
34,70,0.0275357,0.0283867,0.073344,70.5882,29.4118
34,71,0.0156538,0.0154046,0.116128,82.6087,17.3913
34,72,0.0627879,0.0406672,0.055008,64.2857,35.7143
34,73,0.00369451,0.000128311,0.073344,100,0
34,74,0.0160148,0.0159543,0.103904,94.4444,5.55556
36,0,0.0467616,0.0438266,0.048896,88.8889,11.1111
36,1,0.0622492,0.0412595,0.018336,50,50
36,2,0.0556343,0.0451001,0.06112,90.9091,9.09091
36,3,0.0121931,0.0106524,0.042784,100,0
36,4,0.0575202,0.0493724,0.018336,60,40
36,5,0.0566996,0.0495677,0.055008,90,10
36,6,0.0568098,0.0431954,0.06112,90.9091,9.09091
36,7,0.00580947,0.00308199,0.024448,80,20
36,8,0.00570379,0.00309895,0.042784,100,0
36,9,0.0170472,0.0143441,0.036672,75,25
36,10,0.0882417,0.0386524,0.024448,57.1429,42.8571
36,11,0.0646574,0.0463856,0.018336,60,40
36,12,0.068529,0.0398943,0.03056,62.5,37.5
36,13,0.0144348,0.0134077,0.055008,100,0
36,14,0.0145218,0.0156219,0.036672,85.7143,14.2857
36,15,0.0730688,0.0398247,0.012224,33.3333,66.6667
36,16,0.0454084,0.0434578,0.042784,77.7778,22.2222
36,17,0.0885487,0.0466094,0.024448,50,50
36,18,0.0061073,0.00380652,0.06112,100,0
36,19,0.0050292,0.00228309,0.048896,100,0
36,20,0.0862929,0.0503694,0.018336,50,50
36,21,0.0652506,0.0466949,0.03056,62.5,37.5
36,22,0.00715149,0.00452788,0.048896,100,0
36,23,0.0461109,0.0439944,0.042784,87.5,12.5
36,24,0.025477,0.0224435,0.042784,87.5,12.5
36,25,0.0163401,0.0163911,0.06112,90.9091,9.09091
36,26,0.08299,0.0413491,0.024448,40,60
36,27,0.00375807,0.000160391,0.055008,100,0
36,28,0.0520877,0.0428551,0.018336,60,40
36,29,0.0161345,0.0160855,0.042784,100,0
36,30,0.0764335,0.0472214,0.012224,18.1818,81.8182
36,31,0.0648669,0.0419155,0.055008,81.8182,18.1818
36,32,0.0654993,0.0464545,0.018336,33.3333,66.6667
36,33,0.0685662,0.0495143,0.036672,66.6667,33.3333
36,34,0.010345,0.00880212,0.03056,62.5,37.5
36,35,0.0596768,0.0460355,0.036672,66.6667,33.3333
36,36,0.00505202,0.00187944,0.03056,100,0
36,37,0.0327188,0.0293002,0.024448,57.1429,42.8571
36,38,0.0371419,0.0375631,0.024448,80,20
36,39,0.0507211,0.0413902,0.06112,100,0
36,40,0.0360932,0.032531,0.067232,100,0
36,41,0.0609213,0.044245,0.024448,44.4444,55.5556
36,42,0.0173953,0.0198004,0.036672,100,0
36,43,0.057894,0.0459069,0.018336,50,50
36,44,0.0497315,0.0387956,0.024448,57.1429,42.8571
36,45,0.0065033,0.00447335,0.055008,100,0
36,46,0.0429683,0.0421218,0.036672,100,0
36,47,0.0559443,0.0470196,0.036672,100,0
36,48,0.0392057,0.041384,0.024448,80,20
36,49,0.0266579,0.0229238,0.03056,100,0
36,50,0.0233127,0.0253774,0.055008,81.8182,18.1818
36,51,0.0264391,0.0236235,0.036672,60,40
36,52,0.0403665,0.0376299,0.03056,62.5,37.5
36,53,0.0453348,0.0397104,0.03056,71.4286,28.5714
36,54,0.0127084,0.011829,0.055008,100,0
36,55,0.0439009,0.0424719,0.03056,62.5,37.5
36,56,0.0671997,0.0415699,0.042784,63.6364,36.3636
36,57,0.0177687,0.0183263,0.042784,87.5,12.5
36,58,0.0536738,0.0415212,0.036672,66.6667,33.3333
36,59,0.0152086,0.0146505,0.042784,87.5,12.5
36,60,0.0592239,0.0466727,0.024448,36.3636,63.6364
36,61,0.0113785,0.0100073,0.055008,100,0
36,62,0.00928952,0.00559861,0.036672,85.7143,14.2857
36,63,0.0715401,0.0443752,0.03056,55.5556,44.4444
36,64,0.0362174,0.0340637,0.012224,50,50
36,65,0.079819,0.0433849,0.012224,22.2222,77.7778
36,66,0.0639886,0.0439757,0.03056,62.5,37.5
36,67,0.035625,0.0333745,0.03056,62.5,37.5
36,68,0.0568588,0.0498823,0.055008,81.8182,18.1818
36,69,0.0568443,0.0476912,0.03056,62.5,37.5
36,70,0.0290422,0.0293746,0.048896,72.7273,27.2727
36,71,0.0159212,0.0156729,0.036672,85.7143,14.2857
36,72,0.0618764,0.0409975,0.03056,71.4286,28.5714
36,73,0.00369075,0.000126493,0.042784,100,0
36,74,0.016337,0.0162891,0.03056,71.4286,28.5714
38,0,0.0467616,0.0438266,0,0,0
38,1,0.0622492,0.0412595,0,0,0
38,2,0.0556343,0.0451001,0,0,0
38,3,0.0121931,0.0106524,0,0,0
38,4,0.0575202,0.0493724,0,0,0
38,5,0.0566996,0.0495677,0,0,0
38,6,0.0568098,0.0431954,0,0,0
38,7,0.00580947,0.00308199,0,0,0
38,8,0.00570379,0.00309895,0,0,0
38,9,0.0170472,0.0143441,0,0,0
38,10,0.0882417,0.0386524,0,0,0
38,11,0.0646574,0.0463856,0,0,0
38,12,0.068529,0.0398943,0,0,0
38,13,0.0144348,0.0134077,0,0,0
38,14,0.0145218,0.0156219,0,0,0
38,15,0.0730688,0.0398247,0,0,0
38,16,0.0454084,0.0434578,0,0,0
38,17,0.0885487,0.0466094,0,0,0
38,18,0.0061073,0.00380652,0,0,0
38,19,0.0050292,0.00228309,0,0,0
38,20,0.0862929,0.0503694,0,0,0
38,21,0.0652506,0.0466949,0,0,0
38,22,0.00715149,0.00452788,0,0,0
38,23,0.0461109,0.0439944,0,0,0
38,24,0.025477,0.0224435,0,0,0
38,25,0.0163401,0.0163911,0,0,0
38,26,0.08299,0.0413491,0,0,0
38,27,0.00375807,0.000160391,0,0,0
38,28,0.0520877,0.0428551,0,0,0
38,29,0.0161345,0.0160855,0,0,0
38,30,0.0764335,0.0472214,0,0,0
38,31,0.0648669,0.0419155,0,0,0
38,32,0.0654993,0.0464545,0,0,0
38,33,0.0685662,0.0495143,0,0,0
38,34,0.010345,0.00880212,0,0,0
38,35,0.0596768,0.0460355,0,0,0
38,36,0.00505202,0.00187944,0,0,0
38,37,0.0327188,0.0293002,0,0,0
38,38,0.0371419,0.0375631,0,0,0
38,39,0.0507211,0.0413902,0,0,0
38,40,0.0360932,0.032531,0,0,0
38,41,0.0609213,0.044245,0,0,0
38,42,0.0173953,0.0198004,0,0,0
38,43,0.057894,0.0459069,0,0,0
38,44,0.0497315,0.0387956,0,0,0
38,45,0.0065033,0.00447335,0,0,0
38,46,0.0429683,0.0421218,0,0,0
38,47,0.0559443,0.0470196,0,0,0
38,48,0.0392057,0.041384,0,0,0
38,49,0.0266579,0.0229238,0,0,0
38,50,0.0233127,0.0253774,0,0,0
38,51,0.0264391,0.0236235,0,0,0
38,52,0.0403665,0.0376299,0,0,0
38,53,0.0453348,0.0397104,0,0,0
38,54,0.0127084,0.011829,0,0,0
38,55,0.0439009,0.0424719,0,0,0
38,56,0.0671997,0.0415699,0,0,0
38,57,0.0177687,0.0183263,0,0,0
38,58,0.0536738,0.0415212,0,0,0
38,59,0.0152086,0.0146505,0,0,0
38,60,0.0592239,0.0466727,0,0,0
38,61,0.0113785,0.0100073,0,0,0
38,62,0.00928952,0.00559861,0,0,0
38,63,0.0715401,0.0443752,0,0,0
38,64,0.0362174,0.0340637,0,0,0
38,65,0.079819,0.0433849,0,0,0
38,66,0.0639886,0.0439757,0,0,0
38,67,0.035625,0.0333745,0,0,0
38,68,0.0568588,0.0498823,0,0,0
38,69,0.0568443,0.0476912,0,0,0
38,70,0.0290422,0.0293746,0,0,0
38,71,0.0159212,0.0156729,0,0,0
38,72,0.0618764,0.0409975,0,0,0
38,73,0.00369075,0.000126493,0,0,0
38,74,0.016337,0.0162891,0,0,0
