Time,UE,Dir,Delay,Jitter,Throughput,PDR
4,0,DL,0,0,0,0
4,0,UL,0,0,0,0
4,1,DL,0,0,0,0
4,1,UL,0,0,0,0
4,2,DL,0,0,0,0
4,2,UL,0,0,0,0
4,3,DL,0,0,0,0
4,3,UL,0,0,0,0
4,4,DL,0,0,0,0
4,4,UL,0,0,0,0
4,5,DL,0,0,0,0
4,5,UL,0,0,0,0
4,6,DL,0,0,0,0
4,6,UL,0,0,0,0
4,7,DL,0,0,0,0
4,7,UL,0,0,0,0
4,8,DL,0,0,0,0
4,8,UL,0,0,0,0
4,9,DL,0,0,0,0
4,9,UL,0,0,0,0
4,10,DL,0,0,0,0
4,10,UL,0,0,0,0
4,11,DL,0,0,0,0
4,11,UL,0,0,0,0
4,12,DL,0,0,0,0
4,12,UL,0,0,0,0
4,13,DL,0,0,0,0
4,13,UL,0,0,0,0
4,14,DL,0,0,0,0
4,14,UL,0,0,0,0
4,15,DL,0,0,0,0
4,15,UL,0,0,0,0
4,16,DL,0,0,0,0
4,16,UL,0,0,0,0
4,17,DL,0,0,0,0
4,17,UL,0,0,0,0
4,18,DL,0,0,0,0
4,18,UL,0,0,0,0
4,19,DL,0,0,0,0
4,19,UL,0,0,0,0
4,20,DL,0,0,0,0
4,20,UL,0,0,0,0
4,21,DL,0,0,0,0
4,21,UL,0,0,0,0
4,22,DL,0,0,0,0
4,22,UL,0,0,0,0
4,23,DL,0,0,0,0
4,23,UL,0,0,0,0
4,24,DL,0,0,0,0
4,24,UL,0,0,0,0
4,25,DL,0,0,0,0
4,25,UL,0,0,0,0
4,26,DL,0,0,0,0
4,26,UL,0,0,0,0
4,27,DL,0,0,0,0
4,27,UL,0,0,0,0
4,28,DL,0,0,0,0
4,28,UL,0,0,0,0
4,29,DL,0,0,0,0
4,29,UL,0,0,0,0
4,30,DL,0,0,0,0
4,30,UL,0,0,0,0
4,31,DL,0,0,0,0
4,31,UL,0,0,0,0
4,32,DL,0,0,0,0
4,32,UL,0,0,0,0
4,33,DL,0,0,0,0
4,33,UL,0,0,0,0
4,34,DL,0,0,0,0
4,34,UL,0,0,0,0
4,35,DL,0,0,0,0
4,35,UL,0,0,0,0
4,36,DL,0,0,0,0
4,36,UL,0,0,0,0
4,37,DL,0,0,0,0
4,37,UL,0,0,0,0
4,38,DL,0,0,0,0
4,38,UL,0,0,0,0
4,39,DL,0,0,0,0
4,39,UL,0,0,0,0
4,40,DL,0,0,0,0
4,40,UL,0,0,0,0
4,41,DL,0,0,0,0
4,41,UL,0,0,0,0
4,42,DL,0,0,0,0
4,42,UL,0,0,0,0
4,43,DL,0,0,0,0
4,43,UL,0,0,0,0
4,44,DL,0,0,0,0
4,44,UL,0,0,0,0
4,45,DL,0,0,0,0
4,45,UL,0,0,0,0
4,46,DL,0,0,0,0
4,46,UL,0,0,0,0
4,47,DL,0,0,0,0
4,47,UL,0,0,0,0
4,48,DL,0,0,0,0
4,48,UL,0,0,0,0
4,49,DL,0,0,0,0
4,49,UL,0,0,0,0
6,0,DL,0,0,0,0
6,0,UL,0,0,0,0
6,1,DL,0.0151,0,0.00392151,2
6,1,UL,0,0,0,0
6,2,DL,0.0932667,0.0368333,0.0235291,12
6,2,UL,0,0,0,0
6,3,DL,0,0,0,0
6,3,UL,0,0,0,0
6,4,DL,0.120267,0.0628333,0.0235291,12
6,4,UL,0,0,0,0
6,5,DL,0.0897667,0.0533889,0.0705872,36
6,5,UL,0,0,0,0
6,6,DL,0.0964214,0.0494643,0.109802,56
6,6,UL,0,0,0,0
6,7,DL,0.0311,0.0203333,0.0117645,6
6,7,UL,0,0,0,0
6,8,DL,0.040475,0.03325,0.0313721,16
6,8,UL,0,0,0,0
6,9,DL,0,0,0,0
6,9,UL,0,0,0,0
6,10,DL,0.195433,0.105667,0.0117645,6
6,10,UL,0,0,0,0
6,11,DL,0.0371,0,0.00392151,2
6,11,UL,0,0,0,0
6,12,DL,0.0982667,0.08,0.0235291,12
6,12,UL,0,0,0,0
6,13,DL,0.2541,0.0665,0.141174,72
6,13,UL,0,0,0,0
6,14,DL,0.358267,0.0999167,0.0470581,24
6,14,UL,0,0,0,0
6,15,DL,0,0,0,0
6,15,UL,0,0,0,0
6,16,DL,0.100918,0.0493636,0.0431366,22
6,16,UL,0,0,0,0
6,17,DL,0,0,0,0
6,17,UL,0,0,0,0
6,18,DL,0.2331,0.0253333,0.0117645,6
6,18,UL,0,0,0,0
6,19,DL,0.0396,0.0326667,0.0235291,12
6,19,UL,0,0,0,0
6,20,DL,0.0161,0,0.00392151,2
6,20,UL,0,0,0,0
6,21,DL,0.05985,0.0265,0.015686,8
6,21,UL,0,0,0,0
6,22,DL,1.2521,0.02,0.00784302,4
6,22,UL,0,0,0,0
6,23,DL,0,0,0,0
6,23,UL,0,0,0,0
6,24,DL,0.02698,0.03164,0.196075,100
6,24,UL,0,0,0,0
6,25,DL,0,0,0,0
6,25,UL,0,0,0,0
6,26,DL,0,0,0,0
6,26,UL,0,0,0,0
6,27,DL,0.0344333,0.0203333,0.0117645,6
6,27,UL,0,0,0,0
6,28,DL,0.148416,0.0578947,0.0745087,38
6,28,UL,0,0,0,0
6,29,DL,0,0,0,0
6,29,UL,0,0,0,0
6,30,DL,0.0156,0.0085,0.00784302,4
6,30,UL,0,0,0,0
6,31,DL,0.0341,0,0.00392151,2
6,31,UL,0,0,0,0
6,32,DL,0.1311,0.02,0.00784302,4
6,32,UL,0,0,0,0
6,33,DL,0,0,0,0
6,33,UL,0,0,0,0
6,34,DL,0,0,0,0
6,34,UL,0,0,0,0
6,35,DL,0.0159837,0.0163721,0.168625,86
6,35,UL,0.0754946,0.0375,0.015686,40
6,36,DL,0,0,0,0
6,36,UL,0,0,0,0
6,37,DL,0.0611,0.0388,0.0196075,10
6,37,UL,0,0,0,0
6,38,DL,0.0997,0.052,0.0392151,20
6,38,UL,0,0,0,0
6,39,DL,0,0,0,0
6,39,UL,0,0,0,0
6,40,DL,0,0,0,0
6,40,UL,0,0,0,0
6,41,DL,0.0724023,0.0434884,0.168625,86
6,41,UL,0,0,0,0
6,42,DL,0,0,0,0
6,42,UL,0,0,0,0
6,43,DL,0,0,0,0
6,43,UL,0,0,0,0
6,44,DL,0,0,0,0
6,44,UL,0,0,0,0
6,45,DL,0,0,0,0
6,45,UL,0,0,0,0
6,46,DL,0.0121,0,0.00392151,2
6,46,UL,0,0,0,0
6,47,DL,0.0241,0,0.00392151,2
6,47,UL,0,0,0,0
6,48,DL,0.0524571,0.0441429,0.164703,84
6,48,UL,0,0,0,0
6,49,DL,0,0,0,0
6,49,UL,0,0,0,0
8,0,DL,0,0,0,0
8,0,UL,0,0,0,0
8,1,DL,0,0,0,0
8,1,UL,0,0,0,0
8,2,DL,0,0,0,0
8,2,UL,0,0,0,0
8,3,DL,0,0,0,0
8,3,UL,0,0,0,0
8,4,DL,0,0,0,0
8,4,UL,0,0,0,0
8,5,DL,0,0,0,0
8,5,UL,0,0,0,0
8,6,DL,1.14277,0.148714,0.0823517,42
8,6,UL,0,0,0,0
8,7,DL,0,0,0,0
8,7,UL,0,0,0,0
8,8,DL,0,0,0,0
8,8,UL,0,0,0,0
8,9,DL,0,0,0,0
8,9,UL,0,0,0,0
8,10,DL,0,0,0,0
8,10,UL,0,0,0,0
8,11,DL,0,0,0,0
8,11,UL,0,0,0,0
8,12,DL,0,0,0,0
8,12,UL,0,0,0,0
8,13,DL,0.6641,0.111421,0.0745087,38
8,13,UL,0,0,0,0
8,14,DL,0,0,0,0
8,14,UL,0,0,0,0
8,15,DL,0,0,0,0
8,15,UL,0,0,0,0
8,16,DL,0,0,0,0
8,16,UL,0,0,0,0
8,17,DL,0,0,0,0
8,17,UL,0,0,0,0
8,18,DL,0,0,0,0
8,18,UL,0,0,0,0
8,19,DL,0,0,0,0
8,19,UL,0,0,0,0
8,20,DL,0,0,0,0
8,20,UL,0,0,0,0
8,21,DL,0,0,0,0
8,21,UL,0,0,0,0
8,22,DL,0,0,0,0
8,22,UL,0,0,0,0
8,23,DL,0,0,0,0
8,23,UL,0,0,0,0
8,24,DL,0.125154,0.0644324,0.145096,74
8,24,UL,0,0,0,0
8,25,DL,0,0,0,0
8,25,UL,0,0,0,0
8,26,DL,0,0,0,0
8,26,UL,0,0,0,0
8,27,DL,0,0,0,0
8,27,UL,0,0,0,0
8,28,DL,0,0,0,0
8,28,UL,0,0,0,0
8,29,DL,0,0,0,0
8,29,UL,0,0,0,0
8,30,DL,0,0,0,0
8,30,UL,0,0,0,0
8,31,DL,0,0,0,0
8,31,UL,0,0,0,0
8,32,DL,0,0,0,0
8,32,UL,0,0,0,0
8,33,DL,0,0,0,0
8,33,UL,0,0,0,0
8,34,DL,0,0,0,0
8,34,UL,0,0,0,0
8,35,DL,0.1441,0.0685,0.0313721,16
8,35,UL,0,0,0,0
8,36,DL,0,0,0,0
8,36,UL,0,0,0,0
8,37,DL,0,0,0,0
8,37,UL,0,0,0,0
8,38,DL,0,0,0,0
8,38,UL,0,0,0,0
8,39,DL,0,0,0,0
8,39,UL,0,0,0,0
8,40,DL,0,0,0,0
8,40,UL,0,0,0,0
8,41,DL,0.388064,0.102107,0.109802,56
8,41,UL,0,0,0,0
8,42,DL,0,0,0,0
8,42,UL,0,0,0,0
8,43,DL,0,0,0,0
8,43,UL,0,0,0,0
8,44,DL,0,0,0,0
8,44,UL,0,0,0,0
8,45,DL,0,0,0,0
8,45,UL,0,0,0,0
8,46,DL,0,0,0,0
8,46,UL,0,0,0,0
8,47,DL,0,0,0,0
8,47,UL,0,0,0,0
8,48,DL,0,0,0,0
8,48,UL,0,0,0,0
8,49,DL,0,0,0,0
8,49,UL,0,0,0,0
10,0,DL,0,0,0,0
10,0,UL,0,0,0,0
10,1,DL,0,0,0,0
10,1,UL,0,0,0,0
10,2,DL,0,0,0,0
10,2,UL,0,0,0,0
10,3,DL,0.1866,0.02775,0.015686,8
10,3,UL,0,0,0,0
10,4,DL,0,0,0,0
10,4,UL,0,0,0,0
10,5,DL,0,0,0,0
10,5,UL,0,0,0,0
10,6,DL,0,0,0,0
10,6,UL,0,0,0,0
10,7,DL,0,0,0,0
10,7,UL,0,0,0,0
10,8,DL,0,0,0,0
10,8,UL,0,0,0,0
10,9,DL,0,0,0,0
10,9,UL,0,0,0,0
10,10,DL,0,0,0,0
10,10,UL,0,0,0,0
10,11,DL,0,0,0,0
10,11,UL,0,0,0,0
10,12,DL,0,0,0,0
10,12,UL,0,0,0,0
10,13,DL,0,0,0,0
10,13,UL,0,0,0,0
10,14,DL,0,0,0,0
10,14,UL,0,0,0,0
10,15,DL,4.3211,0.015,0.00784302,4
10,15,UL,0,0,0,0
10,16,DL,0,0,0,0
10,16,UL,0,0,0,0
10,17,DL,0,0,0,0
10,17,UL,0,0,0,0
10,18,DL,0,0,0,0
10,18,UL,0,0,0,0
10,19,DL,0,0,0,0
10,19,UL,0,0,0,0
10,20,DL,0,0,0,0
10,20,UL,0,0,0,0
10,21,DL,0,0,0,0
10,21,UL,0,0,0,0
10,22,DL,0,0,0,0
10,22,UL,0,0,0,0
10,23,DL,0,0,0,0
10,23,UL,0,0,0,0
10,24,DL,0.5161,0.0903889,0.0705872,36
10,24,UL,0,0,0,0
10,25,DL,0,0,0,0
10,25,UL,0,0,0,0
10,26,DL,0,0,0,0
10,26,UL,0,0,0,0
10,27,DL,0,0,0,0
10,27,UL,0,0,0,0
10,28,DL,0,0,0,0
10,28,UL,0,0,0,0
10,29,DL,0,0,0,0
10,29,UL,0,0,0,0
10,30,DL,0,0,0,0
10,30,UL,0,0,0,0
10,31,DL,0,0,0,0
10,31,UL,0,0,0,0
10,32,DL,0,0,0,0
10,32,UL,0,0,0,0
10,33,DL,0,0,0,0
10,33,UL,0,0,0,0
10,34,DL,0,0,0,0
10,34,UL,0,0,0,0
10,35,DL,0,0,0,0
10,35,UL,0,0,0,0
10,36,DL,0,0,0,0
10,36,UL,0,0,0,0
10,37,DL,0,0,0,0
10,37,UL,0,0,0,0
10,38,DL,0,0,0,0
10,38,UL,0,0,0,0
10,39,DL,0,0,0,0
10,39,UL,0,0,0,0
10,40,DL,0,0,0,0
10,40,UL,0,0,0,0
10,41,DL,0.3617,0.109,0.0392151,20
10,41,UL,0,0,0,0
10,42,DL,0,0,0,0
10,42,UL,0,0,0,0
10,43,DL,0,0,0,0
10,43,UL,0,0,0,0
10,44,DL,0,0,0,0
10,44,UL,0,0,0,0
10,45,DL,0,0,0,0
10,45,UL,0,0,0,0
10,46,DL,0,0,0,0
10,46,UL,0,0,0,0
10,47,DL,0,0,0,0
10,47,UL,0,0,0,0
10,48,DL,0,0,0,0
10,48,UL,0,0,0,0
10,49,DL,0,0,0,0
10,49,UL,0,0,0,0
12,0,DL,0,0,0,0
12,0,UL,0,0,0,0
12,1,DL,0,0,0,0
12,1,UL,0,0,0,0
12,2,DL,0,0,0,0
12,2,UL,0,0,0,0
12,3,DL,0,0,0,0
12,3,UL,0,0,0,0
12,4,DL,0,0,0,0
12,4,UL,0,0,0,0
12,5,DL,0,0,0,0
12,5,UL,0,0,0,0
12,6,DL,0,0,0,0
12,6,UL,0,0,0,0
12,7,DL,0,0,0,0
12,7,UL,0,0,0,0
12,8,DL,0,0,0,0
12,8,UL,0,0,0,0
12,9,DL,0,0,0,0
12,9,UL,0,0,0,0
12,10,DL,0,0,0,0
12,10,UL,0,0,0,0
12,11,DL,0,0,0,0
12,11,UL,0,0,0,0
12,12,DL,0,0,0,0
12,12,UL,0,0,0,0
12,13,DL,0,0,0,0
12,13,UL,0,0,0,0
12,14,DL,0,0,0,0
12,14,UL,0,0,0,0
12,15,DL,0.0274125,0.299063,0.0627441,32
12,15,UL,0,0,0,0
12,16,DL,0,0,0,0
12,16,UL,0,0,0,0
12,17,DL,0,0,0,0
12,17,UL,0,0,0,0
12,18,DL,0,0,0,0
12,18,UL,0,0,0,0
12,19,DL,0,0,0,0
12,19,UL,0,0,0,0
12,20,DL,0,0,0,0
12,20,UL,0,0,0,0
12,21,DL,0,0,0,0
12,21,UL,0,0,0,0
12,22,DL,0,0,0,0
12,22,UL,0,0,0,0
12,23,DL,0,0,0,0
12,23,UL,0,0,0,0
12,24,DL,0.6702,0.173967,0.117645,60
12,24,UL,0,0,0,0
12,25,DL,0,0,0,0
12,25,UL,0,0,0,0
12,26,DL,0,0,0,0
12,26,UL,0,0,0,0
12,27,DL,0,0,0,0
12,27,UL,0,0,0,0
12,28,DL,0,0,0,0
12,28,UL,0,0,0,0
12,29,DL,0,0,0,0
12,29,UL,0,0,0,0
12,30,DL,0,0,0,0
12,30,UL,0,0,0,0
12,31,DL,0,0,0,0
12,31,UL,0,0,0,0
12,32,DL,0,0,0,0
12,32,UL,0,0,0,0
12,33,DL,0,0,0,0
12,33,UL,0,0,0,0
12,34,DL,0,0,0,0
12,34,UL,0,0,0,0
12,35,DL,0,0,0,0
12,35,UL,0,0,0,0
12,36,DL,0.1511,0.054,0.0117645,6
12,36,UL,0,0,0,0
12,37,DL,0,0,0,0
12,37,UL,0,0,0,0
12,38,DL,0,0,0,0
12,38,UL,0,0,0,0
12,39,DL,0,0,0,0
12,39,UL,0,0,0,0
12,40,DL,0,0,0,0
12,40,UL,0,0,0,0
12,41,DL,0,0,0,0
12,41,UL,0,0,0,0
12,42,DL,0.1021,0,0.00392151,2
12,42,UL,0,0,0,0
12,43,DL,0,0,0,0
12,43,UL,0,0,0,0
12,44,DL,0,0,0,0
12,44,UL,0,0,0,0
12,45,DL,0,0,0,0
12,45,UL,0,0,0,0
12,46,DL,0,0,0,0
12,46,UL,0,0,0,0
12,47,DL,0,0,0,0
12,47,UL,0,0,0,0
12,48,DL,0,0,0,0
12,48,UL,0,0,0,0
12,49,DL,0,0,0,0
12,49,UL,0,0,0,0
14,0,DL,0,0,0,0
14,0,UL,0,0,0,0
14,1,DL,0,0,0,0
14,1,UL,0,0,0,0
14,2,DL,0,0,0,0
14,2,UL,0,0,0,0
14,3,DL,0,0,0,0
14,3,UL,0,0,0,0
14,4,DL,0,0,0,0
14,4,UL,0,0,0,0
14,5,DL,0,0,0,0
14,5,UL,0,0,0,0
14,6,DL,0,0,0,0
14,6,UL,0,0,0,0
14,7,DL,0,0,0,0
14,7,UL,0,0,0,0
14,8,DL,0,0,0,0
14,8,UL,0,0,0,0
14,9,DL,0,0,0,0
14,9,UL,0,0,0,0
14,10,DL,0,0,0,0
14,10,UL,0,0,0,0
14,11,DL,0,0,0,0
14,11,UL,0,0,0,0
14,12,DL,0,0,0,0
14,12,UL,0,0,0,0
14,13,DL,0,0,0,0
14,13,UL,0,0,0,0
14,14,DL,0,0,0,0
14,14,UL,0,0,0,0
14,15,DL,0.745029,0.159071,0.0549011,28
14,15,UL,0,0,0,0
14,16,DL,0,0,0,0
14,16,UL,0,0,0,0
14,17,DL,0,0,0,0
14,17,UL,0,0,0,0
14,18,DL,0,0,0,0
14,18,UL,0,0,0,0
14,19,DL,0,0,0,0
14,19,UL,0,0,0,0
14,20,DL,0,0,0,0
14,20,UL,0,0,0,0
14,21,DL,0,0,0,0
14,21,UL,0,0,0,0
14,22,DL,0,0,0,0
14,22,UL,0,0,0,0
14,23,DL,0,0,0,0
14,23,UL,0,0,0,0
14,24,DL,0,0,0,0
14,24,UL,0,0,0,0
14,25,DL,0,0,0,0
14,25,UL,0,0,0,0
14,26,DL,0,0,0,0
14,26,UL,0,0,0,0
14,27,DL,0,0,0,0
14,27,UL,0,0,0,0
14,28,DL,0,0,0,0
14,28,UL,0,0,0,0
14,29,DL,0,0,0,0
14,29,UL,0,0,0,0
14,30,DL,0,0,0,0
14,30,UL,0,0,0,0
14,31,DL,0,0,0,0
14,31,UL,0,0,0,0
14,32,DL,0,0,0,0
14,32,UL,0,0,0,0
14,33,DL,0,0,0,0
14,33,UL,0,0,0,0
14,34,DL,0.12085,0.0505,0.0313721,16
14,34,UL,0,0,0,0
14,35,DL,0,0,0,0
14,35,UL,0,0,0,0
14,36,DL,0,0,0,0
14,36,UL,0,0,0,0
14,37,DL,0,0,0,0
14,37,UL,0,0,0,0
14,38,DL,0,0,0,0
14,38,UL,0,0,0,0
14,39,DL,0,0,0,0
14,39,UL,0,0,0,0
14,40,DL,0,0,0,0
14,40,UL,0,0,0,0
14,41,DL,0,0,0,0
14,41,UL,0,0,0,0
14,42,DL,0,0,0,0
14,42,UL,0,0,0,0
14,43,DL,0.4121,0.152286,0.0274506,14
14,43,UL,0,0,0,0
14,44,DL,0,0,0,0
14,44,UL,0,0,0,0
14,45,DL,0,0,0,0
14,45,UL,0,0,0,0
14,46,DL,0,0,0,0
14,46,UL,0,0,0,0
14,47,DL,0,0,0,0
14,47,UL,0,0,0,0
14,48,DL,0,0,0,0
14,48,UL,0,0,0,0
14,49,DL,0,0,0,0
14,49,UL,0,0,0,0
16,0,DL,0,0,0,0
16,0,UL,0,0,0,0
16,1,DL,0,0,0,0
16,1,UL,0,0,0,0
16,2,DL,0,0,0,0
16,2,UL,0,0,0,0
16,3,DL,0,0,0,0
16,3,UL,0,0,0,0
16,4,DL,0,0,0,0
16,4,UL,0,0,0,0
16,5,DL,0,0,0,0
16,5,UL,0,0,0,0
16,6,DL,0,0,0,0
16,6,UL,0,0,0,0
16,7,DL,0,0,0,0
16,7,UL,0,0,0,0
16,8,DL,0,0,0,0
16,8,UL,0,0,0,0
16,9,DL,0,0,0,0
16,9,UL,0,0,0,0
16,10,DL,0,0,0,0
16,10,UL,0,0,0,0
16,11,DL,0,0,0,0
16,11,UL,0,0,0,0
16,12,DL,0,0,0,0
16,12,UL,0,0,0,0
16,13,DL,0,0,0,0
16,13,UL,0,0,0,0
16,14,DL,0,0,0,0
16,14,UL,0,0,0,0
16,15,DL,0.819787,0.1955,0.0627441,32
16,15,UL,0,0,0,0
16,16,DL,0,0,0,0
16,16,UL,0,0,0,0
16,17,DL,0,0,0,0
16,17,UL,0,0,0,0
16,18,DL,0,0,0,0
16,18,UL,0,0,0,0
16,19,DL,0,0,0,0
16,19,UL,0,0,0,0
16,20,DL,0,0,0,0
16,20,UL,0,0,0,0
16,21,DL,0,0,0,0
16,21,UL,0,0,0,0
16,22,DL,0,0,0,0
16,22,UL,0,0,0,0
16,23,DL,0,0,0,0
16,23,UL,0,0,0,0
16,24,DL,0,0,0,0
16,24,UL,0,0,0,0
16,25,DL,0,0,0,0
16,25,UL,0,0,0,0
16,26,DL,0,0,0,0
16,26,UL,0,0,0,0
16,27,DL,0,0,0,0
16,27,UL,0,0,0,0
16,28,DL,0,0,0,0
16,28,UL,0,0,0,0
16,29,DL,0,0,0,0
16,29,UL,0,0,0,0
16,30,DL,0,0,0,0
16,30,UL,0,0,0,0
16,31,DL,0,0,0,0
16,31,UL,0,0,0,0
16,32,DL,0,0,0,0
16,32,UL,0,0,0,0
16,33,DL,0,0,0,0
16,33,UL,0,0,0,0
16,34,DL,1.54719,0.186545,0.0431366,22
16,34,UL,0,0,0,0
16,35,DL,0,0,0,0
16,35,UL,0,0,0,0
16,36,DL,0,0,0,0
16,36,UL,0,0,0,0
16,37,DL,0,0,0,0
16,37,UL,0,0,0,0
16,38,DL,0,0,0,0
16,38,UL,0,0,0,0
16,39,DL,0,0,0,0
16,39,UL,0,0,0,0
16,40,DL,0,0,0,0
16,40,UL,0,0,0,0
16,41,DL,0,0,0,0
16,41,UL,0,0,0,0
16,42,DL,0,0,0,0
16,42,UL,0,0,0,0
16,43,DL,0,0,0,0
16,43,UL,0,0,0,0
16,44,DL,0,0,0,0
16,44,UL,0,0,0,0
16,45,DL,0,0,0,0
16,45,UL,0,0,0,0
16,46,DL,0,0,0,0
16,46,UL,0,0,0,0
16,47,DL,0,0,0,0
16,47,UL,0,0,0,0
16,48,DL,0,0,0,0
16,48,UL,0,0,0,0
16,49,DL,0,0,0,0
16,49,UL,0,0,0,0
18,0,DL,0,0,0,0
18,0,UL,0,0,0,0
18,1,DL,0,0,0,0
18,1,UL,0,0,0,0
18,2,DL,0,0,0,0
18,2,UL,0,0,0,0
18,3,DL,0,0,0,0
18,3,UL,0,0,0,0
18,4,DL,0,0,0,0
18,4,UL,0,0,0,0
18,5,DL,0,0,0,0
18,5,UL,0,0,0,0
18,6,DL,0,0,0,0
18,6,UL,0,0,0,0
18,7,DL,0,0,0,0
18,7,UL,0,0,0,0
18,8,DL,0,0,0,0
18,8,UL,0,0,0,0
18,9,DL,0,0,0,0
18,9,UL,0,0,0,0
18,10,DL,0,0,0,0
18,10,UL,0,0,0,0
18,11,DL,0,0,0,0
18,11,UL,0,0,0,0
18,12,DL,0,0,0,0
18,12,UL,0,0,0,0
18,13,DL,0,0,0,0
18,13,UL,0,0,0,0
18,14,DL,0,0,0,0
18,14,UL,0,0,0,0
18,15,DL,0,0,0,0
18,15,UL,0,0,0,0
18,16,DL,0,0,0,0
18,16,UL,0,0,0,0
18,17,DL,0,0,0,0
18,17,UL,0,0,0,0
18,18,DL,0,0,0,0
18,18,UL,0,0,0,0
18,19,DL,0,0,0,0
18,19,UL,0,0,0,0
18,20,DL,0,0,0,0
18,20,UL,0,0,0,0
18,21,DL,0,0,0,0
18,21,UL,0,0,0,0
18,22,DL,0,0,0,0
18,22,UL,0,0,0,0
18,23,DL,0,0,0,0
18,23,UL,0,0,0,0
18,24,DL,0,0,0,0
18,24,UL,0,0,0,0
18,25,DL,0,0,0,0
18,25,UL,0,0,0,0
18,26,DL,0,0,0,0
18,26,UL,0,0,0,0
18,27,DL,0,0,0,0
18,27,UL,0,0,0,0
18,28,DL,0,0,0,0
18,28,UL,0,0,0,0
18,29,DL,0,0,0,0
18,29,UL,0,0,0,0
18,30,DL,0,0,0,0
18,30,UL,0,0,0,0
18,31,DL,0,0,0,0
18,31,UL,0,0,0,0
18,32,DL,0,0,0,0
18,32,UL,0,0,0,0
18,33,DL,0,0,0,0
18,33,UL,0,0,0,0
18,34,DL,0.0341,0.668,0.00784302,4
18,34,UL,0,0,0,0
18,35,DL,0,0,0,0
18,35,UL,0,0,0,0
18,36,DL,0,0,0,0
18,36,UL,0,0,0,0
18,37,DL,0,0,0,0
18,37,UL,0,0,0,0
18,38,DL,0,0,0,0
18,38,UL,0,0,0,0
18,39,DL,0,0,0,0
18,39,UL,0,0,0,0
18,40,DL,0,0,0,0
18,40,UL,0,0,0,0
18,41,DL,0,0,0,0
18,41,UL,0,0,0,0
18,42,DL,0,0,0,0
18,42,UL,0,0,0,0
18,43,DL,0,0,0,0
18,43,UL,0,0,0,0
18,44,DL,0,0,0,0
18,44,UL,0,0,0,0
18,45,DL,0,0,0,0
18,45,UL,0,0,0,0
18,46,DL,0,0,0,0
18,46,UL,0,0,0,0
18,47,DL,0,0,0,0
18,47,UL,0,0,0,0
18,48,DL,0,0,0,0
18,48,UL,0,0,0,0
18,49,DL,0,0,0,0
18,49,UL,0,0,0,0
20,0,DL,0,0,0,0
20,0,UL,0,0,0,0
20,1,DL,0,0,0,0
20,1,UL,0,0,0,0
20,2,DL,0,0,0,0
20,2,UL,0,0,0,0
20,3,DL,0,0,0,0
20,3,UL,0,0,0,0
20,4,DL,0,0,0,0
20,4,UL,0,0,0,0
20,5,DL,0,0,0,0
20,5,UL,0,0,0,0
20,6,DL,0,0,0,0
20,6,UL,0,0,0,0
20,7,DL,0,0,0,0
20,7,UL,0,0,0,0
20,8,DL,0,0,0,0
20,8,UL,0,0,0,0
20,9,DL,2.2117,0.0252,0.0196075,10
20,9,UL,0,0,0,0
20,10,DL,0,0,0,0
20,10,UL,0,0,0,0
20,11,DL,0,0,0,0
20,11,UL,0,0,0,0
20,12,DL,0,0,0,0
20,12,UL,0,0,0,0
20,13,DL,0,0,0,0
20,13,UL,0,0,0,0
20,14,DL,0,0,0,0
20,14,UL,0,0,0,0
20,15,DL,0,0,0,0
20,15,UL,0,0,0,0
20,16,DL,0,0,0,0
20,16,UL,0,0,0,0
20,17,DL,0,0,0,0
20,17,UL,0,0,0,0
20,18,DL,0,0,0,0
20,18,UL,0,0,0,0
20,19,DL,0,0,0,0
20,19,UL,0,0,0,0
20,20,DL,0,0,0,0
20,20,UL,0,0,0,0
20,21,DL,0,0,0,0
20,21,UL,0,0,0,0
20,22,DL,0,0,0,0
20,22,UL,0,0,0,0
20,23,DL,0,0,0,0
20,23,UL,0,0,0,0
20,24,DL,0,0,0,0
20,24,UL,0,0,0,0
20,25,DL,0,0,0,0
20,25,UL,0,0,0,0
20,26,DL,0,0,0,0
20,26,UL,0,0,0,0
20,27,DL,0,0,0,0
20,27,UL,0,0,0,0
20,28,DL,0.0455751,0.0461304,0.0901947,46
20,28,UL,0,0,0,0
20,29,DL,0.177029,0.0562857,0.0549011,28
20,29,UL,0,0,0,0
20,30,DL,0,0,0,0
20,30,UL,0,0,0,0
20,31,DL,0,0,0,0
20,31,UL,0,0,0,0
20,32,DL,0,0,0,0
20,32,UL,0,0,0,0
20,33,DL,0,0,0,0
20,33,UL,0,0,0,0
20,34,DL,0,0,0,0
20,34,UL,0,0,0,0
20,35,DL,0,0,0,0
20,35,UL,0,0,0,0
20,36,DL,0,0,0,0
20,36,UL,0,0,0,0
20,37,DL,0,0,0,0
20,37,UL,0,0,0,0
20,38,DL,0,0,0,0
20,38,UL,0,0,0,0
20,39,DL,0.0923667,0.0524,0.117645,60
20,39,UL,0,0,0,0
20,40,DL,0,0,0,0
20,40,UL,0,0,0,0
20,41,DL,0,0,0,0
20,41,UL,0,0,0,0
20,42,DL,0,0,0,0
20,42,UL,0,0,0,0
20,43,DL,0,0,0,0
20,43,UL,0,0,0,0
20,44,DL,0,0,0,0
20,44,UL,0,0,0,0
20,45,DL,0,0,0,0
20,45,UL,0,0,0,0
20,46,DL,0.105485,0.0567692,0.0509796,26
20,46,UL,0,0,0,0
20,47,DL,0,0,0,0
20,47,UL,0,0,0,0
20,48,DL,0,0,0,0
20,48,UL,0,0,0,0
20,49,DL,0,0,0,0
20,49,UL,0,0,0,0
22,0,DL,0,0,0,0
22,0,UL,0,0,0,0
22,1,DL,0,0,0,0
22,1,UL,0,0,0,0
22,2,DL,0,0,0,0
22,2,UL,0,0,0,0
22,3,DL,0,0,0,0
22,3,UL,0,0,0,0
22,4,DL,0,0,0,0
22,4,UL,0,0,0,0
22,5,DL,0,0,0,0
22,5,UL,0,0,0,0
22,6,DL,0,0,0,0
22,6,UL,0,0,0,0
22,7,DL,0,0,0,0
22,7,UL,0,0,0,0
22,8,DL,0,0,0,0
22,8,UL,0,0,0,0
22,9,DL,0,0,0,0
22,9,UL,0,0,0,0
22,10,DL,0,0,0,0
22,10,UL,0,0,0,0
22,11,DL,0,0,0,0
22,11,UL,0,0,0,0
22,12,DL,0,0,0,0
22,12,UL,0,0,0,0
22,13,DL,0,0,0,0
22,13,UL,0,0,0,0
22,14,DL,0,0,0,0
22,14,UL,0,0,0,0
22,15,DL,0,0,0,0
22,15,UL,0,0,0,0
22,16,DL,0.103671,0.0628571,0.0274506,14
22,16,UL,0,0,0,0
22,17,DL,0,0,0,0
22,17,UL,0,0,0,0
22,18,DL,0,0,0,0
22,18,UL,0,0,0,0
22,19,DL,0,0,0,0
22,19,UL,0,0,0,0
22,20,DL,0,0,0,0
22,20,UL,0,0,0,0
22,21,DL,0.2336,0.076125,0.0627441,32
22,21,UL,0,0,0,0
22,22,DL,0,0,0,0
22,22,UL,0,0,0,0
22,23,DL,0,0,0,0
22,23,UL,0,0,0,0
22,24,DL,0,0,0,0
22,24,UL,0,0,0,0
22,25,DL,0,0,0,0
22,25,UL,0,0,0,0
22,26,DL,0,0,0,0
22,26,UL,0,0,0,0
22,27,DL,0,0,0,0
22,27,UL,0,0,0,0
22,28,DL,0,0,0,0
22,28,UL,0,0,0,0
22,29,DL,0,0,0,0
22,29,UL,0,0,0,0
22,30,DL,0,0,0,0
22,30,UL,0,0,0,0
22,31,DL,0,0,0,0
22,31,UL,0,0,0,0
22,32,DL,0,0,0,0
22,32,UL,0,0,0,0
22,33,DL,0,0,0,0
22,33,UL,0,0,0,0
22,34,DL,0,0,0,0
22,34,UL,0,0,0,0
22,35,DL,0,0,0,0
22,35,UL,0,0,0,0
22,36,DL,0,0,0,0
22,36,UL,0,0,0,0
22,37,DL,0,0,0,0
22,37,UL,0,0,0,0
22,38,DL,0,0,0,0
22,38,UL,0,0,0,0
22,39,DL,0.2861,0.134,0.0117645,6
22,39,UL,0,0,0,0
22,40,DL,0,0,0,0
22,40,UL,0,0,0,0
22,41,DL,0,0,0,0
22,41,UL,0,0,0,0
22,42,DL,0,0,0,0
22,42,UL,0,0,0,0
22,43,DL,0,0,0,0
22,43,UL,0,0,0,0
22,44,DL,0,0,0,0
22,44,UL,0,0,0,0
22,45,DL,0,0,0,0
22,45,UL,0,0,0,0
22,46,DL,0,0,0,0
22,46,UL,0,0,0,0
22,47,DL,0.087971,0.0541613,0.121567,62
22,47,UL,0,0,0,0
22,48,DL,0,0,0,0
22,48,UL,0,0,0,0
22,49,DL,0,0,0,0
22,49,UL,0,0,0,0
24,0,DL,0,0,0,0
24,0,UL,0,0,0,0
24,1,DL,0,0,0,0
24,1,UL,0,0,0,0
24,2,DL,0,0,0,0
24,2,UL,0,0,0,0
24,3,DL,0,0,0,0
24,3,UL,0,0,0,0
24,4,DL,0,0,0,0
24,4,UL,0,0,0,0
24,5,DL,0.145724,0.0597143,0.117645,60
24,5,UL,0,0,0,0
24,6,DL,0,0,0,0
24,6,UL,0,0,0,0
24,7,DL,0,0,0,0
24,7,UL,0,0,0,0
24,8,DL,0,0,0,0
24,8,UL,0,0,0,0
24,9,DL,0,0,0,0
24,9,UL,0,0,0,0
24,10,DL,0,0,0,0
24,10,UL,0,0,0,0
24,11,DL,0,0,0,0
24,11,UL,0,0,0,0
24,12,DL,0,0,0,0
24,12,UL,0,0,0,0
24,13,DL,0,0,0,0
24,13,UL,0,0,0,0
24,14,DL,0,0,0,0
24,14,UL,0,0,0,0
24,15,DL,0,0,0,0
24,15,UL,0,0,0,0
24,16,DL,0,0,0,0
24,16,UL,0,0,0,0
24,17,DL,0,0,0,0
24,17,UL,0,0,0,0
24,18,DL,0,0,0,0
24,18,UL,0,0,0,0
24,19,DL,0,0,0,0
24,19,UL,0,0,0,0
24,20,DL,0,0,0,0
24,20,UL,0,0,0,0
24,21,DL,1.21758,0.0877,0.0784302,40
24,21,UL,0,0,0,0
24,22,DL,0,0,0,0
24,22,UL,0,0,0,0
24,23,DL,0,0,0,0
24,23,UL,0,0,0,0
24,24,DL,0,0,0,0
24,24,UL,0,0,0,0
24,25,DL,0,0,0,0
24,25,UL,0,0,0,0
24,26,DL,0,0,0,0
24,26,UL,0,0,0,0
24,27,DL,0,0,0,0
24,27,UL,0,0,0,0
24,28,DL,0,0,0,0
24,28,UL,0,0,0,0
24,29,DL,0,0,0,0
24,29,UL,0,0,0,0
24,30,DL,0,0,0,0
24,30,UL,0,0,0,0
24,31,DL,0,0,0,0
24,31,UL,0,0,0,0
24,32,DL,0,0,0,0
24,32,UL,0,0,0,0
24,33,DL,0,0,0,0
24,33,UL,0,0,0,0
24,34,DL,0,0,0,0
24,34,UL,0,0,0,0
24,35,DL,0,0,0,0
24,35,UL,0,0,0,0
24,36,DL,0,0,0,0
24,36,UL,0,0,0,0
24,37,DL,0,0,0,0
24,37,UL,0,0,0,0
24,38,DL,0,0,0,0
24,38,UL,0,0,0,0
24,39,DL,0,0,0,0
24,39,UL,0,0,0,0
24,40,DL,0,0,0,0
24,40,UL,0,0,0,0
24,41,DL,0,0,0,0
24,41,UL,0,0,0,0
24,42,DL,0,0,0,0
24,42,UL,0,0,0,0
24,43,DL,0,0,0,0
24,43,UL,0,0,0,0
24,44,DL,0,0,0,0
24,44,UL,0,0,0,0
24,45,DL,0,0,0,0
24,45,UL,0,0,0,0
24,46,DL,0,0,0,0
24,46,UL,0,0,0,0
24,47,DL,0.0866192,0.05925,0.203918,104
24,47,UL,0,0,0,0
24,48,DL,0,0,0,0
24,48,UL,0,0,0,0
24,49,DL,0,0,0,0
24,49,UL,0,0,0,0
26,0,DL,0,0,0,0
26,0,UL,0,0,0,0
26,1,DL,0,0,0,0
26,1,UL,0,0,0,0
26,2,DL,0,0,0,0
26,2,UL,0,0,0,0
26,3,DL,0,0,0,0
26,3,UL,0,0,0,0
26,4,DL,0,0,0,0
26,4,UL,0,0,0,0
26,5,DL,0.2556,0.0619571,0.0392151,20
26,5,UL,0,0,0,0
26,6,DL,0,0,0,0
26,6,UL,0,0,0,0
26,7,DL,0,0,0,0
26,7,UL,0,0,0,0
26,8,DL,0,0,0,0
26,8,UL,0,0,0,0
26,9,DL,0,0,0,0
26,9,UL,0,0,0,0
26,10,DL,0,0,0,0
26,10,UL,0,0,0,0
26,11,DL,0,0,0,0
26,11,UL,0,0,0,0
26,12,DL,0,0,0,0
26,12,UL,0,0,0,0
26,13,DL,0,0,0,0
26,13,UL,0,0,0,0
26,14,DL,0,0,0,0
26,14,UL,0,0,0,0
26,15,DL,0,0,0,0
26,15,UL,0,0,0,0
26,16,DL,0,0,0,0
26,16,UL,0,0,0,0
26,17,DL,0,0,0,0
26,17,UL,0,0,0,0
26,18,DL,0,0,0,0
26,18,UL,0,0,0,0
26,19,DL,0,0,0,0
26,19,UL,0,0,0,0
26,20,DL,0,0,0,0
26,20,UL,0,0,0,0
26,21,DL,0.101897,0.12772,0.0509796,26
26,21,UL,0,0,0,0
26,22,DL,0,0,0,0
26,22,UL,0,0,0,0
26,23,DL,0,0,0,0
26,23,UL,0,0,0,0
26,24,DL,0,0,0,0
26,24,UL,0,0,0,0
26,25,DL,0,0,0,0
26,25,UL,0,0,0,0
26,26,DL,0.203767,0.0913333,0.0117645,6
26,26,UL,0,0,0,0
26,27,DL,0,0,0,0
26,27,UL,0,0,0,0
26,28,DL,0,0,0,0
26,28,UL,0,0,0,0
26,29,DL,0,0,0,0
26,29,UL,0,0,0,0
26,30,DL,0,0,0,0
26,30,UL,0,0,0,0
26,31,DL,0,0,0,0
26,31,UL,0,0,0,0
26,32,DL,0,0,0,0
26,32,UL,0,0,0,0
26,33,DL,0,0,0,0
26,33,UL,0,0,0,0
26,34,DL,0,0,0,0
26,34,UL,0,0,0,0
26,35,DL,0,0,0,0
26,35,UL,0,0,0,0
26,36,DL,0,0,0,0
26,36,UL,0,0,0,0
26,37,DL,0,0,0,0
26,37,UL,0,0,0,0
26,38,DL,0,0,0,0
26,38,UL,0,0,0,0
26,39,DL,0,0,0,0
26,39,UL,0,0,0,0
26,40,DL,0,0,0,0
26,40,UL,0,0,0,0
26,41,DL,0,0,0,0
26,41,UL,0,0,0,0
26,42,DL,0,0,0,0
26,42,UL,0,0,0,0
26,43,DL,0,0,0,0
26,43,UL,0,0,0,0
26,44,DL,0,0,0,0
26,44,UL,0,0,0,0
26,45,DL,0,0,0,0
26,45,UL,0,0,0,0
26,46,DL,0,0,0,0
26,46,UL,0,0,0,0
26,47,DL,0.267661,0.0683171,0.160782,82
26,47,UL,0,0,0,0
26,48,DL,0,0,0,0
26,48,UL,0,0,0,0
26,49,DL,0,0,0,0
26,49,UL,0,0,0,0
28,0,DL,0,0,0,0
28,0,UL,0,0,0,0
28,1,DL,0,0,0,0
28,1,UL,0,0,0,0
28,2,DL,0,0,0,0
28,2,UL,0,0,0,0
28,3,DL,0,0,0,0
28,3,UL,0,0,0,0
28,4,DL,0.6541,0.3255,0.00784302,4
28,4,UL,0,0,0,0
28,5,DL,0,0,0,0
28,5,UL,0,0,0,0
28,6,DL,0,0,0,0
28,6,UL,0,0,0,0
28,7,DL,0,0,0,0
28,7,UL,0,0,0,0
28,8,DL,0,0,0,0
28,8,UL,0,0,0,0
28,9,DL,0,0,0,0
28,9,UL,0,0,0,0
28,10,DL,0,0,0,0
28,10,UL,0,0,0,0
28,11,DL,0,0,0,0
28,11,UL,0,0,0,0
28,12,DL,0,0,0,0
28,12,UL,0,0,0,0
28,13,DL,0,0,0,0
28,13,UL,0,0,0,0
28,14,DL,0,0,0,0
28,14,UL,0,0,0,0
28,15,DL,0,0,0,0
28,15,UL,0,0,0,0
28,16,DL,0,0,0,0
28,16,UL,0,0,0,0
28,17,DL,0,0,0,0
28,17,UL,0,0,0,0
28,18,DL,0,0,0,0
28,18,UL,0,0,0,0
28,19,DL,0,0,0,0
28,19,UL,0,0,0,0
28,20,DL,0,0,0,0
28,20,UL,0,0,0,0
28,21,DL,0,0,0,0
28,21,UL,0,0,0,0
28,22,DL,0,0,0,0
28,22,UL,0,0,0,0
28,23,DL,0,0,0,0
28,23,UL,0,0,0,0
28,24,DL,0,0,0,0
28,24,UL,0,0,0,0
28,25,DL,0,0,0,0
28,25,UL,0,0,0,0
28,26,DL,0,0,0,0
28,26,UL,0,0,0,0
28,27,DL,0,0,0,0
28,27,UL,0,0,0,0
28,28,DL,0,0,0,0
28,28,UL,0,0,0,0
28,29,DL,0,0,0,0
28,29,UL,0,0,0,0
28,30,DL,0,0,0,0
28,30,UL,0,0,0,0
28,31,DL,0,0,0,0
28,31,UL,0,0,0,0
28,32,DL,0,0,0,0
28,32,UL,0,0,0,0
28,33,DL,0,0,0,0
28,33,UL,0,0,0,0
28,34,DL,0,0,0,0
28,34,UL,0,0,0,0
28,35,DL,0,0,0,0
28,35,UL,0,0,0,0
28,36,DL,0,0,0,0
28,36,UL,0,0,0,0
28,37,DL,0,0,0,0
28,37,UL,0,0,0,0
28,38,DL,0,0,0,0
28,38,UL,0,0,0,0
28,39,DL,0,0,0,0
28,39,UL,0,0,0,0
28,40,DL,0,0,0,0
28,40,UL,0,0,0,0
28,41,DL,0,0,0,0
28,41,UL,0,0,0,0
28,42,DL,0,0,0,0
28,42,UL,0,0,0,0
28,43,DL,0,0,0,0
28,43,UL,0,0,0,0
28,44,DL,0.1846,0.0195,0.00784302,4
28,44,UL,0,0,0,0
28,45,DL,0,0,0,0
28,45,UL,0,0,0,0
28,46,DL,0,0,0,0
28,46,UL,0,0,0,0
28,47,DL,0.366723,0.108994,0.0431366,22
28,47,UL,0,0,0,0
28,48,DL,0,0,0,0
28,48,UL,0,0,0,0
28,49,DL,0,0,0,0
28,49,UL,0,0,0,0
30,0,DL,0,0,0,0
30,0,UL,0,0,0,0
30,1,DL,0,0,0,0
30,1,UL,0,0,0,0
30,2,DL,0,0,0,0
30,2,UL,0,0,0,0
30,3,DL,0,0,0,0
30,3,UL,0,0,0,0
30,4,DL,0,0,0,0
30,4,UL,0,0,0,0
30,5,DL,0,0,0,0
30,5,UL,0,0,0,0
30,6,DL,0,0,0,0
30,6,UL,0,0,0,0
30,7,DL,0,0,0,0
30,7,UL,0,0,0,0
30,8,DL,0,0,0,0
30,8,UL,0,0,0,0
30,9,DL,0,0,0,0
30,9,UL,0,0,0,0
30,10,DL,0,0,0,0
30,10,UL,0,0,0,0
30,11,DL,0.0711,0.034,0.00392151,2
30,11,UL,0,0,0,0
30,12,DL,0,0,0,0
30,12,UL,0,0,0,0
30,13,DL,0,0,0,0
30,13,UL,0,0,0,0
30,14,DL,0,0,0,0
30,14,UL,0,0,0,0
30,15,DL,0,0,0,0
30,15,UL,0,0,0,0
30,16,DL,0,0,0,0
30,16,UL,0,0,0,0
30,17,DL,0,0,0,0
30,17,UL,0,0,0,0
30,18,DL,0,0,0,0
30,18,UL,0,0,0,0
30,19,DL,0,0,0,0
30,19,UL,0,0,0,0
30,20,DL,0,0,0,0
30,20,UL,0,0,0,0
30,21,DL,0.158485,0.0567198,0.0509796,26
30,21,UL,0,0,0,0
30,22,DL,0,0,0,0
30,22,UL,0,0,0,0
30,23,DL,0,0,0,0
30,23,UL,0,0,0,0
30,24,DL,0,0,0,0
30,24,UL,0,0,0,0
30,25,DL,0,0,0,0
30,25,UL,0,0,0,0
30,26,DL,0,0,0,0
30,26,UL,0,0,0,0
30,27,DL,0,0,0,0
30,27,UL,0,0,0,0
30,28,DL,0,0,0,0
30,28,UL,0,0,0,0
30,29,DL,0,0,0,0
30,29,UL,0,0,0,0
30,30,DL,0,0,0,0
30,30,UL,0,0,0,0
30,31,DL,0,0,0,0
30,31,UL,0,0,0,0
30,32,DL,0,0,0,0
30,32,UL,0,0,0,0
30,33,DL,0,0,0,0
30,33,UL,0,0,0,0
30,34,DL,0,0,0,0
30,34,UL,0,0,0,0
30,35,DL,0,0,0,0
30,35,UL,0,0,0,0
30,36,DL,0,0,0,0
30,36,UL,0,0,0,0
30,37,DL,0,0,0,0
30,37,UL,0,0,0,0
30,38,DL,0,0,0,0
30,38,UL,0,0,0,0
30,39,DL,0,0,0,0
30,39,UL,0,0,0,0
30,40,DL,0,0,0,0
30,40,UL,0,0,0,0
30,41,DL,0,0,0,0
30,41,UL,0,0,0,0
30,42,DL,0,0,0,0
30,42,UL,0,0,0,0
30,43,DL,0,0,0,0
30,43,UL,0,0,0,0
30,44,DL,0,0,0,0
30,44,UL,0,0,0,0
30,45,DL,0,0,0,0
30,45,UL,0,0,0,0
30,46,DL,0,0,0,0
30,46,UL,0,0,0,0
30,47,DL,2.43477,0.265579,0.0745087,38
30,47,UL,0,0,0,0
30,48,DL,0,0,0,0
30,48,UL,0,0,0,0
30,49,DL,0,0,0,0
30,49,UL,0,0,0,0
32,0,DL,0,0,0,0
32,0,UL,0,0,0,0
32,1,DL,0,0,0,0
32,1,UL,0,0,0,0
32,2,DL,0,0,0,0
32,2,UL,0,0,0,0
32,3,DL,0,0,0,0
32,3,UL,0,0,0,0
32,4,DL,0,0,0,0
32,4,UL,0,0,0,0
32,5,DL,0.0512696,0.05325,0.0627441,32
32,5,UL,0,0,0,0
32,6,DL,0,0,0,0
32,6,UL,0,0,0,0
32,7,DL,0,0,0,0
32,7,UL,0,0,0,0
32,8,DL,0,0,0,0
32,8,UL,0,0,0,0
32,9,DL,0,0,0,0
32,9,UL,0,0,0,0
32,10,DL,0,0,0,0
32,10,UL,0,0,0,0
32,11,DL,0,0,0,0
32,11,UL,0,0,0,0
32,12,DL,0,0,0,0
32,12,UL,0,0,0,0
32,13,DL,0,0,0,0
32,13,UL,0,0,0,0
32,14,DL,0,0,0,0
32,14,UL,0,0,0,0
32,15,DL,0,0,0,0
32,15,UL,0,0,0,0
32,16,DL,0,0,0,0
32,16,UL,0,0,0,0
32,17,DL,0,0,0,0
32,17,UL,0,0,0,0
32,18,DL,0,0,0,0
32,18,UL,0,0,0,0
32,19,DL,0,0,0,0
32,19,UL,0,0,0,0
32,20,DL,0,0,0,0
32,20,UL,0,0,0,0
32,21,DL,0,0,0,0
32,21,UL,0,0,0,0
32,22,DL,0,0,0,0
32,22,UL,0,0,0,0
32,23,DL,0,0,0,0
32,23,UL,0,0,0,0
32,24,DL,0,0,0,0
32,24,UL,0,0,0,0
32,25,DL,0.211615,0.0558061,0.0549011,28
32,25,UL,0,0,0,0
32,26,DL,0,0,0,0
32,26,UL,0,0,0,0
32,27,DL,0,0,0,0
32,27,UL,0,0,0,0
32,28,DL,0,0,0,0
32,28,UL,0,0,0,0
32,29,DL,0,0,0,0
32,29,UL,0,0,0,0
32,30,DL,0,0,0,0
32,30,UL,0,0,0,0
32,31,DL,0,0,0,0
32,31,UL,0,0,0,0
32,32,DL,0,0,0,0
32,32,UL,0,0,0,0
32,33,DL,0,0,0,0
32,33,UL,0,0,0,0
32,34,DL,0,0,0,0
32,34,UL,0,0,0,0
32,35,DL,0,0,0,0
32,35,UL,0,0,0,0
32,36,DL,0,0,0,0
32,36,UL,0,0,0,0
32,37,DL,0,0,0,0
32,37,UL,0,0,0,0
32,38,DL,0,0,0,0
32,38,UL,0,0,0,0
32,39,DL,0,0,0,0
32,39,UL,0,0,0,0
32,40,DL,0,0,0,0
32,40,UL,0,0,0,0
32,41,DL,0,0,0,0
32,41,UL,0,0,0,0
32,42,DL,0,0,0,0
32,42,UL,0,0,0,0
32,43,DL,0,0,0,0
32,43,UL,0,0,0,0
32,44,DL,0,0,0,0
32,44,UL,0,0,0,0
32,45,DL,0,0,0,0
32,45,UL,0,0,0,0
32,46,DL,0,0,0,0
32,46,UL,0,0,0,0
32,47,DL,1.61403,0.334,0.00784302,4
32,47,UL,0,0,0,0
32,48,DL,0,0,0,0
32,48,UL,0,0,0,0
32,49,DL,0,0,0,0
32,49,UL,0,0,0,0
34,0,DL,0,0,0,0
34,0,UL,0,0,0,0
34,1,DL,0,0,0,0
34,1,UL,0,0,0,0
34,2,DL,0,0,0,0
34,2,UL,0,0,0,0
34,3,DL,0,0,0,0
34,3,UL,0,0,0,0
34,4,DL,0,0,0,0
34,4,UL,0,0,0,0
34,5,DL,0,0,0,0
34,5,UL,0,0,0,0
34,6,DL,0,0,0,0
34,6,UL,0,0,0,0
34,7,DL,0,0,0,0
34,7,UL,0,0,0,0
34,8,DL,0,0,0,0
34,8,UL,0,0,0,0
34,9,DL,0,0,0,0
34,9,UL,0,0,0,0
34,10,DL,0,0,0,0
34,10,UL,0,0,0,0
34,11,DL,0,0,0,0
34,11,UL,0,0,0,0
34,12,DL,0,0,0,0
34,12,UL,0,0,0,0
34,13,DL,0,0,0,0
34,13,UL,0,0,0,0
34,14,DL,0,0,0,0
34,14,UL,0,0,0,0
34,15,DL,0,0,0,0
34,15,UL,0,0,0,0
34,16,DL,0,0,0,0
34,16,UL,0,0,0,0
34,17,DL,0,0,0,0
34,17,UL,0,0,0,0
34,18,DL,0,0,0,0
34,18,UL,0,0,0,0
34,19,DL,0,0,0,0
34,19,UL,0,0,0,0
34,20,DL,0,0,0,0
34,20,UL,0,0,0,0
34,21,DL,0,0,0,0
34,21,UL,0,0,0,0
34,22,DL,0,0,0,0
34,22,UL,0,0,0,0
34,23,DL,0,0,0,0
34,23,UL,0,0,0,0
34,24,DL,0,0,0,0
34,24,UL,0,0,0,0
34,25,DL,1.46307,0.316114,0.0196075,10
34,25,UL,0,0,0,0
34,26,DL,0,0,0,0
34,26,UL,0,0,0,0
34,27,DL,0,0,0,0
34,27,UL,0,0,0,0
34,28,DL,0,0,0,0
34,28,UL,0,0,0,0
34,29,DL,0,0,0,0
34,29,UL,0,0,0,0
34,30,DL,0,0,0,0
34,30,UL,0,0,0,0
34,31,DL,0,0,0,0
34,31,UL,0,0,0,0
34,32,DL,0,0,0,0
34,32,UL,0,0,0,0
34,33,DL,0,0,0,0
34,33,UL,0,0,0,0
34,34,DL,0,0,0,0
34,34,UL,0,0,0,0
34,35,DL,0,0,0,0
34,35,UL,0,0,0,0
34,36,DL,0,0,0,0
34,36,UL,0,0,0,0
34,37,DL,0,0,0,0
34,37,UL,0,0,0,0
34,38,DL,0,0,0,0
34,38,UL,0,0,0,0
34,39,DL,0,0,0,0
34,39,UL,0,0,0,0
34,40,DL,0,0,0,0
34,40,UL,0,0,0,0
34,41,DL,0,0,0,0
34,41,UL,0,0,0,0
34,42,DL,0,0,0,0
34,42,UL,0,0,0,0
34,43,DL,0,0,0,0
34,43,UL,0,0,0,0
34,44,DL,0.311324,0.0878019,0.0862732,44
34,44,UL,0,0,0,0
34,45,DL,0,0,0,0
34,45,UL,0,0,0,0
34,46,DL,0,0,0,0
34,46,UL,0,0,0,0
34,47,DL,0,0,0,0
34,47,UL,0,0,0,0
34,48,DL,0,0,0,0
34,48,UL,0,0,0,0
34,49,DL,0,0,0,0
34,49,UL,0,0,0,0
36,0,DL,0,0,0,0
36,0,UL,0,0,0,0
36,1,DL,0.102211,0.0491111,0.0352936,18
36,1,UL,0,0,0,0
36,2,DL,0,0,0,0
36,2,UL,0,0,0,0
36,3,DL,0,0,0,0
36,3,UL,0,0,0,0
36,4,DL,0,0,0,0
36,4,UL,0,0,0,0
36,5,DL,0,0,0,0
36,5,UL,0,0,0,0
36,6,DL,0,0,0,0
36,6,UL,0,0,0,0
36,7,DL,0,0,0,0
36,7,UL,0,0,0,0
36,8,DL,0,0,0,0
36,8,UL,0,0,0,0
36,9,DL,0,0,0,0
36,9,UL,0,0,0,0
36,10,DL,0,0,0,0
36,10,UL,0,0,0,0
36,11,DL,0,0,0,0
36,11,UL,0,0,0,0
36,12,DL,0,0,0,0
36,12,UL,0,0,0,0
36,13,DL,0,0,0,0
36,13,UL,0,0,0,0
36,14,DL,0,0,0,0
36,14,UL,0,0,0,0
36,15,DL,0,0,0,0
36,15,UL,0,0,0,0
36,16,DL,0,0,0,0
36,16,UL,0,0,0,0
36,17,DL,0,0,0,0
36,17,UL,0,0,0,0
36,18,DL,0,0,0,0
36,18,UL,0,0,0,0
36,19,DL,0,0,0,0
36,19,UL,0,0,0,0
36,20,DL,0,0,0,0
36,20,UL,0,0,0,0
36,21,DL,0,0,0,0
36,21,UL,0,0,0,0
36,22,DL,0,0,0,0
36,22,UL,0,0,0,0
36,23,DL,0,0,0,0
36,23,UL,0,0,0,0
36,24,DL,0,0,0,0
36,24,UL,0,0,0,0
36,25,DL,1.79051,0.207275,0.0784302,40
36,25,UL,0,0,0,0
36,26,DL,0,0,0,0
36,26,UL,0,0,0,0
36,27,DL,0,0,0,0
36,27,UL,0,0,0,0
36,28,DL,0,0,0,0
36,28,UL,0,0,0,0
36,29,DL,0,0,0,0
36,29,UL,0,0,0,0
36,30,DL,0,0,0,0
36,30,UL,0,0,0,0
36,31,DL,0,0,0,0
36,31,UL,0,0,0,0
36,32,DL,0,0,0,0
36,32,UL,0,0,0,0
36,33,DL,0,0,0,0
36,33,UL,0,0,0,0
36,34,DL,0,0,0,0
36,34,UL,0,0,0,0
36,35,DL,0,0,0,0
36,35,UL,0,0,0,0
36,36,DL,0,0,0,0
36,36,UL,0,0,0,0
36,37,DL,0,0,0,0
36,37,UL,0,0,0,0
36,38,DL,0,0,0,0
36,38,UL,0,0,0,0
36,39,DL,0,0,0,0
36,39,UL,0,0,0,0
36,40,DL,0,0,0,0
36,40,UL,0,0,0,0
36,41,DL,0,0,0,0
36,41,UL,0,0,0,0
36,42,DL,0,0,0,0
36,42,UL,0,0,0,0
36,43,DL,0,0,0,0
36,43,UL,0,0,0,0
36,44,DL,0,0,0,0
36,44,UL,0,0,0,0
36,45,DL,0,0,0,0
36,45,UL,0,0,0,0
36,46,DL,0,0,0,0
36,46,UL,0,0,0,0
36,47,DL,0,0,0,0
36,47,UL,0,0,0,0
36,48,DL,0,0,0,0
36,48,UL,0,0,0,0
36,49,DL,0,0,0,0
36,49,UL,0,0,0,0
38,0,DL,0,0,0,0
38,0,UL,0,0,0,0
38,1,DL,0,0,0,0
38,1,UL,0,0,0,0
38,2,DL,0,0,0,0
38,2,UL,0,0,0,0
38,3,DL,0,0,0,0
38,3,UL,0,0,0,0
38,4,DL,0.681767,0.561333,0.0117645,6
38,4,UL,0,0,0,0
38,5,DL,0,0,0,0
38,5,UL,0,0,0,0
38,6,DL,0,0,0,0
38,6,UL,0,0,0,0
38,7,DL,0,0,0,0
38,7,UL,0,0,0,0
38,8,DL,0,0,0,0
38,8,UL,0,0,0,0
38,9,DL,0,0,0,0
38,9,UL,0,0,0,0
38,10,DL,0,0,0,0
38,10,UL,0,0,0,0
38,11,DL,0,0,0,0
38,11,UL,0,0,0,0
38,12,DL,0,0,0,0
38,12,UL,0,0,0,0
38,13,DL,0,0,0,0
38,13,UL,0,0,0,0
38,14,DL,0,0,0,0
38,14,UL,0,0,0,0
38,15,DL,0,0,0,0
38,15,UL,0,0,0,0
38,16,DL,0,0,0,0
38,16,UL,0,0,0,0
38,17,DL,0,0,0,0
38,17,UL,0,0,0,0
38,18,DL,0,0,0,0
38,18,UL,0,0,0,0
38,19,DL,0,0,0,0
38,19,UL,0,0,0,0
38,20,DL,0,0,0,0
38,20,UL,0,0,0,0
38,21,DL,0,0,0,0
38,21,UL,0,0,0,0
38,22,DL,0,0,0,0
38,22,UL,0,0,0,0
38,23,DL,0,0,0,0
38,23,UL,0,0,0,0
38,24,DL,0,0,0,0
38,24,UL,0,0,0,0
38,25,DL,0,0,0,0
38,25,UL,0,0,0,0
38,26,DL,0,0,0,0
38,26,UL,0,0,0,0
38,27,DL,0,0,0,0
38,27,UL,0,0,0,0
38,28,DL,0,0,0,0
38,28,UL,0,0,0,0
38,29,DL,0,0,0,0
38,29,UL,0,0,0,0
38,30,DL,0,0,0,0
38,30,UL,0,0,0,0
38,31,DL,0,0,0,0
38,31,UL,0,0,0,0
38,32,DL,0,0,0,0
38,32,UL,0,0,0,0
38,33,DL,0,0,0,0
38,33,UL,0,0,0,0
38,34,DL,0,0,0,0
38,34,UL,0,0,0,0
38,35,DL,0,0,0,0
38,35,UL,0,0,0,0
38,36,DL,0,0,0,0
38,36,UL,0,0,0,0
38,37,DL,0,0,0,0
38,37,UL,0,0,0,0
38,38,DL,0,0,0,0
38,38,UL,0,0,0,0
38,39,DL,0,0,0,0
38,39,UL,0,0,0,0
38,40,DL,0,0,0,0
38,40,UL,0,0,0,0
38,41,DL,0,0,0,0
38,41,UL,0,0,0,0
38,42,DL,0,0,0,0
38,42,UL,0,0,0,0
38,43,DL,0,0,0,0
38,43,UL,0,0,0,0
38,44,DL,0,0,0,0
38,44,UL,0,0,0,0
38,45,DL,0,0,0,0
38,45,UL,0,0,0,0
38,46,DL,0,0,0,0
38,46,UL,0,0,0,0
38,47,DL,0,0,0,0
38,47,UL,0,0,0,0
38,48,DL,0,0,0,0
38,48,UL,0,0,0,0
38,49,DL,0,0,0,0
38,49,UL,0,0,0,0
