Time,UE,Delay,Jitter,Throughput,PDR,PLR
2,0,0,0,0,0,0
2,1,0,0,0,0,0
2,2,0,0,0,0,0
2,3,0,0,0,0,0
2,4,0,0,0,0,0
2,5,0,0,0,0,0
2,6,0,0,0,0,0
2,7,0,0,0,0,0
2,8,0,0,0,0,0
2,9,0,0,0,0,0
2,10,0,0,0,0,0
2,11,0,0,0,0,0
2,12,0,0,0,0,0
2,13,0,0,0,0,0
2,14,0,0,0,0,0
2,15,0,0,0,0,0
2,16,0,0,0,0,0
2,17,0,0,0,0,0
2,18,0,0,0,0,0
2,19,0,0,0,0,0
2,20,0,0,0,0,0
2,21,0,0,0,0,0
2,22,0,0,0,0,0
2,23,0,0,0,0,0
2,24,0,0,0,0,0
2,25,0,0,0,0,0
2,26,0,0,0,0,0
2,27,0,0,0,0,0
2,28,0,0,0,0,0
2,29,0,0,0,0,0
2,30,0,0,0,0,0
2,31,0,0,0,0,0
2,32,0,0,0,0,0
2,33,0,0,0,0,0
2,34,0,0,0,0,0
2,35,0,0,0,0,0
2,36,0,0,0,0,0
2,37,0,0,0,0,0
2,38,0,0,0,0,0
2,39,0,0,0,0,0
2,40,0,0,0,0,0
2,41,0,0,0,0,0
2,42,0,0,0,0,0
2,43,0,0,0,0,0
2,44,0,0,0,0,0
2,45,0,0,0,0,0
2,46,0,0,0,0,0
2,47,0,0,0,0,0
2,48,0,0,0,0,0
2,49,0,0,0,0,0
4,0,0.00385236,0.000210415,0.391168,100,0
4,1,0.131283,0.0306021,0.24448,39.2157,60.7843
4,2,0.122661,0.0278917,0.348384,65.5172,34.4828
4,3,0.1404,0.0299376,0.195584,39.0244,60.9756
4,4,0.153054,0.0318563,0.055008,13.0435,86.9565
4,5,0.12843,0.0337387,0.299488,55.6818,44.3182
4,6,0.141875,0.0329029,0.220032,46.7532,53.2468
4,7,0.136987,0.0350388,0.067232,17.1875,82.8125
4,8,0.0908154,0.0218031,0.317824,78.7879,21.2121
4,9,0.140328,0.0293283,0.287264,55.9524,44.0476
4,10,0.137984,0.0290727,0.177248,35.8025,64.1975
4,11,0.116831,0.024556,0.330048,68.3544,31.6456
4,12,0.119267,0.0362814,0.158912,33.3333,66.6667
4,13,0.08784,0.0273806,0.317824,72.2222,27.7778
4,14,0.111002,0.029152,0.24448,68.9655,31.0345
4,15,0.003934,0.000458942,0.464512,100,0
4,16,0.0176029,0.00594773,0.415616,95.7746,4.22535
4,17,0.0597021,0.0153906,0.385056,90,10
4,18,0.0476672,0.0153762,0.48896,91.954,8.04598
4,19,0.122706,0.0349411,0.378944,60.7843,39.2157
4,20,0.00413642,0.000440867,0.48896,100,0
4,21,0.0862458,0.0223168,0.348384,77.027,22.973
4,22,0.1176,0.0222096,0.433952,72.449,27.551
4,23,0.125575,0.0315085,0.385056,63,37
4,24,0.15526,0.0334552,0.03056,7.8125,92.1875
4,25,0.09429,0.0269606,0.3056,74.6269,25.3731
4,26,0.126897,0.0439527,0.110016,23.3766,76.6234
4,27,0.00365549,0.000370624,0.464512,100,0
4,28,0.0265373,0.00973115,0.507296,95.4023,4.5977
4,29,0.103549,0.0293972,0.268928,63.7681,36.2319
4,30,0.145196,0.0370411,0.165024,38.0282,61.9718
4,31,0.102734,0.0229947,0.330048,69.2308,30.7692
4,32,0.150069,0.0316695,0.171136,46.6667,53.3333
4,33,0.124933,0.0384551,0.134464,33.8462,66.1538
4,34,0.0921874,0.0231212,0.281152,63.8889,36.1111
4,35,0.148883,0.0340724,0.116128,23.1707,76.8293
4,36,0.123125,0.0294513,0.268928,53.012,46.988
4,37,0.145709,0.036356,0.146688,30.3797,69.6203
4,38,0.116557,0.0332206,0.256704,57.5342,42.4658
4,39,0.0535534,0.0149368,0.409504,87.013,12.987
4,40,0.0635941,0.0168127,0.287264,85.4545,14.5455
4,41,0.113464,0.027019,0.238368,63.9344,36.0656
4,42,0.117703,0.0252903,0.330048,72.973,27.027
4,43,0.11706,0.0267184,0.293376,62.3377,37.6623
4,44,0.115147,0.0278715,0.33616,61.1111,38.8889
4,45,0.00354688,0.000212121,0.470624,98.7179,1.28205
4,46,0.119305,0.0283116,0.195584,45.0704,54.9296
4,47,0.0473209,0.0131153,0.42784,93.3333,6.66667
4,48,0.11635,0.0270692,0.348384,77.027,22.973
4,49,0.122242,0.0306914,0.226144,46.8354,53.1646
6,0,0.00381383,0.0001096,0.48896,98.7654,1.23457
6,1,0.129375,0.0301111,0.24448,54.0541,45.9459
6,2,0.123239,0.0276136,0.378944,74.6988,25.3012
6,3,0.127464,0.0303206,0.128352,31.3433,68.6567
6,4,0.14342,0.0335601,0.073344,11.0092,88.9908
6,5,0.123714,0.0322332,0.330048,58.6957,41.3043
6,6,0.137009,0.0346452,0.342272,54.902,45.098
6,7,0.13223,0.0419291,0.042784,8.97436,91.0256
6,8,0.0843176,0.0257126,0.385056,67.7419,32.2581
6,9,0.135931,0.0315986,0.33616,56.1224,43.8776
6,10,0.127187,0.0321005,0.158912,43.3333,56.6667
6,11,0.122701,0.0305855,0.36672,63.1579,36.8421
6,12,0.121898,0.0367685,0.293376,68.5714,31.4286
6,13,0.0944881,0.0275998,0.281152,69.697,30.303
6,14,0.0821281,0.0240904,0.452288,85.0575,14.9425
6,15,0.00374006,0.000316551,0.513408,100,0
6,16,0.00997055,0.0027664,0.48896,100,0
6,17,0.0540748,0.0169705,0.446176,89.0244,10.9756
6,18,0.0356806,0.011612,0.409504,91.7808,8.21918
6,19,0.12345,0.0321086,0.391168,61.5385,38.4615
6,20,0.00648437,0.00136481,0.586752,97.9592,2.04082
6,21,0.0819176,0.0201627,0.507296,84.6939,15.3061
6,22,0.106193,0.0230107,0.354496,86.5672,13.4328
6,23,0.125164,0.0277559,0.385056,77.7778,22.2222
6,24,0.141805,0.0408465,0.171136,29.4737,70.5263
6,25,0.0986654,0.0265994,0.409504,68.3673,31.6327
6,26,0.138473,0.0399163,0.18336,30.303,69.697
6,27,0.00373574,0.000356927,0.482848,100,0
6,28,0.0294985,0.011081,0.464512,93.8272,6.17284
6,29,0.101131,0.0262017,0.385056,69.2308,30.7692
6,30,0.14596,0.0306602,0.287264,55.9524,44.0476
6,31,0.093062,0.0242278,0.403392,91.6667,8.33333
6,32,0.133167,0.0329296,0.342272,70,30
6,33,0.137486,0.0367191,0.18336,46.875,53.125
6,34,0.104556,0.0287293,0.27504,77.5862,22.4138
6,35,0.147262,0.0341476,0.171136,31.8182,68.1818
6,36,0.113937,0.0293431,0.293376,69.5652,30.4348
6,37,0.148296,0.0342265,0.201696,39.759,60.241
6,38,0.122389,0.030757,0.317824,69.3333,30.6667
6,39,0.0333582,0.0103143,0.42784,97.2222,2.77778
6,40,0.076686,0.0210043,0.372832,75.3086,24.6914
6,41,0.118222,0.0300046,0.268928,56.4103,43.5897
6,42,0.120585,0.0278294,0.446176,72.2772,27.7228
6,43,0.112462,0.0273722,0.385056,86.3014,13.6986
6,44,0.109372,0.0275913,0.3056,71.4286,28.5714
6,45,0.00372957,0.000183625,0.513408,100,0
6,46,0.116902,0.029416,0.293376,70.5882,29.4118
6,47,0.033854,0.0106295,0.433952,95.9459,4.05405
6,48,0.0921471,0.0237491,0.360608,70.2381,29.7619
6,49,0.131303,0.032064,0.27504,50.5618,49.4382
8,0,0.00379957,0.000137789,0.574528,100,0
8,1,0.132344,0.0318449,0.268928,58.6667,41.3333
8,2,0.125575,0.0271184,0.372832,70.1149,29.8851
8,3,0.132175,0.0279555,0.256704,61.7647,38.2353
8,4,0.14486,0.0304597,0.055008,12.3288,87.6712
8,5,0.129859,0.0328214,0.299488,55.0562,44.9438
8,6,0.133558,0.0324054,0.391168,60.3774,39.6226
8,7,0.135659,0.0388809,0.042784,9.33333,90.6667
8,8,0.0962677,0.0247386,0.452288,78.7234,21.2766
8,9,0.134695,0.032638,0.281152,42.5926,57.4074
8,10,0.123267,0.0324303,0.226144,48.0519,51.9481
8,11,0.122285,0.0300384,0.348384,62.6374,37.3626
8,12,0.126994,0.0344358,0.201696,49.2537,50.7463
8,13,0.0954385,0.0266456,0.385056,74.1176,25.8824
8,14,0.0750346,0.0217924,0.440064,76.5957,23.4043
8,15,0.00367224,0.000275721,0.415616,100,0
8,16,0.00765527,0.0018233,0.556192,100,0
8,17,0.0581532,0.0180382,0.36672,73.1707,26.8293
8,18,0.0438842,0.0135746,0.513408,85.7143,14.2857
8,19,0.126526,0.031035,0.385056,68.4783,31.5217
8,20,0.00775948,0.00194343,0.372832,93.8462,6.15385
8,21,0.0616086,0.0155817,0.421728,97.1831,2.8169
8,22,0.109401,0.0253349,0.27504,66.1765,33.8235
8,23,0.121607,0.0290468,0.293376,68.5714,31.4286
8,24,0.144823,0.0393893,0.06112,12.5,87.5
8,25,0.0958951,0.0258176,0.311712,71.831,28.169
8,26,0.142777,0.0362791,0.165024,39.7059,60.2941
8,27,0.00360564,0.000255928,0.598976,100,0
8,28,0.0252877,0.00991588,0.470624,93.9024,6.09756
8,29,0.114649,0.0275264,0.476736,78.7879,21.2121
8,30,0.13787,0.0331872,0.207808,50.7463,49.2537
8,31,0.098669,0.0274262,0.391168,72.7273,27.2727
8,32,0.131843,0.0323138,0.256704,61.7647,38.2353
8,33,0.136059,0.0399324,0.110016,20.6897,79.3103
8,34,0.111832,0.0289284,0.330048,72,28
8,35,0.146292,0.0372559,0.165024,27.8351,72.1649
8,36,0.121081,0.0287114,0.330048,65.0602,34.9398
8,37,0.145216,0.0335311,0.226144,39.7849,60.2151
8,38,0.122966,0.032308,0.232256,59.375,40.625
8,39,0.0383958,0.0118683,0.51952,88.5417,11.4583
8,40,0.0791279,0.0226009,0.348384,89.0625,10.9375
8,41,0.123755,0.0296401,0.323936,63.0952,36.9048
8,42,0.120977,0.0278432,0.36672,74.0741,25.9259
8,43,0.0960194,0.0253982,0.415616,74.7253,25.2747
8,44,0.11295,0.028814,0.36672,70.5882,29.4118
8,45,0.0036883,0.000243175,0.48896,100,0
8,46,0.0902758,0.0232543,0.476736,78.7879,21.2121
8,47,0.0289695,0.00977198,0.4584,92.5926,7.40741
8,48,0.100121,0.0253888,0.470624,72.6415,27.3585
8,49,0.131793,0.0312157,0.299488,51.5789,48.4211
10,0,0.0037019,0.000113735,0.507296,100,0
10,1,0.135998,0.0316407,0.256704,50,50
10,2,0.127765,0.0277771,0.39728,59.0909,40.9091
10,3,0.13555,0.0300212,0.140576,40.3509,59.6491
10,4,0.137732,0.0300333,0.201696,30.5556,69.4444
10,5,0.129753,0.0319684,0.476736,65,35
10,6,0.131974,0.0317828,0.238368,72.2222,27.7778
10,7,0.137007,0.0341587,0.110016,21.9512,78.0488
10,8,0.0956331,0.0244989,0.48896,91.954,8.04598
10,9,0.1356,0.0330227,0.24448,39.604,60.396
10,10,0.124812,0.032239,0.21392,40.6977,59.3023
10,11,0.121439,0.0295318,0.287264,52.809,47.191
10,12,0.125966,0.0353722,0.201696,38.3721,61.6279
10,13,0.104146,0.0268048,0.537856,71.5447,28.4553
10,14,0.0720382,0.0211825,0.409504,95.7143,4.28571
10,15,0.00365297,0.000295569,0.48896,100,0
10,16,0.00662313,0.00143701,0.48896,100,0
10,17,0.064826,0.0207351,0.311712,79.6875,20.3125
10,18,0.0421909,0.0132333,0.421728,92,8
10,19,0.128922,0.0302295,0.385056,72.4138,27.5862
10,20,0.0100298,0.0032835,0.537856,100,0
10,21,0.0463251,0.012044,0.482848,98.75,1.25
10,22,0.101002,0.0259438,0.238368,73.5849,26.4151
10,23,0.120553,0.0305739,0.287264,73.4375,26.5625
10,24,0.143047,0.0402525,0.165024,29.3478,70.6522
10,25,0.0917975,0.0247505,0.446176,92.4051,7.59494
10,26,0.131017,0.0316217,0.433952,65.1376,34.8624
10,27,0.0036843,0.000275597,0.64176,100,0
10,28,0.0251006,0.00952153,0.543968,96.7391,3.26087
10,29,0.118197,0.0282311,0.311712,70.8333,29.1667
10,30,0.137739,0.0323751,0.262816,59.7222,40.2778
10,31,0.106422,0.0267523,0.42784,78.6517,21.3483
10,32,0.129045,0.0323288,0.33616,57.2917,42.7083
10,33,0.134576,0.039256,0.238368,45.3488,54.6512
10,34,0.108841,0.0276235,0.256704,72.4138,27.5862
10,35,0.144468,0.0353035,0.097792,22.5352,77.4648
10,36,0.114817,0.0291255,0.378944,78.481,21.519
10,37,0.145544,0.0334051,0.24448,47.619,52.381
10,38,0.126509,0.0317984,0.360608,62.1053,37.8947
10,39,0.0345905,0.0105882,0.495072,98.7805,1.21951
10,40,0.0796683,0.0215533,0.323936,70.6667,29.3333
10,41,0.128164,0.0287492,0.311712,59.3023,40.6977
10,42,0.117677,0.0270753,0.409504,63.8095,36.1905
10,43,0.0951805,0.0263521,0.317824,83.871,16.129
10,44,0.118556,0.0288241,0.317824,63.4146,36.5854
10,45,0.00366885,0.000219625,0.525632,100,0
10,46,0.0920192,0.0239004,0.482848,97.5309,2.46914
10,47,0.0303749,0.0102897,0.360608,90.7692,9.23077
10,48,0.102619,0.0244738,0.446176,89.0244,10.9756
10,49,0.131076,0.0329787,0.189472,45.5882,54.4118
12,0,0.00365606,0.000175231,0.525632,100,0
12,1,0.135972,0.0319106,0.415616,68,32
12,2,0.128043,0.0286036,0.342272,61.5385,38.4615
12,3,0.13703,0.0293751,0.189472,35.2273,64.7727
12,4,0.135925,0.032325,0.226144,46.8354,53.1646
12,5,0.133349,0.0312868,0.36672,66.6667,33.3333
12,6,0.130814,0.0328795,0.33616,59.7826,40.2174
12,7,0.139422,0.0332682,0.048896,10.1266,89.8734
12,8,0.0898016,0.0237015,0.476736,81.25,18.75
12,9,0.135139,0.0324198,0.134464,36.6667,63.3333
12,10,0.132445,0.0313855,0.323936,67.9487,32.0513
12,11,0.123974,0.0303094,0.232256,43.1818,56.8182
12,12,0.129074,0.0351254,0.323936,58.2418,41.7582
12,13,0.108449,0.0271472,0.433952,79.7753,20.2247
12,14,0.0606988,0.0184679,0.42784,92.1053,7.89474
12,15,0.0036695,0.000277876,0.55008,100,0
12,16,0.00597547,0.00116935,0.513408,100,0
12,17,0.0709993,0.0212271,0.311712,67.1053,32.8947
12,18,0.0418664,0.013396,0.464512,95,5
12,19,0.130745,0.0304799,0.250592,56.9444,43.0556
12,20,0.00970639,0.00302088,0.586752,95.0495,4.9505
12,21,0.0403295,0.0109247,0.476736,89.6552,10.3448
12,22,0.0989518,0.0252438,0.372832,78.2051,21.7949
12,23,0.120072,0.0294311,0.4584,68.8073,31.1927
12,24,0.144677,0.0385929,0.134464,34.375,65.625
12,25,0.085757,0.0242686,0.415616,85,15
12,26,0.12638,0.0308087,0.250592,75.9259,24.0741
12,27,0.00372789,0.000289695,0.543968,100,0
12,28,0.0249975,0.00951096,0.48896,95.2381,4.7619
12,29,0.122564,0.0283488,0.348384,60,40
12,30,0.138933,0.0313772,0.281152,49.4624,50.5376
12,31,0.110429,0.0264671,0.360608,71.9512,28.0488
12,32,0.127999,0.0324865,0.299488,62.8205,37.1795
12,33,0.126772,0.0384609,0.287264,61.8421,38.1579
12,34,0.1072,0.0284569,0.360608,68.6047,31.3953
12,35,0.143898,0.0347192,0.146688,26.9663,73.0337
12,36,0.113639,0.0293281,0.256704,70,30
12,37,0.143123,0.032402,0.268928,51.1628,48.8372
12,38,0.129369,0.0320888,0.330048,58.0645,41.9355
12,39,0.0297958,0.00935032,0.598976,97.0297,2.9703
12,40,0.0858146,0.022879,0.323936,64.6341,35.3659
12,41,0.126798,0.0293511,0.268928,51.7647,48.2353
12,42,0.119367,0.0281071,0.421728,74.1935,25.8065
12,43,0.0896934,0.0255889,0.446176,86.9048,13.0952
12,44,0.121869,0.0291344,0.391168,62.7451,37.2549
12,45,0.00368757,0.000191955,0.51952,100,0
12,46,0.0849874,0.0232318,0.48896,78.4314,21.5686
12,47,0.0361487,0.0122193,0.42784,85.3659,14.6341
12,48,0.107834,0.0258664,0.330048,56.8421,43.1579
12,49,0.125968,0.0332139,0.33616,56.1224,43.8776
14,0,0.00369309,0.000175557,0.513408,100,0
14,1,0.13476,0.0319667,0.293376,60,40
14,2,0.130089,0.0287834,0.360608,78.6667,21.3333
14,3,0.136196,0.0303943,0.293376,48.4848,51.5152
14,4,0.134517,0.0309841,0.348384,64.0449,35.9551
14,5,0.134461,0.0311472,0.201696,47.8261,52.1739
14,6,0.131475,0.0317881,0.299488,59.0361,40.9639
14,7,0.141253,0.0319007,0.036672,6.89655,93.1034
14,8,0.0819379,0.0219001,0.568416,97.8947,2.10526
14,9,0.134963,0.0320358,0.27504,55.5556,44.4444
14,10,0.130968,0.0321961,0.195584,38.5542,61.4458
14,11,0.123353,0.0307958,0.293376,77.4194,22.5806
14,12,0.131799,0.0362117,0.24448,46.5116,53.4884
14,13,0.109954,0.0277369,0.433952,73.1959,26.8041
14,14,0.0563288,0.0181357,0.36672,96.7742,3.22581
14,15,0.00366604,0.000263935,0.556192,100,0
14,16,0.00555568,0.00100488,0.562304,98.9247,1.07527
14,17,0.0785443,0.0234614,0.287264,71.2121,28.7879
14,18,0.0402992,0.0136016,0.464512,91.5663,8.43373
14,19,0.13335,0.0310458,0.293376,53.9326,46.0674
14,20,0.0119628,0.0040681,0.403392,83.5443,16.4557
14,21,0.0393387,0.0107642,0.378944,93.9394,6.06061
14,22,0.104756,0.0257003,0.42784,83.3333,16.6667
14,23,0.115117,0.0280181,0.378944,98.4127,1.5873
14,24,0.143475,0.0392911,0.177248,34.9398,65.0602
14,25,0.0808313,0.0227917,0.403392,83.5443,16.4557
14,26,0.126648,0.0314931,0.299488,66.2162,33.7838
14,27,0.0055289,0.00104951,0.403392,97.0588,2.94118
14,28,0.0232924,0.00898426,0.421728,95.8333,4.16667
14,29,0.119543,0.0274281,0.378944,71.2644,28.7356
14,30,0.139532,0.031826,0.287264,48.4536,51.5464
14,31,0.112156,0.0276024,0.287264,56.6265,43.3735
14,32,0.126755,0.0332393,0.317824,72.2222,27.7778
14,33,0.131978,0.0372846,0.281152,46.4646,53.5354
14,34,0.104301,0.0276399,0.452288,83.1461,16.8539
14,35,0.143996,0.0340715,0.097792,16.1616,83.8384
14,36,0.113117,0.0286452,0.36672,77.9221,22.0779
14,37,0.138865,0.0317831,0.256704,51.2195,48.7805
14,38,0.127642,0.0316884,0.311712,64.557,35.443
14,39,0.0243522,0.00741224,0.64176,100,0
14,40,0.0931094,0.0232882,0.440064,92.3077,7.69231
14,41,0.128999,0.0301126,0.311712,58.6207,41.3793
14,42,0.115321,0.0272367,0.385056,77.7778,22.2222
14,43,0.0950594,0.0256649,0.446176,73.7374,26.2626
14,44,0.125108,0.0295183,0.372832,61,39
14,45,0.00367092,0.000172469,0.440064,100,0
14,46,0.080938,0.0213816,0.452288,94.8718,5.12821
14,47,0.0414245,0.0138665,0.501184,75.9259,24.0741
14,48,0.108272,0.0267197,0.256704,60,40
14,49,0.126212,0.0328316,0.464512,73.0769,26.9231
16,0,0.00368944,0.000209008,0.635648,100,0
16,1,0.134187,0.0330079,0.232256,44.186,55.814
16,2,0.130063,0.0292013,0.232256,52.7778,47.2222
16,3,0.133225,0.0317824,0.18336,49.1803,50.8197
16,4,0.134677,0.0315629,0.3056,45.8716,54.1284
16,5,0.131842,0.0306888,0.27504,69.2308,30.7692
16,6,0.13253,0.0322883,0.33616,62.5,37.5
16,7,0.139939,0.0314264,0.024448,3.33333,96.6667
16,8,0.0776254,0.0217186,0.421728,82.1429,17.8571
16,9,0.135726,0.0325961,0.226144,39.7849,60.2151
16,10,0.131197,0.0325255,0.226144,41.573,58.427
16,11,0.122418,0.0303694,0.39728,75.5814,24.4186
16,12,0.131678,0.0351297,0.250592,47.1264,52.8736
16,13,0.110222,0.0281625,0.385056,63.6364,36.3636
16,14,0.0589539,0.0183488,0.323936,84.127,15.873
16,15,0.00544655,0.00113148,0.495072,96.4286,3.57143
16,16,0.00611858,0.00124651,0.513408,100,0
16,17,0.084077,0.0248341,0.293376,56.4706,43.5294
16,18,0.0376258,0.0131536,0.653984,93.0435,6.95652
16,19,0.13304,0.0321827,0.27504,52.3256,47.6744
16,20,0.0143529,0.0045669,0.562304,100,0
16,21,0.0376264,0.0105596,0.48896,100,0
16,22,0.107099,0.0259753,0.3056,63.2911,36.7089
16,23,0.109309,0.0270888,0.48896,75.4717,24.5283
16,24,0.142875,0.039728,0.103904,22.6667,77.3333
16,25,0.0836213,0.0221748,0.507296,88.2979,11.7021
16,26,0.126283,0.0316073,0.354496,61.0526,38.9474
16,27,0.00573091,0.00128573,0.464512,98.7013,1.2987
16,28,0.0239834,0.00874561,0.446176,97.3333,2.66667
16,29,0.120699,0.0278405,0.403392,68.0412,31.9588
16,30,0.139241,0.0325134,0.238368,46.988,53.012
16,31,0.116886,0.0281437,0.299488,59.7561,40.2439
16,32,0.128059,0.0326262,0.409504,63.2075,36.7925
16,33,0.133215,0.0355515,0.348384,64.0449,35.9551
16,34,0.102236,0.0267863,0.495072,81,19
16,35,0.144458,0.033,0.146688,33.8028,66.1972
16,36,0.110765,0.0286789,0.317824,74.2857,25.7143
16,37,0.13864,0.0316347,0.33616,51.8868,48.1132
16,38,0.128922,0.031473,0.317824,59.7701,40.2299
16,39,0.0223916,0.00676698,0.476736,91.7647,8.23529
16,40,0.0979209,0.0239342,0.27504,65.2174,34.7826
16,41,0.125774,0.0305231,0.189472,62,38
16,42,0.114449,0.0269419,0.385056,70.7865,29.2135
16,43,0.0984996,0.025786,0.446176,79.3478,20.6522
16,44,0.126959,0.0299321,0.348384,61.9565,38.0435
16,45,0.00366826,0.000195543,0.501184,100,0
16,46,0.0848775,0.0219184,0.342272,73.6842,26.3158
16,47,0.0532527,0.0156962,0.433952,84.5238,15.4762
16,48,0.109514,0.0269471,0.360608,68.6047,31.3953
16,49,0.126572,0.0331909,0.250592,52.5641,47.4359
18,0,0.00430128,0.000494826,0.495072,98.7805,1.21951
18,1,0.135075,0.0334087,0.360608,57.8431,42.1569
18,2,0.130525,0.0285995,0.403392,68.75,31.25
18,3,0.13537,0.03256,0.128352,23.8636,76.1364
18,4,0.135102,0.0304767,0.378944,70.4545,29.5455
18,5,0.130006,0.0308012,0.268928,58.6667,41.3333
18,6,0.133647,0.0317381,0.360608,62.1053,37.8947
18,7,0.140782,0.0304933,0.042784,7.44681,92.5532
18,8,0.073895,0.0212482,0.409504,82.716,17.284
18,9,0.136529,0.0328962,0.110016,40,60
18,10,0.130641,0.0336925,0.158912,31.3253,68.6747
18,11,0.121788,0.0302104,0.42784,73.6842,26.3158
18,12,0.133372,0.0345594,0.287264,48.4536,51.5464
18,13,0.112785,0.0289452,0.378944,68.1319,31.8681
18,14,0.0589428,0.0184644,0.464512,87.3563,12.6437
18,15,0.00744956,0.0016926,0.513408,97.6744,2.32558
18,16,0.00724736,0.00167741,0.476736,97.5,2.5
18,17,0.0873553,0.0257607,0.330048,65.0602,34.9398
18,18,0.0378831,0.0134695,0.323936,91.3793,8.62069
18,19,0.132257,0.0324614,0.238368,54.9296,45.0704
18,20,0.0162604,0.00504993,0.39728,91.5493,8.4507
18,21,0.0384268,0.0107488,0.421728,92,8
18,22,0.10258,0.0261548,0.299488,80.3279,19.6721
18,23,0.109921,0.0271957,0.403392,73.3333,26.6667
18,24,0.145163,0.0386997,0.12224,27.3973,72.6027
18,25,0.0843101,0.0220391,0.385056,82.8947,17.1053
18,26,0.119322,0.0303634,0.391168,90.1408,9.85915
18,27,0.00775877,0.00222361,0.55008,94.7368,5.26316
18,28,0.026664,0.00983664,0.311712,85,15
18,29,0.122563,0.0282246,0.317824,67.5325,32.4675
18,30,0.136604,0.0323622,0.238368,50,50
18,31,0.118748,0.0281376,0.391168,72.7273,27.2727
18,32,0.126374,0.0323635,0.330048,57.4468,42.5532
18,33,0.134271,0.0356896,0.232256,41.7582,58.2418
18,34,0.105515,0.027257,0.385056,76.8293,23.1707
18,35,0.143624,0.0352355,0.12224,23.5294,76.4706
18,36,0.111101,0.0294246,0.268928,59.4595,40.5405
18,37,0.137121,0.031366,0.39728,66.3265,33.6735
18,38,0.130609,0.0314798,0.262816,57.3333,42.6667
18,39,0.0222709,0.00695146,0.556192,91,9
18,40,0.0967055,0.024264,0.403392,71.7391,28.2609
18,41,0.127975,0.030829,0.158912,32.5,67.5
18,42,0.109149,0.0262502,0.452288,92.5,7.5
18,43,0.0974992,0.026375,0.470624,76.2376,23.7624
18,44,0.128947,0.0296047,0.317824,58.427,41.573
18,45,0.00603911,0.000727257,0.586752,96,4
18,46,0.0828214,0.0214753,0.537856,83.0189,16.9811
18,47,0.060181,0.0168486,0.385056,76.8293,23.1707
18,48,0.110839,0.0270407,0.385056,75.9036,24.0964
18,49,0.127382,0.0337827,0.330048,62.069,37.931
20,0,0.00579232,0.00102755,0.39728,95.5882,4.41176
20,1,0.135527,0.0328208,0.317824,61.9048,38.0952
20,2,0.130991,0.029055,0.189472,53.4483,46.5517
20,3,0.135253,0.0327645,0.207808,33.3333,66.6667
20,4,0.132878,0.0304107,0.323936,58.2418,41.7582
20,5,0.130128,0.0313098,0.256704,57.5342,42.4658
20,6,0.13192,0.0309919,0.299488,65.3333,34.6667
20,7,0.141234,0.0302564,0.024448,4.44444,95.5556
20,8,0.0714395,0.0204723,0.446176,100,0
20,9,0.137214,0.0332128,0.189472,32.6316,67.3684
20,10,0.132255,0.0338577,0.1528,34.7222,65.2778
20,11,0.122912,0.0305507,0.226144,49.3333,50.6667
20,12,0.132606,0.0350784,0.323936,58.8889,41.1111
20,13,0.110993,0.0286508,0.409504,84.8101,15.1899
20,14,0.0584534,0.0175422,0.48896,85.1064,14.8936
20,15,0.00714268,0.00156317,0.372832,100,0
20,16,0.00894338,0.00256782,0.293376,76.1905,23.8095
20,17,0.0910061,0.0260496,0.201696,48.5294,51.4706
20,18,0.0409262,0.0141127,0.391168,77.1084,22.8916
20,19,0.12769,0.0313977,0.482848,72.4771,27.5229
20,20,0.0197695,0.00600013,0.452288,81.3187,18.6813
20,21,0.0396654,0.011525,0.556192,91,9
20,22,0.10538,0.0264668,0.354496,69.0476,30.9524
20,23,0.107662,0.0272435,0.378944,71.2644,28.7356
20,24,0.145627,0.0387182,0.048896,14.5455,85.4545
20,25,0.0816444,0.0214106,0.36672,70.5882,29.4118
20,26,0.119682,0.0305162,0.348384,58.1633,41.8367
20,27,0.0106032,0.00306604,0.268928,78.5714,21.4286
20,28,0.031679,0.0109874,0.42784,81.3953,18.6047
20,29,0.122827,0.0287713,0.317824,56.5217,43.4783
20,30,0.136496,0.0324098,0.281152,50,50
20,31,0.119307,0.0288821,0.262816,63.2353,36.7647
20,32,0.125911,0.0325833,0.293376,68.5714,31.4286
20,33,0.135363,0.0349561,0.24448,47.0588,52.9412
20,34,0.10404,0.0269301,0.421728,77.5281,22.4719
20,35,0.141344,0.034391,0.256704,37.5,62.5
20,36,0.112095,0.029283,0.42784,66.6667,33.3333
20,37,0.137127,0.0313738,0.250592,53.9474,46.0526
20,38,0.128927,0.0318454,0.12224,28.9855,71.0145
20,39,0.0253313,0.00798495,0.446176,100,0
20,40,0.0998949,0.0247511,0.323936,61.6279,38.3721
20,41,0.12652,0.0303403,0.24448,42.1053,57.8947
20,42,0.104474,0.025026,0.55008,84.9057,15.0943
20,43,0.0975927,0.0260267,0.360608,80.8219,19.1781
20,44,0.129742,0.0295713,0.372832,69.3182,30.6818
20,45,0.00743095,0.00167625,0.4584,96.1538,3.84615
20,46,0.0818802,0.0212809,0.385056,75.9036,24.0964
20,47,0.0635209,0.0176182,0.39728,66.3265,33.6735
20,48,0.112468,0.0273433,0.342272,69.1358,30.8642
20,49,0.128501,0.0333653,0.226144,50.6849,49.3151
22,0,0.00700179,0.0015547,0.452288,97.3684,2.63158
22,1,0.133757,0.0326482,0.36672,59.4059,40.5941
22,2,0.131283,0.0292976,0.226144,54.4118,45.5882
22,3,0.134508,0.0330998,0.128352,35,65
22,4,0.132402,0.0305542,0.293376,57.8313,42.1687
22,5,0.129781,0.0313312,0.330048,56.8421,43.1579
22,6,0.132165,0.0311059,0.189472,50.8197,49.1803
22,7,0.141763,0.0309054,0.067232,12.3596,87.6404
22,8,0.0692527,0.0198506,0.4584,82.4176,17.5824
22,9,0.134478,0.0334792,0.220032,52.9412,47.0588
22,10,0.134944,0.0328807,0.281152,45.5446,54.4554
22,11,0.125461,0.0303213,0.317824,71.2329,28.7671
22,12,0.130955,0.0351423,0.281152,68.6567,31.3433
22,13,0.111055,0.0293259,0.348384,63.3333,36.6667
22,14,0.0555675,0.0171821,0.4584,100,0
22,15,0.006711,0.00140388,0.568416,100,0
22,16,0.0132706,0.0041091,0.51952,100,0
22,17,0.0956488,0.0264,0.3056,59.5238,40.4762
22,18,0.0454349,0.0148826,0.342272,94.9153,5.08475
22,19,0.12559,0.0310442,0.293376,76.1905,23.8095
22,20,0.0265046,0.00760401,0.592864,96.0396,3.9604
22,21,0.0406392,0.011686,0.525632,82.6923,17.3077
22,22,0.107337,0.0274477,0.33616,73.3333,26.6667
22,23,0.108578,0.0272746,0.476736,78,22
22,24,0.144942,0.0392192,0.195584,35.1648,64.8352
22,25,0.079387,0.0208576,0.42784,94.5946,5.40541
22,26,0.118517,0.0306886,0.287264,70.1493,29.8507
22,27,0.0174721,0.00453208,0.39728,79.2683,20.7317
22,28,0.0344858,0.012211,0.317824,92.8571,7.14286
22,29,0.123963,0.028728,0.311712,62.1951,37.8049
22,30,0.135266,0.0318802,0.287264,67.1429,32.8571
22,31,0.120361,0.0286336,0.33616,65.4762,34.5238
22,32,0.125382,0.0326544,0.415616,70.1031,29.8969
22,33,0.135241,0.0354068,0.24448,63.4921,36.5079
22,34,0.104557,0.0273647,0.39728,74.7126,25.2874
22,35,0.140372,0.0340293,0.281152,58.2278,41.7722
22,36,0.114933,0.0298564,0.391168,64.6465,35.3535
22,37,0.13618,0.0321425,0.226144,52.1127,47.8873
22,38,0.128913,0.0322577,0.165024,26.2136,73.7864
22,39,0.0245836,0.00805425,0.531744,96.6667,3.33333
22,40,0.102852,0.0251924,0.348384,77.027,22.973
22,41,0.126618,0.0307871,0.250592,53.2468,46.7532
22,42,0.103816,0.0250773,0.348384,75,25
22,43,0.0974434,0.0266256,0.39728,79.2683,20.7317
22,44,0.128794,0.0303062,0.317824,61.9048,38.0952
22,45,0.0143228,0.00373876,0.476736,82.9787,17.0213
22,46,0.0821875,0.0215744,0.385056,86.3014,13.6986
22,47,0.0698814,0.0183198,0.391168,75.2941,24.7059
22,48,0.113879,0.0277698,0.262816,58.9041,41.0959
22,49,0.129753,0.0333909,0.317824,49.0566,50.9434
24,0,0.0138956,0.00326846,0.385056,82.8947,17.1053
24,1,0.134259,0.0326816,0.207808,59.6491,40.3509
24,2,0.132715,0.0298351,0.24448,49.3827,50.6173
24,3,0.134124,0.0331932,0.256704,38.8889,61.1111
24,4,0.133045,0.0304648,0.317824,51.4851,48.5149
24,5,0.129873,0.0314882,0.342272,47.0588,52.9412
24,6,0.132282,0.0319163,0.207808,39.0805,60.9195
24,7,0.142423,0.0309809,0.055008,14.7541,85.2459
24,8,0.0666587,0.0192162,0.470624,100,0
24,9,0.134802,0.0336023,0.293376,65.7534,34.2466
24,10,0.135809,0.0326642,0.195584,50,50
24,11,0.123461,0.0301232,0.464512,72.381,27.619
24,12,0.13016,0.0350175,0.311712,58.6207,41.3793
24,13,0.112292,0.0290287,0.348384,75,25
24,14,0.0532091,0.0166446,0.440064,94.7368,5.26316
24,15,0.00633174,0.00126197,0.623424,100,0
24,16,0.0143806,0.00445666,0.391168,85.3333,14.6667
24,17,0.101227,0.0270643,0.36672,66.6667,33.3333
24,18,0.0464621,0.0150287,0.446176,90.1235,9.87654
24,19,0.124822,0.0310904,0.299488,72.0588,27.9412
24,20,0.0321102,0.00955355,0.415616,71.5789,28.4211
24,21,0.0389952,0.0111209,0.391168,98.4615,1.53846
24,22,0.10777,0.0271423,0.385056,75,25
24,23,0.10613,0.0272047,0.360608,79.7297,20.2703
24,24,0.144191,0.0385047,0.189472,31,69
24,25,0.0779223,0.020612,0.415616,83.9506,16.0494
24,26,0.120511,0.0311025,0.311712,59.3023,40.6977
24,27,0.0234605,0.00596221,0.415616,93.1507,6.84932
24,28,0.0373934,0.0130204,0.440064,83.7209,16.2791
24,29,0.124565,0.028894,0.342272,63.6364,36.3636
24,30,0.134445,0.0319042,0.27504,59.2105,40.7895
24,31,0.119,0.0283112,0.415616,71.5789,28.4211
24,32,0.12536,0.0327475,0.226144,58.7302,41.2698
24,33,0.135916,0.0347481,0.256704,52.5,47.5
24,34,0.104641,0.027088,0.348384,73.0769,26.9231
24,35,0.139607,0.0334053,0.171136,36.3636,63.6364
24,36,0.115467,0.0298583,0.354496,69.8795,30.1205
24,37,0.135866,0.0318189,0.27504,51.1364,48.8636
24,38,0.129988,0.0318561,0.232256,45.2381,54.7619
24,39,0.0239398,0.00785725,0.446176,97.3333,2.66667
24,40,0.102733,0.0255637,0.299488,69.0141,30.9859
24,41,0.12313,0.0312017,0.3056,58.1395,41.8605
24,42,0.0989997,0.0242431,0.446176,93.5897,6.41026
24,43,0.0980433,0.0269057,0.293376,64.8649,35.1351
24,44,0.128363,0.0303598,0.348384,68.6747,31.3253
24,45,0.0220249,0.00520548,0.360608,62.766,37.234
24,46,0.0810165,0.0217711,0.440064,83.7209,16.2791
24,47,0.0704979,0.0190657,0.452288,77.8947,22.1053
24,48,0.116239,0.028505,0.378944,63.2653,36.7347
24,49,0.12935,0.032777,0.391168,66.6667,33.3333
26,0,0.021232,0.00482334,0.4584,80.6452,19.3548
26,1,0.132183,0.0325541,0.33616,67.9012,32.0988
26,2,0.13318,0.0298853,0.3056,49.0196,50.9804
26,3,0.134891,0.0329889,0.146688,35.2941,64.7059
26,4,0.133417,0.0300435,0.281152,55.4217,44.5783
26,5,0.130267,0.0322434,0.165024,57.4468,42.5532
26,6,0.132636,0.0316692,0.311712,51.5152,48.4848
26,7,0.141448,0.0310079,0.018336,3.75,96.25
26,8,0.063627,0.0186767,0.568416,87.7358,12.2642
26,9,0.133011,0.0331885,0.3056,54.3478,45.6522
26,10,0.135949,0.0327206,0.226144,44.5783,55.4217
26,11,0.123968,0.0299263,0.360608,67.0455,32.9545
26,12,0.12775,0.035319,0.323936,64.6341,35.3659
26,13,0.113001,0.0290929,0.323936,71.6216,28.3784
26,14,0.0497723,0.015552,0.39728,98.4848,1.51515
26,15,0.00611277,0.00116134,0.537856,100,0
26,16,0.0149571,0.00471776,0.440064,90,10
26,17,0.104521,0.0279128,0.360608,56.1905,43.8095
26,18,0.0457115,0.015048,0.3056,94.3396,5.66038
26,19,0.122418,0.0309017,0.39728,73.8636,26.1364
26,20,0.0375233,0.0107022,0.433952,78.022,21.978
26,21,0.0411591,0.0119952,0.482848,91.8605,8.13953
26,22,0.110102,0.0274597,0.21392,35,65
26,23,0.105788,0.027032,0.495072,85.2632,14.7368
26,24,0.140604,0.0394397,0.140576,44.2308,55.7692
26,25,0.0785554,0.0207153,0.452288,88.0952,11.9048
26,26,0.121929,0.0307396,0.3056,61.7284,38.2716
26,27,0.0308304,0.00763869,0.421728,77.5281,22.4719
26,28,0.041003,0.0138435,0.409504,72.8261,27.1739
26,29,0.125366,0.0287213,0.21392,54.6875,45.3125
26,30,0.134995,0.031969,0.287264,58.0247,41.9753
26,31,0.11905,0.0282498,0.3056,75.7576,24.2424
26,32,0.124813,0.0321043,0.415616,68,32
26,33,0.135144,0.0342805,0.268928,53.6585,46.3415
26,34,0.105668,0.026761,0.446176,85.8824,14.1176
26,35,0.138035,0.0331954,0.207808,36.9565,63.0435
26,36,0.116965,0.02985,0.452288,70.4762,29.5238
26,37,0.136384,0.0318293,0.293376,59.2593,40.7407
26,38,0.12965,0.0316834,0.250592,61.194,38.806
26,39,0.0248658,0.00809651,0.562304,94.8454,5.15464
26,40,0.105414,0.0255934,0.330048,59.3407,40.6593
26,41,0.125118,0.0315768,0.24448,50,50
26,42,0.101284,0.0244918,0.287264,68.1159,31.8841
26,43,0.100885,0.0272104,0.311712,67.1053,32.8947
26,44,0.129135,0.0306999,0.27504,54.878,45.122
26,45,0.0272935,0.00658754,0.421728,87.3418,12.6582
26,46,0.0804104,0.0217507,0.452288,77.8947,22.1053
26,47,0.072594,0.0196919,0.323936,67.9487,32.0513
26,48,0.117616,0.0284427,0.3056,50.5051,49.4949
26,49,0.129335,0.0326289,0.311712,48.1132,51.8868
28,0,0.0248361,0.00594271,0.507296,86.4583,13.5417
28,1,0.132283,0.0323515,0.24448,57.1429,42.8571
28,2,0.133358,0.0297612,0.317824,54.1667,45.8333
28,3,0.135576,0.0324044,0.268928,57.1429,42.8571
28,4,0.133337,0.0293813,0.348384,74.026,25.974
28,5,0.130579,0.0322759,0.220032,38.7097,61.2903
28,6,0.132733,0.0319217,0.317824,57.1429,42.8571
28,7,0.142648,0.0324817,0.06112,16.129,83.871
28,8,0.0623378,0.018659,0.385056,96.9231,3.07692
28,9,0.133675,0.0333818,0.3056,56.1798,43.8202
28,10,0.136961,0.0327651,0.195584,35.5556,64.4444
28,11,0.124988,0.0297972,0.354496,60.4167,39.5833
28,12,0.128452,0.0359852,0.226144,66.0714,33.9286
28,13,0.113911,0.0289458,0.348384,58.1633,41.8367
28,14,0.047053,0.014617,0.464512,97.4359,2.5641
28,15,0.00591205,0.00107707,0.513408,97.6744,2.32558
28,16,0.0193412,0.00565988,0.562304,97.8723,2.12766
28,17,0.106806,0.02809,0.348384,66.2791,33.7209
28,18,0.0459318,0.0146673,0.482848,92.9412,7.05882
28,19,0.121179,0.0303919,0.385056,75,25
28,20,0.0423592,0.0117604,0.342272,67.4699,32.5301
28,21,0.0440569,0.0131196,0.507296,86.4583,13.5417
28,22,0.112268,0.0278848,0.360608,72.8395,27.1605
28,23,0.106108,0.0269322,0.42784,75.2688,24.7312
28,24,0.14082,0.0386244,0.146688,27.2727,72.7273
28,25,0.0790077,0.0209162,0.433952,82.5581,17.4419
28,26,0.120937,0.0306096,0.385056,72.4138,27.5862
28,27,0.0362398,0.00901555,0.348384,70.3704,29.6296
28,28,0.0451131,0.0143199,0.58064,91.3462,8.65385
28,29,0.125253,0.0295809,0.268928,63.7681,36.2319
28,30,0.135291,0.0316675,0.348384,57,43
28,31,0.119304,0.0282051,0.1528,43.8596,56.1404
28,32,0.126081,0.0318011,0.317824,60.4651,39.5349
28,33,0.135431,0.0339906,0.232256,48.7179,51.2821
28,34,0.104976,0.0269815,0.256704,66.6667,33.3333
28,35,0.136783,0.0332568,0.27504,48.913,51.087
28,36,0.11827,0.0301292,0.281152,54.1176,45.8824
28,37,0.136916,0.0319785,0.299488,50.5155,49.4845
28,38,0.130496,0.0313441,0.360608,66.2921,33.7079
28,39,0.0238388,0.00776418,0.42784,97.2222,2.77778
28,40,0.10733,0.0265188,0.433952,75.5319,24.4681
28,41,0.127356,0.0314572,0.311712,53.6842,46.3158
28,42,0.0961504,0.0236676,0.6112,89.2857,10.7143
28,43,0.102501,0.0270544,0.452288,71.8447,28.1553
28,44,0.129957,0.0307682,0.226144,48.6842,51.3158
28,45,0.0320197,0.00802773,0.391168,81.0127,18.9873
28,46,0.0795553,0.0216609,0.360608,85.5072,14.4928
28,47,0.0738899,0.0197817,0.415616,83.9506,16.0494
28,48,0.117644,0.0283851,0.342272,62.2222,37.7778
28,49,0.128802,0.0331473,0.311712,59.3023,40.6977
30,0,0.0289949,0.00684335,0.36672,66.6667,33.3333
30,1,0.132991,0.0326064,0.226144,50.6849,49.3151
30,2,0.13379,0.0298054,0.250592,48.2353,51.7647
30,3,0.135843,0.0323264,0.177248,42.6471,57.3529
30,4,0.131757,0.0295943,0.281152,55.4217,44.5783
30,5,0.130895,0.0325543,0.268928,57.1429,42.8571
30,6,0.130533,0.0320067,0.36672,68.1818,31.8182
30,7,0.142492,0.0343575,0.079456,19.403,80.597
30,8,0.0596277,0.0180589,0.568416,92.0792,7.92079
30,9,0.134298,0.0334442,0.268928,41.5094,58.4906
30,10,0.137103,0.0326827,0.195584,35.1648,64.8352
30,11,0.123659,0.0298766,0.378944,72.093,27.907
30,12,0.127204,0.0358889,0.256704,60,40
30,13,0.114384,0.02879,0.33616,79.7101,20.2899
30,14,0.0438262,0.0135376,0.433952,100,0
30,15,0.00586481,0.00119532,0.415616,100,0
30,16,0.0212343,0.00634037,0.39728,81.25,18.75
30,17,0.108335,0.0283999,0.36672,65.2174,34.7826
30,18,0.0455257,0.0146771,0.4584,86.2069,13.7931
30,19,0.116949,0.0298712,0.403392,90.411,9.58904
30,20,0.0462015,0.0127271,0.36672,78.9474,21.0526
30,21,0.0453936,0.013776,0.531744,87.8788,12.1212
30,22,0.113606,0.0277477,0.24448,54.7945,45.2055
30,23,0.105768,0.0270177,0.378944,79.4872,20.5128
30,24,0.140417,0.0378357,0.18336,35.2941,64.7059
30,25,0.0790637,0.0211001,0.495072,78.6408,21.3592
30,26,0.119925,0.0306249,0.317824,61.1765,38.8235
30,27,0.0421771,0.010534,0.464512,73.0769,26.9231
30,28,0.0482645,0.0147329,0.299488,84.4828,15.5172
30,29,0.125908,0.029924,0.330048,56.25,43.75
30,30,0.13506,0.0313189,0.232256,71.6981,28.3019
30,31,0.119319,0.0279089,0.360608,79.7297,20.2703
30,32,0.126996,0.0319522,0.201696,55,45
30,33,0.135415,0.0343677,0.268928,54.321,45.679
30,34,0.100794,0.0260827,0.58064,86.3636,13.6364
30,35,0.137113,0.034309,0.238368,46.988,53.012
30,36,0.11943,0.0300828,0.3056,56.8182,43.1818
30,37,0.136775,0.0318617,0.287264,68.1159,31.8841
30,38,0.130637,0.0313031,0.299488,61.25,38.75
30,39,0.023249,0.00775074,0.421728,87.3418,12.6582
30,40,0.107452,0.0267665,0.403392,68.0412,31.9588
30,41,0.128278,0.0313321,0.207808,50.7463,49.2537
30,42,0.0919809,0.0228898,0.421728,92,8
30,43,0.103342,0.0272201,0.24448,71.4286,28.5714
30,44,0.131485,0.0308363,0.378944,65.9574,34.0426
30,45,0.0380415,0.00925113,0.507296,77.5701,22.4299
30,46,0.0758861,0.0210882,0.568416,91.1765,8.82353
30,47,0.07482,0.0199359,0.311712,70.8333,29.1667
30,48,0.118281,0.0288212,0.27504,58.4416,41.5584
30,49,0.128797,0.0334146,0.207808,50,50
32,0,0.0318447,0.00762538,0.421728,100,0
32,1,0.1335,0.0327577,0.24448,57.971,42.029
32,2,0.133786,0.029876,0.293376,52.1739,47.8261
32,3,0.136214,0.0321127,0.226144,43.0233,56.9767
32,4,0.132506,0.0302614,0.207808,50,50
32,5,0.131013,0.0324135,0.256704,60,40
32,6,0.130698,0.0316639,0.354496,62.3656,37.6344
32,7,0.139573,0.0340805,0.073344,27.907,72.093
32,8,0.0567434,0.0173628,0.507296,96.5116,3.48837
32,9,0.134351,0.0338579,0.256704,54.5455,45.4545
32,10,0.135563,0.0322268,0.177248,29.8969,70.1031
32,11,0.124337,0.0299583,0.27504,58.4416,41.5584
32,12,0.126936,0.0354832,0.372832,60.396,39.604
32,13,0.115573,0.0288849,0.330048,72,28
32,14,0.0404365,0.0124138,0.537856,100,0
32,15,0.0064193,0.00143451,0.715104,97.5,2.5
32,16,0.0251146,0.00728988,0.525632,95.5556,4.44444
32,17,0.109946,0.0284397,0.250592,63.0769,36.9231
32,18,0.0471807,0.0150438,0.36672,93.75,6.25
32,19,0.116779,0.0296442,0.317824,65,35
32,20,0.0493038,0.0133045,0.21392,64.8148,35.1852
32,21,0.0465589,0.0139779,0.4584,82.4176,17.5824
32,22,0.114584,0.0275806,0.33616,93.2203,6.77966
32,23,0.106975,0.0274339,0.421728,64.486,35.514
32,24,0.14042,0.0370277,0.177248,33.3333,66.6667
32,25,0.0791193,0.0214414,0.39728,85.5263,14.4737
32,26,0.119405,0.030859,0.287264,63.5135,36.4865
32,27,0.0453945,0.0115204,0.330048,73.9726,26.0274
32,28,0.0502544,0.0154214,0.33616,74.3243,25.6757
32,29,0.126102,0.0298002,0.207808,43.5897,56.4103
32,30,0.135274,0.0314474,0.262816,57.3333,42.6667
32,31,0.119937,0.0281624,0.299488,57.6471,42.3529
32,32,0.126258,0.031919,0.348384,56.4356,43.5644
32,33,0.135246,0.0342253,0.281152,58.2278,41.7722
32,34,0.0991191,0.0257482,0.513408,87.5,12.5
32,35,0.13795,0.0339351,0.256704,46.6667,53.3333
32,36,0.120394,0.0302276,0.378944,76.5432,23.4568
32,37,0.136601,0.031855,0.33616,74.3243,25.6757
32,38,0.131261,0.031101,0.177248,38.1579,61.8421
32,39,0.0258126,0.00828111,0.623424,99.0291,0.970874
32,40,0.107473,0.0269669,0.281152,61.3333,38.6667
32,41,0.129001,0.0312145,0.287264,61.8421,38.1579
32,42,0.0889172,0.0222783,0.55008,90.9091,9.09091
32,43,0.103911,0.0273503,0.36672,74.0741,25.9259
32,44,0.131263,0.0310128,0.220032,51.4286,48.5714
32,45,0.0430063,0.010343,0.409504,64.4231,35.5769
32,46,0.0747134,0.0208285,0.513408,77.0642,22.9358
32,47,0.0753796,0.0201465,0.177248,74.359,25.641
32,48,0.11837,0.0290431,0.21392,44.8718,55.1282
32,49,0.128829,0.0330597,0.342272,57.732,42.268
34,0,0.0360768,0.00843974,0.323936,60.9195,39.0805
34,1,0.134094,0.0329294,0.330048,52.9412,47.0588
34,2,0.134142,0.030027,0.171136,41.791,58.209
34,3,0.136353,0.0325439,0.116128,29.6875,70.3125
34,4,0.13244,0.0301788,0.250592,48.8095,51.1905
34,5,0.13047,0.0327932,0.238368,60.9375,39.0625
34,6,0.130299,0.0315243,0.262816,67.1875,32.8125
34,7,0.139208,0.0339393,0.03056,9.61538,90.3846
34,8,0.0550962,0.0168769,0.531744,94.5652,5.43478
34,9,0.133798,0.0333602,0.317824,61.9048,38.0952
34,10,0.137028,0.0322094,0.195584,34.7826,65.2174
34,11,0.124851,0.0299134,0.385056,64.2857,35.7143
34,12,0.127283,0.0354486,0.299488,66.2162,33.7838
34,13,0.116206,0.0294397,0.299488,62.8205,37.1795
34,14,0.0371978,0.0113353,0.6112,100,0
34,15,0.00645495,0.00151893,0.507296,100,0
34,16,0.0274346,0.00813865,0.440064,83.7209,16.2791
34,17,0.111265,0.0284713,0.293376,63.1579,36.8421
34,18,0.0485315,0.015347,0.586752,87.2727,12.7273
34,19,0.11761,0.0295809,0.391168,81.0127,18.9873
34,20,0.052794,0.0139776,0.33616,74.3243,25.6757
34,21,0.0494898,0.0144639,0.348384,77.027,22.973
34,22,0.114279,0.0276177,0.446176,68.2243,31.7757
34,23,0.108223,0.0274195,0.391168,73.5632,26.4368
34,24,0.14153,0.0363344,0.128352,23.5955,76.4045
34,25,0.0789648,0.0218144,0.470624,85.5556,14.4444
34,26,0.118802,0.0308659,0.372832,69.3182,30.6818
34,27,0.0497372,0.0123839,0.378944,68.8889,31.1111
34,28,0.0527201,0.0158604,0.452288,81.3187,18.6813
34,29,0.127135,0.0298999,0.250592,45.0549,54.9451
34,30,0.134434,0.0313276,0.330048,49.0909,50.9091
34,31,0.120358,0.028251,0.391168,68.8172,31.1828
34,32,0.126607,0.031881,0.33616,64.7059,35.2941
34,33,0.135113,0.034445,0.256704,53.8462,46.1538
34,34,0.0937715,0.0246734,0.48896,95.2381,4.7619
34,35,0.137727,0.0341685,0.317824,63.4146,36.5854
34,36,0.121229,0.0308337,0.281152,49.4624,50.5376
34,37,0.136658,0.0313096,0.378944,61.3861,38.6139
34,38,0.129264,0.0309959,0.24448,62.5,37.5
34,39,0.0248366,0.00792171,0.354496,100,0
34,40,0.108555,0.0274366,0.317824,75.3623,24.6377
34,41,0.129388,0.0313421,0.293376,51.6129,48.3871
34,42,0.0835005,0.021119,0.51952,96.5909,3.40909
34,43,0.105755,0.0273367,0.372832,75.3086,24.6914
34,44,0.13107,0.0309291,0.378944,58.4906,41.5094
34,45,0.0478128,0.0111979,0.409504,77.0115,22.9885
34,46,0.0747342,0.0208321,0.33616,90.1639,9.83607
34,47,0.0796419,0.0205093,0.501184,75.9259,24.0741
34,48,0.118968,0.0290282,0.268928,69.8413,30.1587
34,49,0.128983,0.0330431,0.256704,51.8519,48.1481
36,0,0.0390237,0.00899898,0.330048,100,0
36,1,0.134294,0.0330597,0.140576,48.9362,51.0638
36,2,0.134142,0.0301216,0.085568,43.75,56.25
36,3,0.136924,0.0324465,0.06112,29.4118,70.5882
36,4,0.131374,0.0302437,0.158912,83.871,16.129
36,5,0.130696,0.0328921,0.171136,54.902,45.098
36,6,0.130323,0.0313312,0.134464,61.1111,38.8889
36,7,0.139219,0.0332056,0.055008,17.6471,82.3529
36,8,0.0544549,0.016922,0.250592,89.1304,10.8696
36,9,0.134197,0.0331553,0.189472,72.093,27.907
36,10,0.136935,0.0321675,0.048896,15.0943,84.9057
36,11,0.12522,0.0299187,0.177248,74.359,25.641
36,12,0.127366,0.0352362,0.103904,58.6207,41.3793
36,13,0.116842,0.0294859,0.146688,64.8649,35.1351
36,14,0.0362606,0.0110285,0.201696,100,0
36,15,0.0066794,0.00161602,0.293376,97.9592,2.04082
36,16,0.0276809,0.0082646,0.189472,91.1765,8.82353
36,17,0.112109,0.0285834,0.165024,75,25
36,18,0.0510061,0.0156737,0.232256,79.1667,20.8333
36,19,0.118077,0.0295486,0.195584,64,36
36,20,0.053011,0.0141737,0.09168,83.3333,16.6667
36,21,0.0500632,0.0149503,0.18336,100,0
36,22,0.114312,0.0275072,0.177248,76.3158,23.6842
36,23,0.109342,0.0276647,0.24448,72.7273,27.2727
36,24,0.141366,0.0359695,0.12224,39.2157,60.7843
36,25,0.0800411,0.0220582,0.238368,78,22
36,26,0.119129,0.0309048,0.171136,75.6757,24.3243
36,27,0.0524649,0.0128481,0.226144,68.5185,31.4815
36,28,0.0534943,0.0163353,0.18336,83.3333,16.6667
36,29,0.12739,0.030079,0.103904,48.5714,51.4286
36,30,0.134917,0.0313586,0.128352,65.625,34.375
36,31,0.120576,0.0283931,0.12224,40.8163,59.1837
36,32,0.126978,0.0320789,0.12224,45.4545,54.5455
36,33,0.133871,0.0347643,0.171136,80,20
36,34,0.0933669,0.0246547,0.165024,100,0
36,35,0.137852,0.0342735,0.06112,23.2558,76.7442
36,36,0.121513,0.0309036,0.055008,31.0345,68.9655
36,37,0.136583,0.0312533,0.158912,76.4706,23.5294
36,38,0.129146,0.0308546,0.177248,64.4444,35.5556
36,39,0.0243898,0.0077756,0.311712,98.0769,1.92308
36,40,0.108669,0.0275089,0.195584,72.7273,27.2727
36,41,0.1293,0.0315215,0.165024,58.6957,41.3043
36,42,0.080983,0.0205377,0.262816,97.7273,2.27273
36,43,0.10606,0.0275511,0.146688,63.1579,36.8421
36,44,0.131412,0.0308552,0.128352,51.2195,48.7805
36,45,0.0496948,0.0117648,0.201696,70.2128,29.7872
36,46,0.0750178,0.0210933,0.220032,97.2973,2.7027
36,47,0.0806891,0.0206723,0.12224,64.5161,35.4839
36,48,0.119885,0.0289034,0.201696,70.2128,29.7872
36,49,0.129463,0.0328288,0.189472,81.5789,18.4211
38,0,0.0390237,0.00899898,0,0,0
38,1,0.134294,0.0330597,0,0,0
38,2,0.134142,0.0301216,0,0,0
38,3,0.136924,0.0324465,0,0,0
38,4,0.131374,0.0302437,0,0,0
38,5,0.130696,0.0328921,0,0,0
38,6,0.130323,0.0313312,0,0,0
38,7,0.139219,0.0332056,0,0,0
38,8,0.0544549,0.016922,0,0,0
38,9,0.134197,0.0331553,0,0,0
38,10,0.136935,0.0321675,0,0,0
38,11,0.12522,0.0299187,0,0,0
38,12,0.127366,0.0352362,0,0,0
38,13,0.116842,0.0294859,0,0,0
38,14,0.0362606,0.0110285,0,0,0
38,15,0.0066794,0.00161602,0,0,0
38,16,0.0276809,0.0082646,0,0,0
38,17,0.112109,0.0285834,0,0,0
38,18,0.0510061,0.0156737,0,0,0
38,19,0.118077,0.0295486,0,0,0
38,20,0.053011,0.0141737,0,0,0
38,21,0.0500632,0.0149503,0,0,0
38,22,0.114312,0.0275072,0,0,0
38,23,0.109342,0.0276647,0,0,0
38,24,0.141366,0.0359695,0,0,0
38,25,0.0800411,0.0220582,0,0,0
38,26,0.119129,0.0309048,0,0,0
38,27,0.0524649,0.0128481,0,0,0
38,28,0.0534943,0.0163353,0,0,0
38,29,0.12739,0.030079,0,0,0
38,30,0.134917,0.0313586,0,0,0
38,31,0.120576,0.0283931,0,0,0
38,32,0.126978,0.0320789,0,0,0
38,33,0.133871,0.0347643,0,0,0
38,34,0.0933669,0.0246547,0,0,0
38,35,0.137852,0.0342735,0,0,0
38,36,0.121513,0.0309036,0,0,0
38,37,0.136583,0.0312533,0,0,0
38,38,0.129146,0.0308546,0,0,0
38,39,0.0243898,0.0077756,0,0,0
38,40,0.108669,0.0275089,0,0,0
38,41,0.1293,0.0315215,0,0,0
38,42,0.080983,0.0205377,0,0,0
38,43,0.10606,0.0275511,0,0,0
38,44,0.131412,0.0308552,0,0,0
38,45,0.0496948,0.0117648,0,0,0
38,46,0.0750178,0.0210933,0,0,0
38,47,0.0806891,0.0206723,0,0,0
38,48,0.119885,0.0289034,0,0,0
38,49,0.129463,0.0328288,0,0,0
