Time,CellId,ServiceDlSnrDb,ServiceUlSnrDb,FeederDlSnrDb,FeederUlSnrDb,BackhaulDlSnrDb,BackhaulUlSnrDb,BackhaulHealthy
0.100000,5,12.371143,7.850543,18.282140,26.761540,12.371143,7.850543,1
0.100000,6,8.142618,3.622018,18.282140,26.761540,8.142618,3.622018,1
0.100000,7,13.718315,9.197715,18.282140,26.761540,13.718315,9.197715,1
0.600000,5,11.309577,6.788977,14.909229,23.388629,11.309577,6.788977,1
0.600000,6,15.636888,11.116288,14.909229,23.388629,14.909229,11.116288,1
0.600000,7,15.179243,10.658643,14.909229,23.388629,14.909229,10.658643,1
1.100000,5,11.848715,7.328115,18.034020,26.513421,11.848715,7.328115,1
1.100000,6,13.247079,8.726479,18.034020,26.513421,13.247079,8.726479,1
1.100000,7,14.172364,9.651764,18.034020,26.513421,14.172364,9.651764,1
1.600000,5,11.640262,7.119662,19.496461,27.975861,11.640262,7.119662,1
1.600000,6,13.367214,8.846614,19.496461,27.975861,13.367214,8.846614,1
1.600000,7,10.596821,6.076221,19.496461,27.975861,10.596821,6.076221,1
2.100000,5,13.811333,9.290734,17.910498,26.389898,13.811333,9.290734,1
2.100000,6,14.373578,9.852979,17.910498,26.389898,14.373578,9.852979,1
2.100000,7,13.957306,9.436706,17.910498,26.389898,13.957306,9.436706,1
2.600000,5,12.832184,8.311584,17.295653,25.775054,12.832184,8.311584,1
2.600000,6,16.027423,11.506823,17.295653,25.775054,16.027423,11.506823,1
2.600000,7,13.125074,8.604474,17.295653,25.775054,13.125074,8.604474,1
3.100000,5,13.131555,8.610955,16.448477,24.927877,13.131555,8.610955,1
3.100000,6,14.369576,9.848976,16.448477,24.927877,14.369576,9.848976,1
3.100000,7,10.232858,5.712258,16.448477,24.927877,10.232858,5.712258,1
3.600000,5,11.486883,6.966283,15.046108,23.525508,11.486883,6.966283,1
3.600000,6,11.994125,7.473525,15.046108,23.525508,11.994125,7.473525,1
3.600000,7,13.265768,8.745168,15.046108,23.525508,13.265768,8.745168,1
4.100000,5,11.723831,7.203231,15.563479,24.042879,11.723831,7.203231,1
4.100000,6,11.172696,6.652096,15.563479,24.042879,11.172696,6.652096,1
4.100000,7,12.227520,7.706920,15.563479,24.042879,12.227520,7.706920,1
4.600000,5,13.851675,9.331075,17.156171,25.635571,13.851675,9.331075,1
4.600000,6,13.530022,9.009422,17.156171,25.635571,13.530022,9.009422,1
4.600000,7,10.722622,6.202022,17.156171,25.635571,10.722622,6.202022,1
5.100000,5,11.644158,7.123559,15.510850,23.990251,11.644158,7.123559,1
5.100000,6,9.255197,4.734597,15.510850,23.990251,9.255197,4.734597,1
5.100000,7,13.350255,8.829655,15.510850,23.990251,13.350255,8.829655,1
5.600000,5,12.248472,7.727872,15.779281,24.258681,12.248472,7.727872,1
5.600000,6,10.277062,5.756463,15.779281,24.258681,10.277062,5.756463,1
5.600000,7,11.630304,7.109704,15.779281,24.258681,11.630304,7.109704,1
6.100000,5,11.361755,6.841155,17.396841,25.876242,11.361755,6.841155,1
6.100000,6,10.982272,6.461672,17.396841,25.876242,10.982272,6.461672,1
6.100000,7,13.617056,9.096456,17.396841,25.876242,13.617056,9.096456,1
6.600000,5,10.804053,6.283454,12.673936,21.153336,10.804053,6.283454,1
6.600000,6,11.026768,6.506169,12.673936,21.153336,11.026768,6.506169,1
6.600000,7,13.548451,9.027851,12.673936,21.153336,12.673936,9.027851,1
7.100000,5,9.382032,4.861432,16.398438,24.877838,9.382032,4.861432,1
7.100000,6,8.736292,4.215692,16.398438,24.877838,8.736292,4.215692,1
7.100000,7,11.934912,7.414312,16.398438,24.877838,11.934912,7.414312,1
7.600000,5,12.977332,8.456732,17.300854,25.780254,12.977332,8.456732,1
7.600000,6,12.441284,7.920684,17.300854,25.780254,12.441284,7.920684,1
7.600000,7,15.642093,11.121493,17.300854,25.780254,15.642093,11.121493,1
8.100000,5,10.920000,6.399400,18.290210,26.769610,10.920000,6.399400,1
8.100000,6,11.508272,6.987672,18.290210,26.769610,11.508272,6.987672,1
8.100000,7,11.987489,7.466889,18.290210,26.769610,11.987489,7.466889,1
8.600000,5,13.722299,9.201699,18.445002,26.924402,13.722299,9.201699,1
8.600000,6,14.007865,9.487266,18.445002,26.924402,14.007865,9.487266,1
8.600000,7,13.929259,9.408659,18.445002,26.924402,13.929259,9.408659,1
9.100000,5,12.208908,7.688308,17.307173,25.786573,12.208908,7.688308,1
9.100000,6,12.501890,7.981290,17.307173,25.786573,12.501890,7.981290,1
9.100000,7,9.317751,4.797151,17.307173,25.786573,9.317751,4.797151,1
9.600000,5,13.066740,8.546141,18.699827,27.179227,13.066740,8.546141,1
9.600000,6,14.770085,10.249485,18.699827,27.179227,14.770085,10.249485,1
9.600000,7,11.371961,6.851361,18.699827,27.179227,11.371961,6.851361,1
10.100000,5,12.487267,7.966668,17.573287,26.052687,12.487267,7.966668,1
10.100000,6,9.382543,4.861943,17.573287,26.052687,9.382543,4.861943,1
10.100000,7,14.585087,10.064487,17.573287,26.052687,14.585087,10.064487,1
10.600000,5,11.352996,6.832396,17.333789,25.813189,11.352996,6.832396,1
10.600000,6,13.654329,9.133729,17.333789,25.813189,13.654329,9.133729,1
10.600000,7,15.635377,11.114777,17.333789,25.813189,15.635377,11.114777,1
11.100000,5,13.389867,8.869268,16.076630,24.556030,13.389867,8.869268,1
11.100000,6,10.681926,6.161327,16.076630,24.556030,10.681926,6.161327,1
11.100000,7,11.227131,6.706531,16.076630,24.556030,11.227131,6.706531,1
11.600000,5,13.117174,8.596574,12.949499,21.428899,12.949499,8.596574,1
11.600000,6,11.185646,6.665046,12.949499,21.428899,11.185646,6.665046,1
11.600000,7,15.275874,10.755274,12.949499,21.428899,12.949499,10.755274,1
12.100000,5,12.034046,7.513446,14.308059,22.787459,12.034046,7.513446,1
12.100000,6,12.066645,7.546045,14.308059,22.787459,12.066645,7.546045,1
12.100000,7,10.000735,5.480135,14.308059,22.787459,10.000735,5.480135,1
12.600000,5,12.575136,8.054536,18.456558,26.935959,12.575136,8.054536,1
12.600000,6,9.492402,4.971802,18.456558,26.935959,9.492402,4.971802,1
12.600000,7,9.377077,4.856477,18.456558,26.935959,9.377077,4.856477,1
13.100000,5,15.029494,10.508894,18.020328,26.499728,15.029494,10.508894,1
13.100000,6,12.428488,7.907888,18.020328,26.499728,12.428488,7.907888,1
13.100000,7,12.905974,8.385374,18.020328,26.499728,12.905974,8.385374,1
13.600000,5,9.430099,4.909499,18.121762,26.601162,9.430099,4.909499,1
13.600000,6,12.476888,7.956288,18.121762,26.601162,12.476888,7.956288,1
13.600000,7,9.417127,4.896527,18.121762,26.601162,9.417127,4.896527,1
14.100000,5,13.955114,9.434514,16.499204,24.978604,13.955114,9.434514,1
14.100000,6,13.518975,8.998375,16.499204,24.978604,13.518975,8.998375,1
14.100000,7,15.486989,10.966389,16.499204,24.978604,15.486989,10.966389,1
14.600000,5,11.767814,7.247214,12.632135,21.111535,11.767814,7.247214,1
14.600000,6,13.987567,9.466967,12.632135,21.111535,12.632135,9.466967,1
14.600000,7,11.001814,6.481214,12.632135,21.111535,11.001814,6.481214,1
15.100000,5,12.093509,7.572909,17.436492,25.915892,12.093509,7.572909,1
15.100000,6,7.486401,2.965801,17.436492,25.915892,7.486401,2.965801,1
15.100000,7,12.968911,8.448311,17.436492,25.915892,12.968911,8.448311,1
15.600000,5,8.349412,3.828812,15.386993,23.866393,8.349412,3.828812,1
15.600000,6,12.524436,8.003836,15.386993,23.866393,12.524436,8.003836,1
15.600000,7,13.362639,8.842039,15.386993,23.866393,13.362639,8.842039,1
16.100000,5,11.482868,6.962268,19.099034,27.578435,11.482868,6.962268,1
16.100000,6,14.912599,10.391999,19.099034,27.578435,14.912599,10.391999,1
16.100000,7,13.618661,9.098062,19.099034,27.578435,13.618661,9.098062,1
16.600000,5,13.741720,9.221120,17.128632,25.608032,13.741720,9.221120,1
16.600000,6,12.631060,8.110460,17.128632,25.608032,12.631060,8.110460,1
16.600000,7,12.948622,8.428022,17.128632,25.608032,12.948622,8.428022,1
17.100000,5,8.792096,4.271496,19.238379,27.717779,8.792096,4.271496,1
17.100000,6,12.465890,7.945290,19.238379,27.717779,12.465890,7.945290,1
17.100000,7,10.322442,5.801842,19.238379,27.717779,10.322442,5.801842,1
17.600000,5,9.441279,4.920679,17.996022,26.475422,9.441279,4.920679,1
17.600000,6,14.074745,9.554145,17.996022,26.475422,14.074745,9.554145,1
17.600000,7,12.635884,8.115284,17.996022,26.475422,12.635884,8.115284,1
18.100000,5,10.649990,6.129390,17.316149,25.795549,10.649990,6.129390,1
18.100000,6,12.769750,8.249150,17.316149,25.795549,12.769750,8.249150,1
18.100000,7,11.005400,6.484800,17.316149,25.795549,11.005400,6.484800,1
18.600000,5,5.952790,1.432190,18.393990,26.873390,5.952790,1.432190,1
18.600000,6,11.150985,6.630385,18.393990,26.873390,11.150985,6.630385,1
18.600000,7,12.323300,7.802700,18.393990,26.873390,12.323300,7.802700,1
19.100000,5,10.226738,5.706138,18.846148,27.325548,10.226738,5.706138,1
19.100000,6,10.216861,5.696261,18.846148,27.325548,10.216861,5.696261,1
19.100000,7,10.963072,6.442472,18.846148,27.325548,10.963072,6.442472,1
19.600000,5,11.806243,7.285643,18.983400,27.462800,11.806243,7.285643,1
19.600000,6,13.409893,8.889293,18.983400,27.462800,13.409893,8.889293,1
19.600000,7,10.403247,5.882647,18.983400,27.462800,10.403247,5.882647,1
20.100000,5,14.324173,9.803573,16.898729,25.378130,14.324173,9.803573,1
20.100000,6,13.809054,9.288455,16.898729,25.378130,13.809054,9.288455,1
20.100000,7,10.871640,6.351040,16.898729,25.378130,10.871640,6.351040,1
20.600000,5,6.849626,2.329026,16.653196,25.132596,6.849626,2.329026,1
20.600000,6,11.200886,6.680286,16.653196,25.132596,11.200886,6.680286,1
20.600000,7,14.616215,10.095615,16.653196,25.132596,14.616215,10.095615,1
21.100000,5,11.027775,6.507176,17.574773,26.054173,11.027775,6.507176,1
21.100000,6,11.327106,6.806506,17.574773,26.054173,11.327106,6.806506,1
21.100000,7,13.427772,8.907172,17.574773,26.054173,13.427772,8.907172,1
21.600000,5,12.922590,8.401990,15.869596,24.348996,12.922590,8.401990,1
21.600000,6,15.023164,10.502564,15.869596,24.348996,15.023164,10.502564,1
21.600000,7,13.825093,9.304493,15.869596,24.348996,13.825093,9.304493,1
22.100000,5,11.568663,7.048063,17.489609,25.969009,11.568663,7.048063,1
22.100000,6,12.242779,7.722179,17.489609,25.969009,12.242779,7.722179,1
22.100000,7,13.868630,9.348030,17.489609,25.969009,13.868630,9.348030,1
22.600000,5,9.294011,4.773411,15.735237,24.214637,9.294011,4.773411,1
22.600000,6,12.729069,8.208469,15.735237,24.214637,12.729069,8.208469,1
22.600000,7,11.094661,6.574061,15.735237,24.214637,11.094661,6.574061,1
23.100000,5,12.341688,7.821088,18.154054,26.633454,12.341688,7.821088,1
23.100000,6,10.098768,5.578168,18.154054,26.633454,10.098768,5.578168,1
23.100000,7,13.399780,8.879180,18.154054,26.633454,13.399780,8.879180,1
23.600000,5,13.894658,9.374058,13.799100,22.278500,13.799100,9.374058,1
23.600000,6,10.289136,5.768536,13.799100,22.278500,10.289136,5.768536,1
23.600000,7,14.873750,10.353150,13.799100,22.278500,13.799100,10.353150,1
24.100000,5,12.432966,7.912366,16.675535,25.154935,12.432966,7.912366,1
24.100000,6,13.343630,8.823031,16.675535,25.154935,13.343630,8.823031,1
24.100000,7,11.939536,7.418936,16.675535,25.154935,11.939536,7.418936,1
24.600000,5,12.067136,7.546536,16.938064,25.417464,12.067136,7.546536,1
24.600000,6,10.854056,6.333456,16.938064,25.417464,10.854056,6.333456,1
24.600000,7,11.945435,7.424835,16.938064,25.417464,11.945435,7.424835,1
25.100000,5,12.908827,8.388227,10.323404,18.802804,10.323404,8.388227,1
25.100000,6,7.339944,2.819345,10.323404,18.802804,7.339944,2.819345,1
25.100000,7,10.006360,5.485760,10.323404,18.802804,10.006360,5.485760,1
25.600000,5,12.395540,7.874940,17.747752,26.227152,12.395540,7.874940,1
25.600000,6,13.361780,8.841180,17.747752,26.227152,13.361780,8.841180,1
25.600000,7,12.807999,8.287399,17.747752,26.227152,12.807999,8.287399,1
26.100000,5,12.902368,8.381768,13.943949,22.423349,12.902368,8.381768,1
26.100000,6,11.265122,6.744522,13.943949,22.423349,11.265122,6.744522,1
26.100000,7,12.457877,7.937277,13.943949,22.423349,12.457877,7.937277,1
26.600000,5,11.043749,6.523149,16.831232,25.310632,11.043749,6.523149,1
26.600000,6,13.765843,9.245243,16.831232,25.310632,13.765843,9.245243,1
26.600000,7,13.571219,9.050619,16.831232,25.310632,13.571219,9.050619,1
27.100000,5,13.540348,9.019748,16.612327,25.091727,13.540348,9.019748,1
27.100000,6,11.143733,6.623133,16.612327,25.091727,11.143733,6.623133,1
27.100000,7,12.068966,7.548367,16.612327,25.091727,12.068966,7.548367,1
27.600000,5,10.519257,5.998657,14.652601,23.132001,10.519257,5.998657,1
27.600000,6,13.404242,8.883642,14.652601,23.132001,13.404242,8.883642,1
27.600000,7,12.076077,7.555477,14.652601,23.132001,12.076077,7.555477,1
28.100000,5,13.346883,8.826283,16.022735,24.502135,13.346883,8.826283,1
28.100000,6,11.516494,6.995894,16.022735,24.502135,11.516494,6.995894,1
28.100000,7,13.947893,9.427293,16.022735,24.502135,13.947893,9.427293,1
28.600000,5,12.635613,8.115013,15.796081,24.275481,12.635613,8.115013,1
28.600000,6,12.893627,8.373027,15.796081,24.275481,12.893627,8.373027,1
28.600000,7,12.875971,8.355371,15.796081,24.275481,12.875971,8.355371,1
29.100000,5,11.464187,6.943587,18.342119,26.821519,11.464187,6.943587,1
29.100000,6,11.642411,7.121811,18.342119,26.821519,11.642411,7.121811,1
29.100000,7,12.572714,8.052114,18.342119,26.821519,12.572714,8.052114,1
29.600000,5,13.337864,8.817264,20.185293,28.664693,13.337864,8.817264,1
29.600000,6,8.797289,4.276689,20.185293,28.664693,8.797289,4.276689,1
29.600000,7,10.797025,6.276426,20.185293,28.664693,10.797025,6.276426,1
30.100000,5,10.922561,6.401961,13.546309,22.025709,10.922561,6.401961,1
30.100000,6,11.501099,6.980499,13.546309,22.025709,11.501099,6.980499,1
30.100000,7,13.306756,8.786156,13.546309,22.025709,13.306756,8.786156,1
30.600000,5,13.057779,8.537179,17.045220,25.524620,13.057779,8.537179,1
30.600000,6,9.884126,5.363526,17.045220,25.524620,9.884126,5.363526,1
30.600000,7,6.644969,2.124369,17.045220,25.524620,6.644969,2.124369,1
31.100000,5,12.964599,8.443999,15.701678,24.181078,12.964599,8.443999,1
31.100000,6,13.089718,8.569118,15.701678,24.181078,13.089718,8.569118,1
31.100000,7,12.132645,7.612045,15.701678,24.181078,12.132645,7.612045,1
31.600000,5,14.469119,9.948519,17.462546,25.941946,14.469119,9.948519,1
31.600000,6,13.423560,8.902960,17.462546,25.941946,13.423560,8.902960,1
31.600000,7,10.535652,6.015052,17.462546,25.941946,10.535652,6.015052,1
32.100000,5,12.948119,8.427519,18.075750,26.555150,12.948119,8.427519,1
32.100000,6,11.781539,7.260939,18.075750,26.555150,11.781539,7.260939,1
32.100000,7,10.744101,6.223501,18.075750,26.555150,10.744101,6.223501,1
32.600000,5,10.332992,5.812392,18.054130,26.533530,10.332992,5.812392,1
32.600000,6,14.557523,10.036923,18.054130,26.533530,14.557523,10.036923,1
32.600000,7,13.064497,8.543897,18.054130,26.533530,13.064497,8.543897,1
33.100000,5,9.911988,5.391388,16.999121,25.478521,9.911988,5.391388,1
33.100000,6,11.958684,7.438084,16.999121,25.478521,11.958684,7.438084,1
33.100000,7,13.033772,8.513172,16.999121,25.478521,13.033772,8.513172,1
33.600000,5,12.220906,7.700306,17.268706,25.748106,12.220906,7.700306,1
33.600000,6,12.487562,7.966962,17.268706,25.748106,12.487562,7.966962,1
33.600000,7,12.379173,7.858573,17.268706,25.748106,12.379173,7.858573,1
34.100000,5,13.821994,9.301394,14.111649,22.591050,13.821994,9.301394,1
34.100000,6,13.780627,9.260027,14.111649,22.591050,13.780627,9.260027,1
34.100000,7,13.015937,8.495337,14.111649,22.591050,13.015937,8.495337,1
34.600000,5,13.249605,8.729005,14.295654,22.775055,13.249605,8.729005,1
34.600000,6,6.433020,1.912420,14.295654,22.775055,6.433020,1.912420,1
34.600000,7,12.184307,7.663707,14.295654,22.775055,12.184307,7.663707,1
35.100000,5,12.185027,7.664427,14.557356,23.036756,12.185027,7.664427,1
35.100000,6,15.002960,10.482360,14.557356,23.036756,14.557356,10.482360,1
35.100000,7,12.959192,8.438592,14.557356,23.036756,12.959192,8.438592,1
35.600000,5,13.301448,8.780848,18.387101,26.866502,13.301448,8.780848,1
35.600000,6,11.462528,6.941928,18.387101,26.866502,11.462528,6.941928,1
35.600000,7,11.538231,7.017631,18.387101,26.866502,11.538231,7.017631,1
36.100000,5,10.599734,6.079134,16.910248,25.389648,10.599734,6.079134,1
36.100000,6,11.217732,6.697132,16.910248,25.389648,11.217732,6.697132,1
36.100000,7,13.227978,8.707378,16.910248,25.389648,13.227978,8.707378,1
36.600000,5,9.510733,4.990133,17.149457,25.628857,9.510733,4.990133,1
36.600000,6,9.002365,4.481765,17.149457,25.628857,9.002365,4.481765,1
36.600000,7,8.902726,4.382127,17.149457,25.628857,8.902726,4.382127,1
37.100000,5,11.971923,7.451324,18.359415,26.838815,11.971923,7.451324,1
37.100000,6,7.518732,2.998132,18.359415,26.838815,7.518732,2.998132,1
37.100000,7,12.957581,8.436981,18.359415,26.838815,12.957581,8.436981,1
37.600000,5,10.075752,5.555152,17.424244,25.903644,10.075752,5.555152,1
37.600000,6,15.001774,10.481175,17.424244,25.903644,15.001774,10.481175,1
37.600000,7,13.446957,8.926358,17.424244,25.903644,13.446957,8.926358,1
38.100000,5,13.933396,9.412796,16.253842,24.733242,13.933396,9.412796,1
38.100000,6,11.181547,6.660947,16.253842,24.733242,11.181547,6.660947,1
38.100000,7,12.502760,7.982160,16.253842,24.733242,12.502760,7.982160,1
38.600000,5,9.314720,4.794120,14.200778,22.680178,9.314720,4.794120,1
38.600000,6,13.230251,8.709651,14.200778,22.680178,13.230251,8.709651,1
38.600000,7,12.976824,8.456224,14.200778,22.680178,12.976824,8.456224,1
39.100000,5,11.778003,7.257403,19.018433,27.497834,11.778003,7.257403,1
39.100000,6,10.006679,5.486079,19.018433,27.497834,10.006679,5.486079,1
39.100000,7,12.981212,8.460612,19.018433,27.497834,12.981212,8.460612,1
39.600000,5,13.137870,8.617270,18.296223,26.775623,13.137870,8.617270,1
39.600000,6,10.030731,5.510131,18.296223,26.775623,10.030731,5.510131,1
39.600000,7,12.176741,7.656141,18.296223,26.775623,12.176741,7.656141,1
40.100000,5,13.102579,8.581980,19.359203,27.838603,13.102579,8.581980,1
40.100000,6,12.560990,8.040390,19.359203,27.838603,12.560990,8.040390,1
40.100000,7,9.690070,5.169470,19.359203,27.838603,9.690070,5.169470,1
40.600000,5,9.794538,5.273938,15.505722,23.985122,9.794538,5.273938,1
40.600000,6,12.018081,7.497481,15.505722,23.985122,12.018081,7.497481,1
40.600000,7,12.306735,7.786135,15.505722,23.985122,12.306735,7.786135,1
41.100000,5,11.335062,6.814462,16.008776,24.488176,11.335062,6.814462,1
41.100000,6,12.608545,8.087945,16.008776,24.488176,12.608545,8.087945,1
41.100000,7,15.677322,11.156722,16.008776,24.488176,15.677322,11.156722,1
41.600000,5,13.325356,8.804756,14.736108,23.215508,13.325356,8.804756,1
41.600000,6,11.581555,7.060955,14.736108,23.215508,11.581555,7.060955,1
41.600000,7,13.005448,8.484848,14.736108,23.215508,13.005448,8.484848,1
42.100000,5,13.279843,8.759243,16.190338,24.669738,13.279843,8.759243,1
42.100000,6,14.530193,10.009593,16.190338,24.669738,14.530193,10.009593,1
42.100000,7,13.459118,8.938518,16.190338,24.669738,13.459118,8.938518,1
42.600000,5,14.446608,9.926008,18.362660,26.842060,14.446608,9.926008,1
42.600000,6,11.309604,6.789004,18.362660,26.842060,11.309604,6.789004,1
42.600000,7,13.796092,9.275492,18.362660,26.842060,13.796092,9.275492,1
43.100000,5,14.611057,10.090457,14.810599,23.289999,14.611057,10.090457,1
43.100000,6,10.145789,5.625189,14.810599,23.289999,10.145789,5.625189,1
43.100000,7,15.608563,11.087963,14.810599,23.289999,14.810599,11.087963,1
43.600000,5,13.340798,8.820198,17.743245,26.222645,13.340798,8.820198,1
43.600000,6,10.708257,6.187657,17.743245,26.222645,10.708257,6.187657,1
43.600000,7,15.233976,10.713376,17.743245,26.222645,15.233976,10.713376,1
44.100000,5,12.256281,7.735681,18.308279,26.787679,12.256281,7.735681,1
44.100000,6,11.859631,7.339031,18.308279,26.787679,11.859631,7.339031,1
44.100000,7,14.554828,10.034228,18.308279,26.787679,14.554828,10.034228,1
44.600000,5,11.646283,7.125683,19.116921,27.596321,11.646283,7.125683,1
44.600000,6,13.859108,9.338508,19.116921,27.596321,13.859108,9.338508,1
44.600000,7,13.570806,9.050206,19.116921,27.596321,13.570806,9.050206,1
45.100000,5,13.767013,9.246413,17.932490,26.411890,13.767013,9.246413,1
45.100000,6,14.772338,10.251738,17.932490,26.411890,14.772338,10.251738,1
45.100000,7,10.113070,5.592470,17.932490,26.411890,10.113070,5.592470,1
45.600000,5,11.118711,6.598111,17.075855,25.555255,11.118711,6.598111,1
45.600000,6,12.391256,7.870656,17.075855,25.555255,12.391256,7.870656,1
45.600000,7,12.983419,8.462819,17.075855,25.555255,12.983419,8.462819,1
46.100000,5,16.425088,11.904488,19.469297,27.948697,16.425088,11.904488,1
46.100000,6,13.721809,9.201209,19.469297,27.948697,13.721809,9.201209,1
46.100000,7,15.340044,10.819444,19.469297,27.948697,15.340044,10.819444,1
46.600000,5,7.750482,3.229882,16.245269,24.724669,7.750482,3.229882,1
46.600000,6,13.699328,9.178729,16.245269,24.724669,13.699328,9.178729,1
46.600000,7,14.155286,9.634686,16.245269,24.724669,14.155286,9.634686,1
47.100000,5,11.861640,7.341040,19.284429,27.763829,11.861640,7.341040,1
47.100000,6,10.845246,6.324646,19.284429,27.763829,10.845246,6.324646,1
47.100000,7,10.893566,6.372966,19.284429,27.763829,10.893566,6.372966,1
47.600000,5,13.268521,8.747921,16.763653,25.243053,13.268521,8.747921,1
47.600000,6,11.374450,6.853850,16.763653,25.243053,11.374450,6.853850,1
47.600000,7,13.335347,8.814747,16.763653,25.243053,13.335347,8.814747,1
48.100000,5,13.699264,9.178664,16.223504,24.702904,13.699264,9.178664,1
48.100000,6,12.380284,7.859684,16.223504,24.702904,12.380284,7.859684,1
48.100000,7,14.884735,10.364135,16.223504,24.702904,14.884735,10.364135,1
48.600000,5,10.730396,6.209796,16.759734,25.239134,10.730396,6.209796,1
48.600000,6,10.420114,5.899514,16.759734,25.239134,10.420114,5.899514,1
48.600000,7,12.846945,8.326345,16.759734,25.239134,12.846945,8.326345,1
49.100000,5,13.308139,8.787539,9.331125,17.810525,9.331125,8.787539,1
49.100000,6,12.446248,7.925648,9.331125,17.810525,9.331125,7.925648,1
49.100000,7,11.163874,6.643275,9.331125,17.810525,9.331125,6.643275,1
49.600000,5,13.038982,8.518382,15.354579,23.833979,13.038982,8.518382,1
49.600000,6,14.126088,9.605488,15.354579,23.833979,14.126088,9.605488,1
49.600000,7,14.734575,10.213975,15.354579,23.833979,14.734575,10.213975,1
50.100000,5,14.222442,9.701842,18.096967,26.576367,14.222442,9.701842,1
50.100000,6,12.853519,8.332919,18.096967,26.576367,12.853519,8.332919,1
50.100000,7,13.426734,8.906134,18.096967,26.576367,13.426734,8.906134,1
50.600000,5,13.110049,8.589450,17.410303,25.889703,13.110049,8.589450,1
50.600000,6,14.635553,10.114953,17.410303,25.889703,14.635553,10.114953,1
50.600000,7,9.558804,5.038204,17.410303,25.889703,9.558804,5.038204,1
51.100000,5,13.413484,8.892884,15.649228,24.128628,13.413484,8.892884,1
51.100000,6,13.616564,9.095964,15.649228,24.128628,13.616564,9.095964,1
51.100000,7,12.523110,8.002510,15.649228,24.128628,12.523110,8.002510,1
51.600000,5,9.877265,5.356665,16.749863,25.229263,9.877265,5.356665,1
51.600000,6,12.576204,8.055604,16.749863,25.229263,12.576204,8.055604,1
51.600000,7,10.297273,5.776673,16.749863,25.229263,10.297273,5.776673,1
52.100000,5,12.947978,8.427378,16.187629,24.667029,12.947978,8.427378,1
52.100000,6,13.458773,8.938173,16.187629,24.667029,13.458773,8.938173,1
52.100000,7,12.377969,7.857369,16.187629,24.667029,12.377969,7.857369,1
52.600000,5,8.572095,4.051495,16.432317,24.911717,8.572095,4.051495,1
52.600000,6,14.056675,9.536075,16.432317,24.911717,14.056675,9.536075,1
52.600000,7,13.809472,9.288872,16.432317,24.911717,13.809472,9.288872,1
53.100000,5,13.891439,9.370840,15.382771,23.862171,13.891439,9.370840,1
53.100000,6,13.218271,8.697671,15.382771,23.862171,13.218271,8.697671,1
53.100000,7,15.133431,10.612832,15.382771,23.862171,15.133431,10.612832,1
53.600000,5,14.200579,9.679979,19.154671,27.634071,14.200579,9.679979,1
53.600000,6,7.729285,3.208685,19.154671,27.634071,7.729285,3.208685,1
53.600000,7,12.788636,8.268036,19.154671,27.634071,12.788636,8.268036,1
54.100000,5,12.183237,7.662637,17.690864,26.170264,12.183237,7.662637,1
54.100000,6,13.137963,8.617363,17.690864,26.170264,13.137963,8.617363,1
54.100000,7,10.238504,5.717904,17.690864,26.170264,10.238504,5.717904,1
54.600000,5,9.678867,5.158267,15.386691,23.866091,9.678867,5.158267,1
54.600000,6,11.241056,6.720456,15.386691,23.866091,11.241056,6.720456,1
54.600000,7,11.816564,7.295964,15.386691,23.866091,11.816564,7.295964,1
55.100000,5,6.346904,1.826304,19.587398,28.066798,6.346904,1.826304,1
55.100000,6,11.173850,6.653250,19.587398,28.066798,11.173850,6.653250,1
55.100000,7,14.301530,9.780930,19.587398,28.066798,14.301530,9.780930,1
55.600000,5,11.767317,7.246718,16.081134,24.560534,11.767317,7.246718,1
55.600000,6,13.389854,8.869254,16.081134,24.560534,13.389854,8.869254,1
55.600000,7,13.871869,9.351269,16.081134,24.560534,13.871869,9.351269,1
56.100000,5,11.523402,7.002802,18.011111,26.490511,11.523402,7.002802,1
56.100000,6,12.094913,7.574313,18.011111,26.490511,12.094913,7.574313,1
56.100000,7,10.127895,5.607295,18.011111,26.490511,10.127895,5.607295,1
56.600000,5,13.181790,8.661190,16.435196,24.914596,13.181790,8.661190,1
56.600000,6,9.718551,5.197951,16.435196,24.914596,9.718551,5.197951,1
56.600000,7,11.888017,7.367417,16.435196,24.914596,11.888017,7.367417,1
57.100000,5,14.826617,10.306017,19.430274,27.909674,14.826617,10.306017,1
57.100000,6,10.491187,5.970587,19.430274,27.909674,10.491187,5.970587,1
57.100000,7,13.339238,8.818638,19.430274,27.909674,13.339238,8.818638,1
57.600000,5,11.422670,6.902070,15.241429,23.720829,11.422670,6.902070,1
57.600000,6,10.546451,6.025851,15.241429,23.720829,10.546451,6.025851,1
57.600000,7,12.814408,8.293809,15.241429,23.720829,12.814408,8.293809,1
58.100000,5,10.821402,6.300802,16.509986,24.989386,10.821402,6.300802,1
58.100000,6,12.580267,8.059667,16.509986,24.989386,12.580267,8.059667,1
58.100000,7,7.452376,2.931776,16.509986,24.989386,7.452376,2.931776,1
58.600000,5,12.293759,7.773159,18.794003,27.273403,12.293759,7.773159,1
58.600000,6,12.791229,8.270629,18.794003,27.273403,12.791229,8.270629,1
58.600000,7,10.444217,5.923617,18.794003,27.273403,10.444217,5.923617,1
59.100000,5,8.672457,4.151857,18.666733,27.146133,8.672457,4.151857,1
59.100000,6,10.185720,5.665120,18.666733,27.146133,10.185720,5.665120,1
59.100000,7,14.617673,10.097073,18.666733,27.146133,14.617673,10.097073,1
59.600000,5,11.614966,7.094366,17.023980,25.503380,11.614966,7.094366,1
59.600000,6,11.510227,6.989627,17.023980,25.503380,11.510227,6.989627,1
59.600000,7,8.048179,3.527579,17.023980,25.503380,8.048179,3.527579,1
60.100000,5,12.451971,7.931371,16.798951,25.278351,12.451971,7.931371,1
60.100000,6,10.750599,6.229999,16.798951,25.278351,10.750599,6.229999,1
60.100000,7,12.506134,7.985534,16.798951,25.278351,12.506134,7.985534,1
60.600000,5,13.121906,8.601307,17.051600,25.531001,13.121906,8.601307,1
60.600000,6,11.011419,6.490820,17.051600,25.531001,11.011419,6.490820,1
60.600000,7,12.356531,7.835931,17.051600,25.531001,12.356531,7.835931,1
61.100000,5,10.832221,6.311622,16.761107,25.240507,10.832221,6.311622,1
61.100000,6,8.429502,3.908902,16.761107,25.240507,8.429502,3.908902,1
61.100000,7,12.899976,8.379376,16.761107,25.240507,12.899976,8.379376,1
61.600000,5,13.106541,8.585942,15.352168,23.831568,13.106541,8.585942,1
61.600000,6,11.575778,7.055178,15.352168,23.831568,11.575778,7.055178,1
61.600000,7,14.437290,9.916690,15.352168,23.831568,14.437290,9.916690,1
62.100000,5,14.419806,9.899206,17.094978,25.574378,14.419806,9.899206,1
62.100000,6,13.428398,8.907798,17.094978,25.574378,13.428398,8.907798,1
62.100000,7,8.482821,3.962221,17.094978,25.574378,8.482821,3.962221,1
62.600000,5,9.842977,5.322377,19.533576,28.012976,9.842977,5.322377,1
62.600000,6,12.692157,8.171557,19.533576,28.012976,12.692157,8.171557,1
62.600000,7,13.993822,9.473222,19.533576,28.012976,13.993822,9.473222,1
63.100000,5,13.920969,9.400370,16.644641,25.124041,13.920969,9.400370,1
63.100000,6,11.813579,7.292979,16.644641,25.124041,11.813579,7.292979,1
63.100000,7,7.656595,3.135996,16.644641,25.124041,7.656595,3.135996,1
63.600000,5,9.563218,5.042618,13.334818,21.814218,9.563218,5.042618,1
63.600000,6,11.691511,7.170911,13.334818,21.814218,11.691511,7.170911,1
63.600000,7,16.938604,12.418004,13.334818,21.814218,13.334818,12.418004,1
64.100000,5,12.687632,8.167032,19.595819,28.075219,12.687632,8.167032,1
64.100000,6,12.665240,8.144640,19.595819,28.075219,12.665240,8.144640,1
64.100000,7,13.687728,9.167128,19.595819,28.075219,13.687728,9.167128,1
64.600000,5,11.219184,6.698584,17.866881,26.346281,11.219184,6.698584,1
64.600000,6,12.650080,8.129480,17.866881,26.346281,12.650080,8.129480,1
64.600000,7,13.532262,9.011662,17.866881,26.346281,13.532262,9.011662,1
65.100000,5,12.395186,7.874587,15.343483,23.822884,12.395186,7.874587,1
65.100000,6,12.174342,7.653742,15.343483,23.822884,12.174342,7.653742,1
65.100000,7,12.797593,8.276993,15.343483,23.822884,12.797593,8.276993,1
65.600000,5,11.764729,7.244129,13.905016,22.384416,11.764729,7.244129,1
65.600000,6,14.473006,9.952406,13.905016,22.384416,13.905016,9.952406,1
65.600000,7,12.838157,8.317557,13.905016,22.384416,12.838157,8.317557,1
66.100000,5,11.621068,7.100468,16.807769,25.287170,11.621068,7.100468,1
66.100000,6,10.997954,6.477354,16.807769,25.287170,10.997954,6.477354,1
66.100000,7,14.352670,9.832070,16.807769,25.287170,14.352670,9.832070,1
66.600000,5,11.575838,7.055239,15.089910,23.569310,11.575838,7.055239,1
66.600000,6,11.791699,7.271099,15.089910,23.569310,11.791699,7.271099,1
66.600000,7,13.593370,9.072770,15.089910,23.569310,13.593370,9.072770,1
67.100000,5,13.564662,9.044062,17.128385,25.607785,13.564662,9.044062,1
67.100000,6,13.627592,9.106992,17.128385,25.607785,13.627592,9.106992,1
67.100000,7,11.451110,6.930510,17.128385,25.607785,11.451110,6.930510,1
67.600000,5,8.889120,4.368520,16.622652,25.102052,8.889120,4.368520,1
67.600000,6,14.374887,9.854287,16.622652,25.102052,14.374887,9.854287,1
67.600000,7,7.945777,3.425177,16.622652,25.102052,7.945777,3.425177,1
68.100000,5,14.632946,10.112346,16.659559,25.138959,14.632946,10.112346,1
68.100000,6,13.094912,8.574312,16.659559,25.138959,13.094912,8.574312,1
68.100000,7,11.514449,6.993849,16.659559,25.138959,11.514449,6.993849,1
68.600000,5,11.030044,6.509445,15.481987,23.961388,11.030044,6.509445,1
68.600000,6,13.110000,8.589400,15.481987,23.961388,13.110000,8.589400,1
68.600000,7,12.275725,7.755125,15.481987,23.961388,12.275725,7.755125,1
69.100000,5,15.222739,10.702139,15.861414,24.340814,15.222739,10.702139,1
69.100000,6,8.762563,4.241964,15.861414,24.340814,8.762563,4.241964,1
69.100000,7,10.284966,5.764366,15.861414,24.340814,10.284966,5.764366,1
69.600000,5,11.745239,7.224639,16.444833,24.924233,11.745239,7.224639,1
69.600000,6,14.676787,10.156187,16.444833,24.924233,14.676787,10.156187,1
69.600000,7,11.463133,6.942533,16.444833,24.924233,11.463133,6.942533,1
70.100000,5,13.823813,9.303213,13.369080,21.848480,13.369080,9.303213,1
70.100000,6,12.332047,7.811447,13.369080,21.848480,12.332047,7.811447,1
70.100000,7,11.525291,7.004691,13.369080,21.848480,11.525291,7.004691,1
70.600000,5,11.385460,6.864860,16.995938,25.475338,11.385460,6.864860,1
70.600000,6,11.552308,7.031709,16.995938,25.475338,11.552308,7.031709,1
70.600000,7,14.067241,9.546641,16.995938,25.475338,14.067241,9.546641,1
71.100000,5,11.421749,6.901149,16.334075,24.813476,11.421749,6.901149,1
71.100000,6,13.657321,9.136721,16.334075,24.813476,13.657321,9.136721,1
71.100000,7,13.394543,8.873943,16.334075,24.813476,13.394543,8.873943,1
71.600000,5,9.565491,5.044892,19.492484,27.971884,9.565491,5.044892,1
71.600000,6,10.177596,5.656996,19.492484,27.971884,10.177596,5.656996,1
71.600000,7,14.633945,10.113345,19.492484,27.971884,14.633945,10.113345,1
72.100000,5,8.430700,3.910100,17.892525,26.371925,8.430700,3.910100,1
72.100000,6,9.744547,5.223947,17.892525,26.371925,9.744547,5.223947,1
72.100000,7,11.138389,6.617789,17.892525,26.371925,11.138389,6.617789,1
72.600000,5,14.277745,9.757145,15.465724,23.945124,14.277745,9.757145,1
72.600000,6,14.763082,10.242482,15.465724,23.945124,14.763082,10.242482,1
72.600000,7,11.727483,7.206883,15.465724,23.945124,11.727483,7.206883,1
73.100000,5,13.095208,8.574608,16.728815,25.208215,13.095208,8.574608,1
73.100000,6,13.384744,8.864144,16.728815,25.208215,13.384744,8.864144,1
73.100000,7,15.254153,10.733553,16.728815,25.208215,15.254153,10.733553,1
73.600000,5,5.500219,0.979619,18.021882,26.501282,5.500219,0.979619,1
73.600000,6,11.870032,7.349432,18.021882,26.501282,11.870032,7.349432,1
73.600000,7,13.737700,9.217100,18.021882,26.501282,13.737700,9.217100,1
74.100000,5,11.577916,7.057316,18.317343,26.796743,11.577916,7.057316,1
74.100000,6,12.126904,7.606304,18.317343,26.796743,12.126904,7.606304,1
74.100000,7,14.646831,10.126232,18.317343,26.796743,14.646831,10.126232,1
74.600000,5,12.293847,7.773247,16.381860,24.861260,12.293847,7.773247,1
74.600000,6,13.346054,8.825455,16.381860,24.861260,13.346054,8.825455,1
74.600000,7,12.846073,8.325473,16.381860,24.861260,12.846073,8.325473,1
75.100000,5,12.819567,8.298967,17.307557,25.786957,12.819567,8.298967,1
75.100000,6,11.986815,7.466215,17.307557,25.786957,11.986815,7.466215,1
75.100000,7,15.045965,10.525365,17.307557,25.786957,15.045965,10.525365,1
75.600000,5,12.162839,7.642239,18.339091,26.818491,12.162839,7.642239,1
75.600000,6,10.772319,6.251719,18.339091,26.818491,10.772319