Time,UE,Dir,Delay,Jitter,Throughput,PDR
4,0,DL,0,0,0,0
4,0,UL,0,0,0,0
4,1,DL,0,0,0,0
4,1,UL,0,0,0,0
4,2,DL,0,0,0,0
4,2,UL,0,0,0,0
4,3,DL,0,0,0,0
4,3,UL,0,0,0,0
4,4,DL,0,0,0,0
4,4,UL,0,0,0,0
4,5,DL,0,0,0,0
4,5,UL,0,0,0,0
4,6,DL,0,0,0,0
4,6,UL,0,0,0,0
4,7,DL,0,0,0,0
4,7,UL,0,0,0,0
4,8,DL,0,0,0,0
4,8,UL,0,0,0,0
4,9,DL,0,0,0,0
4,9,UL,0,0,0,0
4,10,DL,0,0,0,0
4,10,UL,0,0,0,0
4,11,DL,0,0,0,0
4,11,UL,0,0,0,0
4,12,DL,0,0,0,0
4,12,UL,0,0,0,0
4,13,DL,0,0,0,0
4,13,UL,0,0,0,0
4,14,DL,0,0,0,0
4,14,UL,0,0,0,0
4,15,DL,0,0,0,0
4,15,UL,0,0,0,0
4,16,DL,0,0,0,0
4,16,UL,0,0,0,0
4,17,DL,0,0,0,0
4,17,UL,0,0,0,0
4,18,DL,0,0,0,0
4,18,UL,0,0,0,0
4,19,DL,0,0,0,0
4,19,UL,0,0,0,0
4,20,DL,0,0,0,0
4,20,UL,0,0,0,0
4,21,DL,0,0,0,0
4,21,UL,0,0,0,0
4,22,DL,0,0,0,0
4,22,UL,0,0,0,0
4,23,DL,0,0,0,0
4,23,UL,0,0,0,0
4,24,DL,0,0,0,0
4,24,UL,0,0,0,0
4,25,DL,0,0,0,0
4,25,UL,0,0,0,0
4,26,DL,0,0,0,0
4,26,UL,0,0,0,0
4,27,DL,0,0,0,0
4,27,UL,0,0,0,0
4,28,DL,0,0,0,0
4,28,UL,0,0,0,0
4,29,DL,0,0,0,0
4,29,UL,0,0,0,0
4,30,DL,0,0,0,0
4,30,UL,0,0,0,0
4,31,DL,0,0,0,0
4,31,UL,0,0,0,0
4,32,DL,0,0,0,0
4,32,UL,0,0,0,0
4,33,DL,0,0,0,0
4,33,UL,0,0,0,0
4,34,DL,0,0,0,0
4,34,UL,0,0,0,0
4,35,DL,0,0,0,0
4,35,UL,0,0,0,0
4,36,DL,0,0,0,0
4,36,UL,0,0,0,0
4,37,DL,0,0,0,0
4,37,UL,0,0,0,0
4,38,DL,0,0,0,0
4,38,UL,0,0,0,0
4,39,DL,0,0,0,0
4,39,UL,0,0,0,0
4,40,DL,0,0,0,0
4,40,UL,0,0,0,0
4,41,DL,0,0,0,0
4,41,UL,0,0,0,0
4,42,DL,0,0,0,0
4,42,UL,0,0,0,0
4,43,DL,0,0,0,0
4,43,UL,0,0,0,0
4,44,DL,0,0,0,0
4,44,UL,0,0,0,0
4,45,DL,0,0,0,0
4,45,UL,0,0,0,0
4,46,DL,0,0,0,0
4,46,UL,0,0,0,0
4,47,DL,0,0,0,0
4,47,UL,0,0,0,0
4,48,DL,0,0,0,0
4,48,UL,0,0,0,0
4,49,DL,0,0,0,0
4,49,UL,0,0,0,0
6,0,DL,0,0,0,0
6,0,UL,0,0,0,0
6,1,DL,0.100529,0.0518571,0.0274506,14
6,1,UL,0,0,0,0
6,2,DL,0.0161,0.004,0.0196075,10
6,2,UL,0,0,0,0
6,3,DL,0.0971,0,0.00392151,2
6,3,UL,0,0,0,0
6,4,DL,0.0997667,0.0186667,0.0117645,6
6,4,UL,0,0,0,0
6,5,DL,0,0,0,0
6,5,UL,0,0,0,0
6,6,DL,0.0696714,0.0515476,0.164703,84
6,6,UL,0,0,0,0
6,7,DL,0.0267842,0.0233158,0.149017,76
6,7,UL,0,0,0,0
6,8,DL,0.0551,0.0214286,0.0274506,14
6,8,UL,0,0,0,0
6,9,DL,0.0317667,0.0106667,0.0117645,6
6,9,UL,0,0,0,0
6,10,DL,0.245957,0.0831429,0.0274506,14
6,10,UL,0,0,0,0
6,11,DL,0,0,0,0
6,11,UL,0,0,0,0
6,12,DL,0.0634809,0.0347619,0.0823517,42
6,12,UL,0.0280304,0,0.00392151,10
6,13,DL,0.100274,0.0525435,0.180389,92
6,13,UL,0,0,0,0
6,14,DL,0,0,0,0
6,14,UL,0,0,0,0
6,15,DL,0,0,0,0
6,15,UL,0,0,0,0
6,16,DL,0.0531,0,0.00392151,2
6,16,UL,0,0,0,0
6,17,DL,0,0,0,0
6,17,UL,0,0,0,0
6,18,DL,0.38835,0.124125,0.0313721,16
6,18,UL,0,0,0,0
6,19,DL,0.0427,0.0254,0.0196075,10
6,19,UL,0,0,0,0
6,20,DL,0.3386,0.0155,0.00784302,4
6,20,UL,0,0,0,0
6,21,DL,0.533005,0.0462381,0.0823517,42
6,21,UL,0,0,0,0
6,22,DL,0.1411,0,0.00392151,2
6,22,UL,0,0,0,0
6,23,DL,0.2941,0,0.00392151,2
6,23,UL,0,0,0,0
6,24,DL,0.0298333,0.0318444,0.176468,90
6,24,UL,0,0,0,0
6,25,DL,0,0,0,0
6,25,UL,0,0,0,0
6,26,DL,0,0,0,0
6,26,UL,0,0,0,0
6,27,DL,0,0,0,0
6,27,UL,0,0,0,0
6,28,DL,0.0306714,0.0245714,0.0274506,14
6,28,UL,0,0,0,0
6,29,DL,0,0,0,0
6,29,UL,0,0,0,0
6,30,DL,0.0872428,0.0421429,0.0274506,14
6,30,UL,0,0,0,0
6,31,DL,1.0331,0.032,0.0196075,10
6,31,UL,0,0,0,0
6,32,DL,0.0337,0.027,0.0196075,10
6,32,UL,0,0,0,0
6,33,DL,0,0,0,0
6,33,UL,0,0,0,0
6,34,DL,0.0231,0,0.00392151,2
6,34,UL,0,0,0,0
6,35,DL,0.1768,0.0589,0.0784302,40
6,35,UL,0,0,0,0
6,36,DL,0,0,0,0
6,36,UL,0,0,0,0
6,37,DL,0.210311,0.0642632,0.0745087,38
6,37,UL,0,0,0,0
6,38,DL,0.299767,0.144667,0.0117645,6
6,38,UL,0,0,0,0
6,39,DL,0,0,0,0
6,39,UL,0,0,0,0
6,40,DL,0.0216,0.0095,0.00784302,4
6,40,UL,0,0,0,0
6,41,DL,0.0121,0,0.00392151,2
6,41,UL,0,0,0,0
6,42,DL,0,0,0,0
6,42,UL,0,0,0,0
6,43,DL,0,0,0,0
6,43,UL,0,0,0,0
6,44,DL,0,0,0,0
6,44,UL,0,0,0,0
6,45,DL,0,0,0,0
6,45,UL,0,0,0,0
6,46,DL,0.3466,0.03575,0.0313721,16
6,46,UL,0,0,0,0
6,47,DL,0.0381,0.014,0.00784302,4
6,47,UL,0,0,0,0
6,48,DL,0.1741,0.05932,0.0980377,50
6,48,UL,0,0,0,0
6,49,DL,0,0,0,0
6,49,UL,0,0,0,0
8,0,DL,0,0,0,0
8,0,UL,0,0,0,0
8,1,DL,0,0,0,0
8,1,UL,0,0,0,0
8,2,DL,0,0,0,0
8,2,UL,0,0,0,0
8,3,DL,0,0,0,0
8,3,UL,0,0,0,0
8,4,DL,0,0,0,0
8,4,UL,0,0,0,0
8,5,DL,0,0,0,0
8,5,UL,0,0,0,0
8,6,DL,0,0,0,0
8,6,UL,0,0,0,0
8,7,DL,0,0,0,0
8,7,UL,0,0,0,0
8,8,DL,0,0,0,0
8,8,UL,0,0,0,0
8,9,DL,0,0,0,0
8,9,UL,0,0,0,0
8,10,DL,0,0,0,0
8,10,UL,0,0,0,0
8,11,DL,0,0,0,0
8,11,UL,0,0,0,0
8,12,DL,0,0,0,0
8,12,UL,0,0,0,0
8,13,DL,1.3192,0.3219,0.0392151,20
8,13,UL,0,0,0,0
8,14,DL,0,0,0,0
8,14,UL,0,0,0,0
8,15,DL,0,0,0,0
8,15,UL,0,0,0,0
8,16,DL,0,0,0,0
8,16,UL,0,0,0,0
8,17,DL,0,0,0,0
8,17,UL,0,0,0,0
8,18,DL,0,0,0,0
8,18,UL,0,0,0,0
8,19,DL,0,0,0,0
8,19,UL,0,0,0,0
8,20,DL,0,0,0,0
8,20,UL,0,0,0,0
8,21,DL,0,0,0,0
8,21,UL,0,0,0,0
8,22,DL,0,0,0,0
8,22,UL,0,0,0,0
8,23,DL,0,0,0,0
8,23,UL,0,0,0,0
8,24,DL,0.3017,0.0821333,0.117645,60
8,24,UL,0,0,0,0
8,25,DL,0,0,0,0
8,25,UL,0,0,0,0
8,26,DL,0,0,0,0
8,26,UL,0,0,0,0
8,27,DL,0,0,0,0
8,27,UL,0,0,0,0
8,28,DL,0,0,0,0
8,28,UL,0,0,0,0
8,29,DL,0,0,0,0
8,29,UL,0,0,0,0
8,30,DL,0,0,0,0
8,30,UL,0,0,0,0
8,31,DL,0,0,0,0
8,31,UL,0,0,0,0
8,32,DL,0,0,0,0
8,32,UL,0,0,0,0
8,33,DL,0,0,0,0
8,33,UL,0,0,0,0
8,34,DL,0,0,0,0
8,34,UL,0,0,0,0
8,35,DL,0,0,0,0
8,35,UL,0,0,0,0
8,36,DL,0,0,0,0
8,36,UL,0,0,0,0
8,37,DL,0,0,0,0
8,37,UL,0,0,0,0
8,38,DL,0,0,0,0
8,38,UL,0,0,0,0
8,39,DL,0,0,0,0
8,39,UL,0,0,0,0
8,40,DL,0,0,0,0
8,40,UL,0,0,0,0
8,41,DL,0,0,0,0
8,41,UL,0,0,0,0
8,42,DL,0,0,0,0
8,42,UL,0,0,0,0
8,43,DL,0,0,0,0
8,43,UL,0,0,0,0
8,44,DL,0,0,0,0
8,44,UL,0,0,0,0
8,45,DL,0,0,0,0
8,45,UL,0,0,0,0
8,46,DL,0,0,0,0
8,46,UL,0,0,0,0
8,47,DL,0,0,0,0
8,47,UL,0,0,0,0
8,48,DL,0,0,0,0
8,48,UL,0,0,0,0
8,49,DL,0,0,0,0
8,49,UL,0,0,0,0
10,0,DL,0,0,0,0
10,0,UL,0,0,0,0
10,1,DL,0,0,0,0
10,1,UL,0,0,0,0
10,2,DL,0,0,0,0
10,2,UL,0,0,0,0
10,3,DL,0.399254,0.0766154,0.0509796,26
10,3,UL,0,0,0,0
10,4,DL,0,0,0,0
10,4,UL,0,0,0,0
10,5,DL,0,0,0,0
10,5,UL,0,0,0,0
10,6,DL,0,0,0,0
10,6,UL,0,0,0,0
10,7,DL,0,0,0,0
10,7,UL,0,0,0,0
10,8,DL,0,0,0,0
10,8,UL,0,0,0,0
10,9,DL,0,0,0,0
10,9,UL,0,0,0,0
10,10,DL,0,0,0,0
10,10,UL,0,0,0,0
10,11,DL,0,0,0,0
10,11,UL,0,0,0,0
10,12,DL,0,0,0,0
10,12,UL,0,0,0,0
10,13,DL,0,0,0,0
10,13,UL,0,0,0,0
10,14,DL,0,0,0,0
10,14,UL,0,0,0,0
10,15,DL,0,0,0,0
10,15,UL,0,0,0,0
10,16,DL,0,0,0,0
10,16,UL,0,0,0,0
10,17,DL,0,0,0,0
10,17,UL,0,0,0,0
10,18,DL,0,0,0,0
10,18,UL,0,0,0,0
10,19,DL,0,0,0,0
10,19,UL,0,0,0,0
10,20,DL,0,0,0,0
10,20,UL,0,0,0,0
10,21,DL,0,0,0,0
10,21,UL,0,0,0,0
10,22,DL,0,0,0,0
10,22,UL,0,0,0,0
10,23,DL,0,0,0,0
10,23,UL,0,0,0,0
10,24,DL,1.5118,0.3055,0.0392151,20
10,24,UL,0,0,0,0
10,25,DL,0,0,0,0
10,25,UL,0,0,0,0
10,26,DL,0,0,0,0
10,26,UL,0,0,0,0
10,27,DL,0,0,0,0
10,27,UL,0,0,0,0
10,28,DL,0,0,0,0
10,28,UL,0,0,0,0
10,29,DL,0,0,0,0
10,29,UL,0,0,0,0
10,30,DL,0,0,0,0
10,30,UL,0,0,0,0
10,31,DL,0,0,0,0
10,31,UL,0,0,0,0
10,32,DL,0,0,0,0
10,32,UL,0,0,0,0
10,33,DL,0,0,0,0
10,33,UL,0,0,0,0
10,34,DL,0,0,0,0
10,34,UL,0,0,0,0
10,35,DL,0,0,0,0
10,35,UL,0,0,0,0
10,36,DL,0.133975,0.044375,0.0313721,16
10,36,UL,0,0,0,0
10,37,DL,0,0,0,0
10,37,UL,0,0,0,0
10,38,DL,0,0,0,0
10,38,UL,0,0,0,0
10,39,DL,0,0,0,0
10,39,UL,0,0,0,0
10,40,DL,0,0,0,0
10,40,UL,0,0,0,0
10,41,DL,0,0,0,0
10,41,UL,0,0,0,0
10,42,DL,0,0,0,0
10,42,UL,0,0,0,0
10,43,DL,0,0,0,0
10,43,UL,0,0,0,0
10,44,DL,0,0,0,0
10,44,UL,0,0,0,0
10,45,DL,0,0,0,0
10,45,UL,0,0,0,0
10,46,DL,0,0,0,0
10,46,UL,0,0,0,0
10,47,DL,0,0,0,0
10,47,UL,0,0,0,0
10,48,DL,0,0,0,0
10,48,UL,0,0,0,0
10,49,DL,0,0,0,0
10,49,UL,0,0,0,0
12,0,DL,0,0,0,0
12,0,UL,0,0,0,0
12,1,DL,0,0,0,0
12,1,UL,0,0,0,0
12,2,DL,0,0,0,0
12,2,UL,0,0,0,0
12,3,DL,0,0,0,0
12,3,UL,0,0,0,0
12,4,DL,0,0,0,0
12,4,UL,0,0,0,0
12,5,DL,0,0,0,0
12,5,UL,0,0,0,0
12,6,DL,0,0,0,0
12,6,UL,0,0,0,0
12,7,DL,0,0,0,0
12,7,UL,0,0,0,0
12,8,DL,0,0,0,0
12,8,UL,0,0,0,0
12,9,DL,0,0,0,0
12,9,UL,0,0,0,0
12,10,DL,0,0,0,0
12,10,UL,0,0,0,0
12,11,DL,0,0,0,0
12,11,UL,0,0,0,0
12,12,DL,0,0,0,0
12,12,UL,0,0,0,0
12,13,DL,0,0,0,0
12,13,UL,0,0,0,0
12,14,DL,0,0,0,0
12,14,UL,0,0,0,0
12,15,DL,0.0429965,0.0343103,0.113724,58
12,15,UL,0,0,0,0
12,16,DL,0,0,0,0
12,16,UL,0,0,0,0
12,17,DL,0,0,0,0
12,17,UL,0,0,0,0
12,18,DL,0,0,0,0
12,18,UL,0,0,0,0
12,19,DL,0,0,0,0
12,19,UL,0,0,0,0
12,20,DL,0,0,0,0
12,20,UL,0,0,0,0
12,21,DL,0,0,0,0
12,21,UL,0,0,0,0
12,22,DL,0,0,0,0
12,22,UL,0,0,0,0
12,23,DL,0,0,0,0
12,23,UL,0,0,0,0
12,24,DL,0.919889,0.211421,0.0745087,38
12,24,UL,0,0,0,0
12,25,DL,0,0,0,0
12,25,UL,0,0,0,0
12,26,DL,0,0,0,0
12,26,UL,0,0,0,0
12,27,DL,0,0,0,0
12,27,UL,0,0,0,0
12,28,DL,0,0,0,0
12,28,UL,0,0,0,0
12,29,DL,0,0,0,0
12,29,UL,0,0,0,0
12,30,DL,0,0,0,0
12,30,UL,0,0,0,0
12,31,DL,0,0,0,0
12,31,UL,0,0,0,0
12,32,DL,0,0,0,0
12,32,UL,0,0,0,0
12,33,DL,0,0,0,0
12,33,UL,0,0,0,0
12,34,DL,0,0,0,0
12,34,UL,0,0,0,0
12,35,DL,0,0,0,0
12,35,UL,0,0,0,0
12,36,DL,0,0,0,0
12,36,UL,0,0,0,0
12,37,DL,0,0,0,0
12,37,UL,0,0,0,0
12,38,DL,0,0,0,0
12,38,UL,0,0,0,0
12,39,DL,0,0,0,0
12,39,UL,0,0,0,0
12,40,DL,0,0,0,0
12,40,UL,0,0,0,0
12,41,DL,0,0,0,0
12,41,UL,0,0,0,0
12,42,DL,0,0,0,0
12,42,UL,0,0,0,0
12,43,DL,0,0,0,0
12,43,UL,0,0,0,0
12,44,DL,0,0,0,0
12,44,UL,0,0,0,0
12,45,DL,0,0,0,0
12,45,UL,0,0,0,0
12,46,DL,0,0,0,0
12,46,UL,0,0,0,0
12,47,DL,0,0,0,0
12,47,UL,0,0,0,0
12,48,DL,0,0,0,0
12,48,UL,0,0,0,0
12,49,DL,0,0,0,0
12,49,UL,0,0,0,0
14,0,DL,0,0,0,0
14,0,UL,0,0,0,0
14,1,DL,0,0,0,0
14,1,UL,0,0,0,0
14,2,DL,0,0,0,0
14,2,UL,0,0,0,0
14,3,DL,0,0,0,0
14,3,UL,0,0,0,0
14,4,DL,0,0,0,0
14,4,UL,0,0,0,0
14,5,DL,0,0,0,0
14,5,UL,0,0,0,0
14,6,DL,0,0,0,0
14,6,UL,0,0,0,0
14,7,DL,0,0,0,0
14,7,UL,0,0,0,0
14,8,DL,0,0,0,0
14,8,UL,0,0,0,0
14,9,DL,0,0,0,0
14,9,UL,0,0,0,0
14,10,DL,0,0,0,0
14,10,UL,0,0,0,0
14,11,DL,0,0,0,0
14,11,UL,0,0,0,0
14,12,DL,0,0,0,0
14,12,UL,0,0,0,0
14,13,DL,0,0,0,0
14,13,UL,0,0,0,0
14,14,DL,0,0,0,0
14,14,UL,0,0,0,0
14,15,DL,0.113178,0.0623922,0.199997,102
14,15,UL,0,0,0,0
14,16,DL,0,0,0,0
14,16,UL,0,0,0,0
14,17,DL,0,0,0,0
14,17,UL,0,0,0,0
14,18,DL,0,0,0,0
14,18,UL,0,0,0,0
14,19,DL,0,0,0,0
14,19,UL,0,0,0,0
14,20,DL,0,0,0,0
14,20,UL,0,0,0,0
14,21,DL,0,0,0,0
14,21,UL,0,0,0,0
14,22,DL,0,0,0,0
14,22,UL,0,0,0,0
14,23,DL,0.5126,0.1385,0.00784302,4
14,23,UL,0,0,0,0
14,24,DL,0,0,0,0
14,24,UL,0,0,0,0
14,25,DL,0,0,0,0
14,25,UL,0,0,0,0
14,26,DL,0,0,0,0
14,26,UL,0,0,0,0
14,27,DL,0,0,0,0
14,27,UL,0,0,0,0
14,28,DL,0,0,0,0
14,28,UL,0,0,0,0
14,29,DL,0,0,0,0
14,29,UL,0,0,0,0
14,30,DL,0,0,0,0
14,30,UL,0,0,0,0
14,31,DL,0,0,0,0
14,31,UL,0,0,0,0
14,32,DL,0,0,0,0
14,32,UL,0,0,0,0
14,33,DL,0,0,0,0
14,33,UL,0,0,0,0
14,34,DL,0,0,0,0
14,34,UL,0,0,0,0
14,35,DL,0,0,0,0
14,35,UL,0,0,0,0
14,36,DL,0,0,0,0
14,36,UL,0,0,0,0
14,37,DL,0,0,0,0
14,37,UL,0,0,0,0
14,38,DL,0,0,0,0
14,38,UL,0,0,0,0
14,39,DL,0,0,0,0
14,39,UL,0,0,0,0
14,40,DL,0,0,0,0
14,40,UL,0,0,0,0
14,41,DL,0,0,0,0
14,41,UL,0,0,0,0
14,42,DL,0,0,0,0
14,42,UL,0,0,0,0
14,43,DL,0,0,0,0
14,43,UL,0,0,0,0
14,44,DL,0,0,0,0
14,44,UL,0,0,0,0
14,45,DL,0,0,0,0
14,45,UL,0,0,0,0
14,46,DL,0,0,0,0
14,46,UL,0,0,0,0
14,47,DL,0,0,0,0
14,47,UL,0,0,0,0
14,48,DL,0,0,0,0
14,48,UL,0,0,0,0
14,49,DL,0,0,0,0
14,49,UL,0,0,0,0
16,0,DL,0,0,0,0
16,0,UL,0,0,0,0
16,1,DL,0,0,0,0
16,1,UL,0,0,0,0
16,2,DL,0,0,0,0
16,2,UL,0,0,0,0
16,3,DL,0,0,0,0
16,3,UL,0,0,0,0
16,4,DL,0,0,0,0
16,4,UL,0,0,0,0
16,5,DL,0,0,0,0
16,5,UL,0,0,0,0
16,6,DL,0,0,0,0
16,6,UL,0,0,0,0
16,7,DL,0,0,0,0
16,7,UL,0,0,0,0
16,8,DL,0,0,0,0
16,8,UL,0,0,0,0
16,9,DL,0,0,0,0
16,9,UL,0,0,0,0
16,10,DL,0,0,0,0
16,10,UL,0,0,0,0
16,11,DL,0,0,0,0
16,11,UL,0,0,0,0
16,12,DL,0,0,0,0
16,12,UL,0,0,0,0
16,13,DL,0,0,0,0
16,13,UL,0,0,0,0
16,14,DL,0,0,0,0
16,14,UL,0,0,0,0
16,15,DL,0.210377,0.0756809,0.184311,94
16,15,UL,0,0,0,0
16,16,DL,0,0,0,0
16,16,UL,0,0,0,0
16,17,DL,0.0864333,0.0146667,0.0117645,6
16,17,UL,0,0,0,0
16,18,DL,0,0,0,0
16,18,UL,0,0,0,0
16,19,DL,0,0,0,0
16,19,UL,0,0,0,0
16,20,DL,0,0,0,0
16,20,UL,0,0,0,0
16,21,DL,0,0,0,0
16,21,UL,0,0,0,0
16,22,DL,0,0,0,0
16,22,UL,0,0,0,0
16,23,DL,0,0,0,0
16,23,UL,0,0,0,0
16,24,DL,2.1775,0.4684,0.0392151,20
16,24,UL,0,0,0,0
16,25,DL,0,0,0,0
16,25,UL,0,0,0,0
16,26,DL,0,0,0,0
16,26,UL,0,0,0,0
16,27,DL,0,0,0,0
16,27,UL,0,0,0,0
16,28,DL,0,0,0,0
16,28,UL,0,0,0,0
16,29,DL,0,0,0,0
16,29,UL,0,0,0,0
16,30,DL,0,0,0,0
16,30,UL,0,0,0,0
16,31,DL,0,0,0,0
16,31,UL,0,0,0,0
16,32,DL,0,0,0,0
16,32,UL,0,0,0,0
16,33,DL,0,0,0,0
16,33,UL,0,0,0,0
16,34,DL,0,0,0,0
16,34,UL,0,0,0,0
16,35,DL,0,0,0,0
16,35,UL,0,0,0,0
16,36,DL,0,0,0,0
16,36,UL,0,0,0,0
16,37,DL,0,0,0,0
16,37,UL,0,0,0,0
16,38,DL,0,0,0,0
16,38,UL,0,0,0,0
16,39,DL,0.0806,0.028,0.0235291,12
16,39,UL,0,0,0,0
16,40,DL,0,0,0,0
16,40,UL,0,0,0,0
16,41,DL,0,0,0,0
16,41,UL,0,0,0,0
16,42,DL,0,0,0,0
16,42,UL,0,0,0,0
16,43,DL,0,0,0,0
16,43,UL,0,0,0,0
16,44,DL,0,0,0,0
16,44,UL,0,0,0,0
16,45,DL,0,0,0,0
16,45,UL,0,0,0,0
16,46,DL,0,0,0,0
16,46,UL,0,0,0,0
16,47,DL,0,0,0,0
16,47,UL,0,0,0,0
16,48,DL,0,0,0,0
16,48,UL,0,0,0,0
16,49,DL,0,0,0,0
16,49,UL,0,0,0,0
18,0,DL,0,0,0,0
18,0,UL,0,0,0,0
18,1,DL,0,0,0,0
18,1,UL,0,0,0,0
18,2,DL,0,0,0,0
18,2,UL,0,0,0,0
18,3,DL,0,0,0,0
18,3,UL,0,0,0,0
18,4,DL,0,0,0,0
18,4,UL,0,0,0,0
18,5,DL,0,0,0,0
18,5,UL,0,0,0,0
18,6,DL,0,0,0,0
18,6,UL,0,0,0,0
18,7,DL,0,0,0,0
18,7,UL,0,0,0,0
18,8,DL,0,0,0,0
18,8,UL,0,0,0,0
18,9,DL,0,0,0,0
18,9,UL,0,0,0,0
18,10,DL,0,0,0,0
18,10,UL,0,0,0,0
18,11,DL,0,0,0,0
18,11,UL,0,0,0,0
18,12,DL,0.11685,0.104,0.0313721,16
18,12,UL,0,0,0,0
18,13,DL,0,0,0,0
18,13,UL,0,0,0,0
18,14,DL,0,0,0,0
18,14,UL,0,0,0,0
18,15,DL,0.286544,0.0733333,0.0352936,18
18,15,UL,0,0,0,0
18,16,DL,0,0,0,0
18,16,UL,0,0,0,0
18,17,DL,0,0,0,0
18,17,UL,0,0,0,0
18,18,DL,0,0,0,0
18,18,UL,0,0,0,0
18,19,DL,0,0,0,0
18,19,UL,0,0,0,0
18,20,DL,0,0,0,0
18,20,UL,0,0,0,0
18,21,DL,0,0,0,0
18,21,UL,0,0,0,0
18,22,DL,0,0,0,0
18,22,UL,0,0,0,0
18,23,DL,0,0,0,0
18,23,UL,0,0,0,0
18,24,DL,0,0,0,0
18,24,UL,0,0,0,0
18,25,DL,0,0,0,0
18,25,UL,0,0,0,0
18,26,DL,0,0,0,0
18,26,UL,0,0,0,0
18,27,DL,0,0,0,0
18,27,UL,0,0,0,0
18,28,DL,0,0,0,0
18,28,UL,0,0,0,0
18,29,DL,0,0,0,0
18,29,UL,0,0,0,0
18,30,DL,0,0,0,0
18,30,UL,0,0,0,0
18,31,DL,0,0,0,0
18,31,UL,0,0,0,0
18,32,DL,0,0,0,0
18,32,UL,0,0,0,0
18,33,DL,0,0,0,0
18,33,UL,0,0,0,0
18,34,DL,0,0,0,0
18,34,UL,0,0,0,0
18,35,DL,0,0,0,0
18,35,UL,0,0,0,0
18,36,DL,0,0,0,0
18,36,UL,0,0,0,0
18,37,DL,0,0,0,0
18,37,UL,0,0,0,0
18,38,DL,0,0,0,0
18,38,UL,0,0,0,0
18,39,DL,0,0,0,0
18,39,UL,0,0,0,0
18,40,DL,0,0,0,0
18,40,UL,0,0,0,0
18,41,DL,0,0,0,0
18,41,UL,0,0,0,0
18,42,DL,0,0,0,0
18,42,UL,0,0,0,0
18,43,DL,0,0,0,0
18,43,UL,0,0,0,0
18,44,DL,0.0541,0.02,0.00784302,4
18,44,UL,0,0,0,0
18,45,DL,0,0,0,0
18,45,UL,0,0,0,0
18,46,DL,0,0,0,0
18,46,UL,0,0,0,0
18,47,DL,0,0,0,0
18,47,UL,0,0,0,0
18,48,DL,0,0,0,0
18,48,UL,0,0,0,0
18,49,DL,0,0,0,0
18,49,UL,0,0,0,0
20,0,DL,0,0,0,0
20,0,UL,0,0,0,0
20,1,DL,0,0,0,0
20,1,UL,0,0,0,0
20,2,DL,0,0,0,0
20,2,UL,0,0,0,0
20,3,DL,0,0,0,0
20,3,UL,0,0,0,0
20,4,DL,0,0,0,0
20,4,UL,0,0,0,0
20,5,DL,0,0,0,0
20,5,UL,0,0,0,0
20,6,DL,0,0,0,0
20,6,UL,0,0,0,0
20,7,DL,0,0,0,0
20,7,UL,0,0,0,0
20,8,DL,0.242485,0.0666154,0.0509796,26
20,8,UL,0,0,0,0
20,9,DL,0,0,0,0
20,9,UL,0,0,0,0
20,10,DL,0,0,0,0
20,10,UL,0,0,0,0
20,11,DL,0,0,0,0
20,11,UL,0,0,0,0
20,12,DL,0,0,0,0
20,12,UL,0,0,0,0
20,13,DL,0,0,0,0
20,13,UL,0,0,0,0
20,14,DL,0,0,0,0
20,14,UL,0,0,0,0
20,15,DL,0,0,0,0
20,15,UL,0,0,0,0
20,16,DL,0,0,0,0
20,16,UL,0,0,0,0
20,17,DL,0,0,0,0
20,17,UL,0,0,0,0
20,18,DL,0.239808,0.0922083,0.0941162,48
20,18,UL,0,0,0,0
20,19,DL,0,0,0,0
20,19,UL,0,0,0,0
20,20,DL,0,0,0,0
20,20,UL,0,0,0,0
20,21,DL,0,0,0,0
20,21,UL,0,0,0,0
20,22,DL,0,0,0,0
20,22,UL,0,0,0,0
20,23,DL,0,0,0,0
20,23,UL,0,0,0,0
20,24,DL,0,0,0,0
20,24,UL,0,0,0,0
20,25,DL,0,0,0,0
20,25,UL,0,0,0,0
20,26,DL,0,0,0,0
20,26,UL,0,0,0,0
20,27,DL,0,0,0,0
20,27,UL,0,0,0,0
20,28,DL,0,0,0,0
20,28,UL,0,0,0,0
20,29,DL,0,0,0,0
20,29,UL,0,0,0,0
20,30,DL,0,0,0,0
20,30,UL,0,0,0,0
20,31,DL,0,0,0,0
20,31,UL,0,0,0,0
20,32,DL,0,0,0,0
20,32,UL,0,0,0,0
20,33,DL,0,0,0,0
20,33,UL,0,0,0,0
20,34,DL,0,0,0,0
20,34,UL,0,0,0,0
20,35,DL,0,0,0,0
20,35,UL,0,0,0,0
20,36,DL,0,0,0,0
20,36,UL,0,0,0,0
20,37,DL,0,0,0,0
20,37,UL,0,0,0,0
20,38,DL,0,0,0,0
20,38,UL,0,0,0,0
20,39,DL,0,0,0,0
20,39,UL,0,0,0,0
20,40,DL,0,0,0,0
20,40,UL,0,0,0,0
20,41,DL,0,0,0,0
20,41,UL,0,0,0,0
20,42,DL,0,0,0,0
20,42,UL,0,0,0,0
20,43,DL,0,0,0,0
20,43,UL,0,0,0,0
20,44,DL,0,0,0,0
20,44,UL,0,0,0,0
20,45,DL,0,0,0,0
20,45,UL,0,0,0,0
20,46,DL,0,0,0,0
20,46,UL,0,0,0,0
20,47,DL,0,0,0,0
20,47,UL,0,0,0,0
20,48,DL,0,0,0,0
20,48,UL,0,0,0,0
20,49,DL,0,0,0,0
20,49,UL,0,0,0,0
22,0,DL,0,0,0,0
22,0,UL,0,0,0,0
22,1,DL,0,0,0,0
22,1,UL,0,0,0,0
22,2,DL,0,0,0,0
22,2,UL,0,0,0,0
22,3,DL,0,0,0,0
22,3,UL,0,0,0,0
22,4,DL,0,0,0,0
22,4,UL,0,0,0,0
22,5,DL,0,0,0,0
22,5,UL,0,0,0,0
22,6,DL,0,0,0,0
22,6,UL,0,0,0,0
22,7,DL,0,0,0,0
22,7,UL,0,0,0,0
22,8,DL,0,0,0,0
22,8,UL,0,0,0,0
22,9,DL,0.0246,0.0305,0.00784302,4
22,9,UL,0,0,0,0
22,10,DL,0,0,0,0
22,10,UL,0,0,0,0
22,11,DL,0,0,0,0
22,11,UL,0,0,0,0
22,12,DL,0,0,0,0
22,12,UL,0,0,0,0
22,13,DL,0.02235,0.012875,0.0313721,16
22,13,UL,0,0,0,0
22,14,DL,0,0,0,0
22,14,UL,0,0,0,0
22,15,DL,0,0,0,0
22,15,UL,0,0,0,0
22,16,DL,0,0,0,0
22,16,UL,0,0,0,0
22,17,DL,0,0,0,0
22,17,UL,0,0,0,0
22,18,DL,0,0,0,0
22,18,UL,0,0,0,0
22,19,DL,0,0,0,0
22,19,UL,0,0,0,0
22,20,DL,0,0,0,0
22,20,UL,0,0,0,0
22,21,DL,0,0,0,0
22,21,UL,0,0,0,0
22,22,DL,0,0,0,0
22,22,UL,0,0,0,0
22,23,DL,0,0,0,0
22,23,UL,0,0,0,0
22,24,DL,0,0,0,0
22,24,UL,0,0,0,0
22,25,DL,0,0,0,0
22,25,UL,0,0,0,0
22,26,DL,0,0,0,0
22,26,UL,0,0,0,0
22,27,DL,0.171398,0.0828929,0.0470581,24
22,27,UL,0,0,0,0
22,28,DL,0,0,0,0
22,28,UL,0,0,0,0
22,29,DL,0,0,0,0
22,29,UL,0,0,0,0
22,30,DL,0,0,0,0
22,30,UL,0,0,0,0
22,31,DL,0,0,0,0
22,31,UL,0,0,0,0
22,32,DL,0,0,0,0
22,32,UL,0,0,0,0
22,33,DL,0,0,0,0
22,33,UL,0,0,0,0
22,34,DL,0,0,0,0
22,34,UL,0,0,0,0
22,35,DL,0,0,0,0
22,35,UL,0,0,0,0
22,36,DL,0,0,0,0
22,36,UL,0,0,0,0
22,37,DL,0,0,0,0
22,37,UL,0,0,0,0
22,38,DL,0,0,0,0
22,38,UL,0,0,0,0
22,39,DL,0,0,0,0
22,39,UL,0,0,0,0
22,40,DL,0,0,0,0
22,40,UL,0,0,0,0
22,41,DL,0,0,0,0
22,41,UL,0,0,0,0
22,42,DL,0,0,0,0
22,42,UL,0,0,0,0
22,43,DL,0,0,0,0
22,43,UL,0,0,0,0
22,44,DL,0,0,0,0
22,44,UL,0,0,0,0
22,45,DL,0,0,0,0
22,45,UL,0,0,0,0
22,46,DL,0,0,0,0
22,46,UL,0,0,0,0
22,47,DL,0,0,0,0
22,47,UL,0,0,0,0
22,48,DL,0,0,0,0
22,48,UL,0,0,0,0
22,49,DL,0,0,0,0
22,49,UL,0,0,0,0
24,0,DL,0,0,0,0
24,0,UL,0,0,0,0
24,1,DL,0,0,0,0
24,1,UL,0,0,0,0
24,2,DL,0,0,0,0
24,2,UL,0,0,0,0
24,3,DL,0,0,0,0
24,3,UL,0,0,0,0
24,4,DL,0,0,0,0
24,4,UL,0,0,0,0
24,5,DL,0,0,0,0
24,5,UL,0,0,0,0
24,6,DL,0,0,0,0
24,6,UL,0,0,0,0
24,7,DL,0,0,0,0
24,7,UL,0,0,0,0
24,8,DL,0.074916,0.0546364,0.12941,66
24,8,UL,0,0,0,0
24,9,DL,0,0,0,0
24,9,UL,0,0,0,0
24,10,DL,0.0405444,0.0733333,0.0352936,18
24,10,UL,0,0,0,0
24,11,DL,0,0,0,0
24,11,UL,0,0,0,0
24,12,DL,0,0,0,0
24,12,UL,0,0,0,0
24,13,DL,0,0,0,0
24,13,UL,0,0,0,0
24,14,DL,0,0,0,0
24,14,UL,0,0,0,0
24,15,DL,0,0,0,0
24,15,UL,0,0,0,0
24,16,DL,0,0,0,0
24,16,UL,0,0,0,0
24,17,DL,0,0,0,0
24,17,UL,0,0,0,0
24,18,DL,0,0,0,0
24,18,UL,0,0,0,0
24,19,DL,0,0,0,0
24,19,UL,0,0,0,0
24,20,DL,0,0,0,0
24,20,UL,0,0,0,0
24,21,DL,0,0,0,0
24,21,UL,0,0,0,0
24,22,DL,0,0,0,0
24,22,UL,0,0,0,0
24,23,DL,0,0,0,0
24,23,UL,0,0,0,0
24,24,DL,0,0,0,0
24,24,UL,0,0,0,0
24,25,DL,0,0,0,0
24,25,UL,0,0,0,0
24,26,DL,0,0,0,0
24,26,UL,0,0,0,0
24,27,DL,0,0,0,0
24,27,UL,0,0,0,0
24,28,DL,0,0,0,0
24,28,UL,0,0,0,0
24,29,DL,0.3589,0.07405,0.0784302,40
24,29,UL,0,0,0,0
24,30,DL,0,0,0,0
24,30,UL,0,0,0,0
24,31,DL,0,0,0,0
24,31,UL,0,0,0,0
24,32,DL,0,0,0,0
24,32,UL,0,0,0,0
24,33,DL,0,0,0,0
24,33,UL,0,0,0,0
24,34,DL,0,0,0,0
24,34,UL,0,0,0,0
24,35,DL,0,0,0,0
24,35,UL,0,0,0,0
24,36,DL,0,0,0,0
24,36,UL,0,0,0,0
24,37,DL,0,0,0,0
24,37,UL,0,0,0,0
24,38,DL,0,0,0,0
24,38,UL,0,0,0,0
24,39,DL,0,0,0,0
24,39,UL,0,0,0,0
24,40,DL,0,0,0,0
24,40,UL,0,0,0,0
24,41,DL,0,0,0,0
24,41,UL,0,0,0,0
24,42,DL,0,0,0,0
24,42,UL,0,0,0,0
24,43,DL,0,0,0,0
24,43,UL,0,0,0,0
24,44,DL,0,0,0,0
24,44,UL,0,0,0,0
24,45,DL,0,0,0,0
24,45,UL,0,0,0,0
24,46,DL,0,0,0,0
24,46,UL,0,0,0,0
24,47,DL,0,0,0,0
24,47,UL,0,0,0,0
24,48,DL,0,0,0,0
24,48,UL,0,0,0,0
24,49,DL,0,0,0,0
24,49,UL,0,0,0,0
26,0,DL,0,0,0,0
26,0,UL,0,0,0,0
26,1,DL,0,0,0,0
26,1,UL,0,0,0,0
26,2,DL,1.9861,1.982,0.00392151,2
26,2,UL,0,0,0,0
26,3,DL,0,0,0,0
26,3,UL,0,0,0,0
26,4,DL,0,0,0,0
26,4,UL,0,0,0,0
26,5,DL,0,0,0,0
26,5,UL,0,0,0,0
26,6,DL,0,0,0,0
26,6,UL,0,0,0,0
26,7,DL,0,0,0,0
26,7,UL,0,0,0,0
26,8,DL,0.24192,0.0669318,0.172546,88
26,8,UL,0,0,0,0
26,9,DL,0,0,0,0
26,9,UL,0,0,0,0
26,10,DL,0,0,0,0
26,10,UL,0,0,0,0
26,11,DL,0,0,0,0
26,11,UL,0,0,0,0
26,12,DL,0,0,0,0
26,12,UL,0,0,0,0
26,13,DL,0,0,0,0
26,13,UL,0,0,0,0
26,14,DL,0,0,0,0
26,14,UL,0,0,0,0
26,15,DL,0,0,0,0
26,15,UL,0,0,0,0
26,16,DL,0,0,0,0
26,16,UL,0,0,0,0
26,17,DL,0,0,0,0
26,17,UL,0,0,0,0
26,18,DL,0,0,0,0
26,18,UL,0,0,0,0
26,19,DL,0,0,0,0
26,19,UL,0,0,0,0
26,20,DL,0,0,0,0
26,20,UL,0,0,0,0
26,21,DL,0,0,0,0
26,21,UL,0,0,0,0
26,22,DL,0,0,0,0
26,22,UL,0,0,0,0
26,23,DL,0,0,0,0
26,23,UL,0,0,0,0
26,24,DL,0,0,0,0
26,24,UL,0,0,0,0
26,25,DL,0,0,0,0
26,25,UL,0,0,0,0
26,26,DL,0,0,0,0
26,26,UL,0,0,0,0
26,27,DL,0,0,0,0
26,27,UL,0,0,0,0
26,28,DL,0,0,0,0
26,28,UL,0,0,0,0
26,29,DL,0,0,0,0
26,29,UL,0,0,0,0
26,30,DL,0.0564333,0.0441111,0.0352936,18
26,30,UL,0,0,0,0
26,31,DL,0,0,0,0
26,31,UL,0,0,0,0
26,32,DL,0,0,0,0
26,32,UL,0,0,0,0
26,33,DL,0,0,0,0
26,33,UL,0,0,0,0
26,34,DL,0,0,0,0
26,34,UL,0,0,0,0
26,35,DL,0,0,0,0
26,35,UL,0,0,0,0
26,36,DL,0,0,0,0
26,36,UL,0,0,0,0
26,37,DL,0,0,0,0
26,37,UL,0,0,0,0
26,38,DL,0,0,0,0
26,38,UL,0,0,0,0
26,39,DL,0,0,0,0
26,39,UL,0,0,0,0
26,40,DL,0,0,0,0
26,40,UL,0,0,0,0
26,41,DL,0,0,0,0
26,41,UL,0,0,0,0
26,42,DL,0,0,0,0
26,42,UL,0,0,0,0
26,43,DL,0,0,0,0
26,43,UL,0,0,0,0
26,44,DL,0,0,0,0
26,44,UL,0,0,0,0
26,45,DL,0,0,0,0
26,45,UL,0,0,0,0
26,46,DL,0,0,0,0
26,46,UL,0,0,0,0
26,47,DL,0,0,0,0
26,47,UL,0,0,0,0
26,48,DL,0,0,0,0
26,48,UL,0,0,0,0
26,49,DL,0,0,0,0
26,49,UL,0,0,0,0
28,0,DL,0.315784,0.0664737,0.0745087,38
28,0,UL,0,0,0,0
28,1,DL,0,0,0,0
28,1,UL,0,0,0,0
28,2,DL,0.0511,0.183429,0.0549011,28
28,2,UL,0,0,0,0
28,3,DL,0,0,0,0
28,3,UL,0,0,0,0
28,4,DL,0,0,0,0
28,4,UL,0,0,0,0
28,5,DL,0,0,0,0
28,5,UL,0,0,0,0
28,6,DL,0,0,0,0
28,6,UL,0,0,0,0
28,7,DL,0,0,0,0
28,7,UL,0,0,0,0
28,8,DL,0.324547,0.0772564,0.152939,78
28,8,UL,0,0,0,0
28,9,DL,0,0,0,0
28,9,UL,0,0,0,0
28,10,DL,0,0,0,0
28,10,UL,0,0,0,0
28,11,DL,0,0,0,0
28,11,UL,0,0,0,0
28,12,DL,0,0,0,0
28,12,UL,0,0,0,0
28,13,DL,0,0,0,0
28,13,UL,0,0,0,0
28,14,DL,0,0,0,0
28,14,UL,0,0,0,0
28,15,DL,0,0,0,0
28,15,UL,0,0,0,0
28,16,DL,0,0,0,0
28,16,UL,0,0,0,0
28,17,DL,0,0,0,0
28,17,UL,0,0,0,0
28,18,DL,0,0,0,0
28,18,UL,0,0,0,0
28,19,DL,0,0,0,0
28,19,UL,0,0,0,0
28,20,DL,0,0,0,0
28,20,UL,0,0,0,0
28,21,DL,0,0,0,0
28,21,UL,0,0,0,0
28,22,DL,0,0,0,0
28,22,UL,0,0,0,0
28,23,DL,0,0,0,0
28,23,UL,0,0,0,0
28,24,DL,0,0,0,0
28,24,UL,0,0,0,0
28,25,DL,0,0,0,0
28,25,UL,0,0,0,0
28,26,DL,0,0,0,0
28,26,UL,0,0,0,0
28,27,DL,0,0,0,0
28,27,UL,0,0,0,0
28,28,DL,0,0,0,0
28,28,UL,0,0,0,0
28,29,DL,0,0,0,0
28,29,UL,0,0,0,0
28,30,DL,0,0,0,0
28,30,UL,0,0,0,0
28,31,DL,0,0,0,0
28,31,UL,0,0,0,0
28,32,DL,0,0,0,0
28,32,UL,0,0,0,0
28,33,DL,0,0,0,0
28,33,UL,0,0,0,0
28,34,DL,0,0,0,0
28,34,UL,0,0,0,0
28,35,DL,0,0,0,0
28,35,UL,0,0,0,0
28,36,DL,0,0,0,0
28,36,UL,0,0,0,0
28,37,DL,0,0,0,0
28,37,UL,0,0,0,0
28,38,DL,0,0,0,0
28,38,UL,0,0,0,0
28,39,DL,0,0,0,0
28,39,UL,0,0,0,0
28,40,DL,0,0,0,0
28,40,UL,0,0,0,0
28,41,DL,0,0,0,0
28,41,UL,0,0,0,0
28,42,DL,0,0,0,0
28,42,UL,0,0,0,0
28,43,DL,0,0,0,0
28,43,UL,0,0,0,0
28,44,DL,0,0,0,0
28,44,UL,0,0,0,0
28,45,DL,0,0,0,0
28,45,UL,0,0,0,0
28,46,DL,0,0,0,0
28,46,UL,0,0,0,0
28,47,DL,0,0,0,0
28,47,UL,0,0,0,0
28,48,DL,0,0,0,0
28,48,UL,0,0,0,0
28,49,DL,0,0,0,0
28,49,UL,0,0,0,0
30,0,DL,0,0,0,0
30,0,UL,0,0,0,0
30,1,DL,0,0,0,0
30,1,UL,0,0,0,0
30,2,DL,0,0,0,0
30,2,UL,0,0,0,0
30,3,DL,0,0,0,0
30,3,UL,0,0,0,0
30,4,DL,0,0,0,0
30,4,UL,0,0,0,0
30,5,DL,0,0,0,0
30,5,UL,0,0,0,0
30,6,DL,0,0,0,0
30,6,UL,0,0,0,0
30,7,DL,0,0,0,0
30,7,UL,0,0,0,0
30,8,DL,0,0,0,0
30,8,UL,0,0,0,0
30,9,DL,0,0,0,0
30,9,UL,0,0,0,0
30,10,DL,0,0,0,0
30,10,UL,0,0,0,0
30,11,DL,0,0,0,0
30,11,UL,0,0,0,0
30,12,DL,0.0970697,0.0674242,0.12941,66
30,12,UL,0,0,0,0
30,13,DL,0,0,0,0
30,13,UL,0,0,0,0
30,14,DL,0,0,0,0
30,14,UL,0,0,0,0
30,15,DL,0,0,0,0
30,15,UL,0,0,0,0
30,16,DL,0,0,0,0
30,16,UL,0,0,0,0
30,17,DL,0,0,0,0
30,17,UL,0,0,0,0
30,18,DL,0,0,0,0
30,18,UL,0,0,0,0
30,19,DL,0,0,0,0
30,19,UL,0,0,0,0
30,20,DL,0,0,0,0
30,20,UL,0,0,0,0
30,21,DL,0,0,0,0
30,21,UL,0,0,0,0
30,22,DL,0,0,0,0
30,22,UL,0,0,0,0
30,23,DL,0.10514,0.07048,0.0980377,50
30,23,UL,0,0,0,0
30,24,DL,0,0,0,0
30,24,UL,0,0,0,0
30,25,DL,0,0,0,0
30,25,UL,0,0,0,0
30,26,DL,0,0,0,0
30,26,UL,0,0,0,0
30,27,DL,0,0,0,0
30,27,UL,0,0,0,0
30,28,DL,0,0,0,0
30,28,UL,0,0,0,0
30,29,DL,0,0,0,0
30,29,UL,0,0,0,0
30,30,DL,0,0,0,0
30,30,UL,0,0,0,0
30,31,DL,0,0,0,0
30,31,UL,0,0,0,0
30,32,DL,0,0,0,0
30,32,UL,0,0,0,0
30,33,DL,0,0,0,0
30,33,UL,0,0,0,0
30,34,DL,0,0,0,0
30,34,UL,0,0,0,0
30,35,DL,0,0,0,0
30,35,UL,0,0,0,0
30,36,DL,0,0,0,0
30,36,UL,0,0,0,0
30,37,DL,0,0,0,0
30,37,UL,0,0,0,0
30,38,DL,0,0,0,0
30,38,UL,0,0,0,0
30,39,DL,0,0,0,0
30,39,UL,0,0,0,0
30,40,DL,0,0,0,0
30,40,UL,0,0,0,0
30,41,DL,0,0,0,0
30,41,UL,0,0,0,0
30,42,DL,0,0,0,0
30,42,UL,0,0,0,0
30,43,DL,0,0,0,0
30,43,UL,0,0,0,0
30,44,DL,0,0,0,0
30,44,UL,0,0,0,0
30,45,DL,0,0,0,0
30,45,UL,0,0,0,0
30,46,DL,0,0,0,0
30,46,UL,0,0,0,0
30,47,DL,0,0,0,0
30,47,UL,0,0,0,0
30,48,DL,0,0,0,0
30,48,UL,0,0,0,0
30,49,DL,0,0,0,0
30,49,UL,0,0,0,0
32,0,DL,0,0,0,0
32,0,UL,0,0,0,0
32,1,DL,0,0,0,0
32,1,UL,0,0,0,0
32,2,DL,0,0,0,0
32,2,UL,0,0,0,0
32,3,DL,0,0,0,0
32,3,UL,0,0,0,0
32,4,DL,0,0,0,0
32,4,UL,0,0,0,0
32,5,DL,0,0,0,0
32,5,UL,0,0,0,0
32,6,DL,0,0,0,0
32,6,UL,0,0,0,0
32,7,DL,0,0,0,0
32,7,UL,0,0,0,0
32,8,DL,0,0,0,0
32,8,UL,0,0,0,0
32,9,DL,0,0,0,0
32,9,UL,0,0,0,0
32,10,DL,0,0,0,0
32,10,UL,0,0,0,0
32,11,DL,0,0,0,0
32,11,UL,0,0,0,0
32,12,DL,0.315975,0.083125,0.125488,64
32,12,UL,0,0,0,0
32,13,DL,0,0,0,0
32,13,UL,0,0,0,0
32,14,DL,0,0,0,0
32,14,UL,0,0,0,0
32,15,DL,0,0,0,0
32,15,UL,0,0,0,0
32,16,DL,0,0,0,0
32,16,UL,0,0,0,0
32,17,DL,0,0,0,0
32,17,UL,0,0,0,0
32,18,DL,0,0,0,0
32,18,UL,0,0,0,0
32,19,DL,0,0,0,0
32,19,UL,0,0,0,0
32,20,DL,0,0,0,0
32,20,UL,0,0,0,0
32,21,DL,0,0,0,0
32,21,UL,0,0,0,0
32,22,DL,0,0,0,0
32,22,UL,0,0,0,0
32,23,DL,0.335962,0.0713793,0.113724,58
32,23,UL,0,0,0,0
32,24,DL,0,0,0,0
32,24,UL,0,0,0,0
32,25,DL,0,0,0,0
32,25,UL,0,0,0,0
32,26,DL,0,0,0,0
32,26,UL,0,0,0,0
32,27,DL,0,0,0,0
32,27,UL,0,0,0,0
32,28,DL,0,0,0,0
32,28,UL,0,0,0,0
32,29,DL,0,0,0,0
32,29,UL,0,0,0,0
32,30,DL,0.291562,0.0488462,0.101959,52
32,30,UL,0,0,0,0
32,31,DL,0,0,0,0
32,31,UL,0,0,0,0
32,32,DL,0,0,0,0
32,32,UL,0,0,0,0
32,33,DL,0,0,0,0
32,33,UL,0,0,0,0
32,34,DL,0.0131,0.01,0.00392151,2
32,34,UL,0,0,0,0
32,35,DL,0,0,0,0
32,35,UL,0,0,0,0
32,36,DL,0,0,0,0
32,36,UL,0,0,0,0
32,37,DL,0.130869,0.0533352,0.0509796,26
32,37,UL,0,0,0,0
32,38,DL,0,0,0,0
32,38,UL,0,0,0,0
32,39,DL,0,0,0,0
32,39,UL,0,0,0,0
32,40,DL,0,0,0,0
32,40,UL,0,0,0,0
32,41,DL,0,0,0,0
32,41,UL,0,0,0,0
32,42,DL,0,0,0,0
32,42,UL,0,0,0,0
32,43,DL,0.281767,0.09,0.0235291,12
32,43,UL,0,0,0,0
32,44,DL,0,0,0,0
32,44,UL,0,0,0,0
32,45,DL,0,0,0,0
32,45,UL,0,0,0,0
32,46,DL,0,0,0,0
32,46,UL,0,0,0,0
32,47,DL,0,0,0,0
32,47,UL,0,0,0,0
32,48,DL,0,0,0,0
32,48,UL,0,0,0,0
32,49,DL,0,0,0,0
32,49,UL,0,0,0,0
34,0,DL,0,0,0,0
34,0,UL,0,0,0,0
34,1,DL,0,0,0,0
34,1,UL,0,0,0,0
34,2,DL,0,0,0,0
34,2,UL,0,0,0,0
34,3,DL,0,0,0,0
34,3,UL,0,0,0,0
34,4,DL,0,0,0,0
34,4,UL,0,0,0,0
34,5,DL,0,0,0,0
34,5,UL,0,0,0,0
34,6,DL,0,0,0,0
34,6,UL,0,0,0,0
34,7,DL,0,0,0,0
34,7,UL,0,0,0,0
34,8,DL,0,0,0,0
34,8,UL,0,0,0,0
34,9,DL,0,0,0,0
34,9,UL,0,0,0,0
34,10,DL,0,0,0,0
34,10,UL,0,0,0,0
34,11,DL,0.1443,0.0356,0.0392151,20
34,11,UL,0,0,0,0
34,12,DL,0,0,0,0
34,12,UL,0,0,0,0
34,13,DL,0,0,0,0
34,13,UL,0,0,0,0
34,14,DL,0,0,0,0
34,14,UL,0,0,0,0
34,15,DL,0,0,0,0
34,15,UL,0,0,0,0
34,16,DL,0,0,0,0
34,16,UL,0,0,0,0
34,17,DL,0.0884333,0.0496667,0.0235291,12
34,17,UL,0,0,0,0
34,18,DL,0,0,0,0
34,18,UL,0,0,0,0
34,19,DL,0,0,0,0
34,19,UL,0,0,0,0
34,20,DL,0,0,0,0
34,20,UL,0,0,0,0
34,21,DL,0,0,0,0
34,21,UL,0,0,0,0
34,22,DL,0,0,0,0
34,22,UL,0,0,0,0
34,23,DL,0,0,0,0
34,23,UL,0,0,0,0
34,24,DL,0,0,0,0
34,24,UL,0,0,0,0
34,25,DL,0,0,0,0
34,25,UL,0,0,0,0
34,26,DL,0,0,0,0
34,26,UL,0,0,0,0
34,27,DL,0,0,0,0
34,27,UL,0,0,0,0
34,28,DL,0,0,0,0
34,28,UL,0,0,0,0
34,29,DL,0,0,0,0
34,29,UL,0,0,0,0
34,30,DL,0.649624,0.0877619,0.0823517,42
34,30,UL,0,0,0,0
34,31,DL,0,0,0,0
34,31,UL,0,0,0,0
34,32,DL,0,0,0,0
34,32,UL,0,0,0,0
34,33,DL,0,0,0,0
34,33,UL,0,0,0,0
34,34,DL,0,0,0,0
34,34,UL,0,0,0,0
34,35,DL,0,0,0,0
34,35,UL,0,0,0,0
34,36,DL,0,0,0,0
34,36,UL,0,0,0,0
34,37,DL,0,0,0,0
34,37,UL,0,0,0,0
34,38,DL,0,0,0,0
34,38,UL,0,0,0,0
34,39,DL,0,0,0,0
34,39,UL,0,0,0,0
34,40,DL,0,0,0,0
34,40,UL,0,0,0,0
34,41,DL,0,0,0,0
34,41,UL,0,0,0,0
34,42,DL,0,0,0,0
34,42,UL,0,0,0,0
34,43,DL,0,0,0,0
34,43,UL,0,0,0,0
34,44,DL,0,0,0,0
34,44,UL,0,0,0,0
34,45,DL,0,0,0,0
34,45,UL,0,0,0,0
34,46,DL,0,0,0,0
34,46,UL,0,0,0,0
34,47,DL,0,0,0,0
34,47,UL,0,0,0,0
34,48,DL,0,0,0,0
34,48,UL,0,0,0,0
34,49,DL,0,0,0,0
34,49,UL,0,0,0,0
36,0,DL,0,0,0,0
36,0,UL,0,0,0,0
36,1,DL,0,0,0,0
36,1,UL,0,0,0,0
36,2,DL,0,0,0,0
36,2,UL,0,0,0,0
36,3,DL,0,0,0,0
36,3,UL,0,0,0,0
36,4,DL,0,0,0,0
36,4,UL,0,0,0,0
36,5,DL,0,0,0,0
36,5,UL,0,0,0,0
36,6,DL,0,0,0,0
36,6,UL,0,0,0,0
36,7,DL,0,0,0,0
36,7,UL,0,0,0,0
36,8,DL,0,0,0,0
36,8,UL,0,0,0,0
36,9,DL,0,0,0,0
36,9,UL,0,0,0,0
36,10,DL,0,0,0,0
36,10,UL,0,0,0,0
36,11,DL,0,0,0,0
36,11,UL,0,0,0,0
36,12,DL,0,0,0,0
36,12,UL,0,0,0,0
36,13,DL,0,0,0,0
36,13,UL,0,0,0,0
36,14,DL,0,0,0,0
36,14,UL,0,0,0,0
36,15,DL,0,0,0,0
36,15,UL,0,0,0,0
36,16,DL,0,0,0,0
36,16,UL,0,0,0,0
36,17,DL,0,0,0,0
36,17,UL,0,0,0,0
36,18,DL,0,0,0,0
36,18,UL,0,0,0,0
36,19,DL,0,0,0,0
36,19,UL,0,0,0,0
36,20,DL,0,0,0,0
36,20,UL,0,0,0,0
36,21,DL,0,0,0,0
36,21,UL,0,0,0,0
36,22,DL,0,0,0,0
36,22,UL,0,0,0,0
36,23,DL,0,0,0,0
36,23,UL,0,0,0,0
36,24,DL,0,0,0,0
36,24,UL,0,0,0,0
36,25,DL,0,0,0,0
36,25,UL,0,0,0,0
36,26,DL,0,0,0,0
36,26,UL,0,0,0,0
36,27,DL,0,0,0,0
36,27,UL,0,0,0,0
36,28,DL,0,0,0,0
36,28,UL,0,0,0,0
36,29,DL,0.0697122,0.0379286,0.0274506,14
36,29,UL,0,0,0,0
36,30,DL,0,0,0,0
36,30,UL,0,0,0,0
36,31,DL,0,0,0,0
36,31,UL,0,0,0,0
36,32,DL,0,0,0,0
36,32,UL,0,0,0,0
36,33,DL,0,0,0,0
36,33,UL,0,0,0,0
36,34,DL,0,0,0,0
36,34,UL,0,0,0,0
36,35,DL,0,0,0,0
36,35,UL,0,0,0,0
36,36,DL,0,0,0,0
36,36,UL,0,0,0,0
36,37,DL,0,0,0,0
36,37,UL,0,0,0,0
36,38,DL,0,0,0,0
36,38,UL,0,0,0,0
36,39,DL,0,0,0,0
36,39,UL,0,0,0,0
36,40,DL,0,0,0,0
36,40,UL,0,0,0,0
36,41,DL,0,0,0,0
36,41,UL,0,0,0,0
36,42,DL,0,0,0,0
36,42,UL,0,0,0,0
36,43,DL,0,0,0,0
36,43,UL,0,0,0,0
36,44,DL,0,0,0,0
36,44,UL,0,0,0,0
36,45,DL,0,0,0,0
36,45,UL,0,0,0,0
36,46,DL,0,0,0,0
36,46,UL,0,0,0,0
36,47,DL,0,0,0,0
36,47,UL,0,0,0,0
36,48,DL,0,0,0,0
36,48,UL,0,0,0,0
36,49,DL,0,0,0,0
36,49,UL,0,0,0,0
38,0,DL,0,0,0,0
38,0,UL,0,0,0,0
38,1,DL,0,0,0,0
38,1,UL,0,0,0,0
38,2,DL,0,0,0,0
38,2,UL,0,0,0,0
38,3,DL,0,0,0,0
38,3,UL,0,0,0,0
38,4,DL,0,0,0,0
38,4,UL,0,0,0,0
38,5,DL,0,0,0,0
38,5,UL,0,0,0,0
38,6,DL,0,0,0,0
38,6,UL,0,0,0,0
38,7,DL,0,0,0,0
38,7,UL,0,0,0,0
38,8,DL,0,0,0,0
38,8,UL,0,0,0,0
38,9,DL,0,0,0,0
38,9,UL,0,0,0,0
38,10,DL,0,0,0,0
38,10,UL,0,0,0,0
38,11,DL,0,0,0,0
38,11,UL,0,0,0,0
38,12,DL,0,0,0,0
38,12,UL,0,0,0,0
38,13,DL,0,0,0,0
38,13,UL,0,0,0,0
38,14,DL,0,0,0,0
38,14,UL,0,0,0,0
38,15,DL,0,0,0,0
38,15,UL,0,0,0,0
38,16,DL,0,0,0,0
38,16,UL,0,0,0,0
38,17,DL,0,0,0,0
38,17,UL,0,0,0,0
38,18,DL,0,0,0,0
38,18,UL,0,0,0,0
38,19,DL,0,0,0,0
38,19,UL,0,0,0,0
38,20,DL,0,0,0,0
38,20,UL,0,0,0,0
38,21,DL,0,0,0,0
38,21,UL,0,0,0,0
38,22,DL,0,0,0,0
38,22,UL,0,0,0,0
38,23,DL,0,0,0,0
38,23,UL,0,0,0,0
38,24,DL,0,0,0,0
38,24,UL,0,0,0,0
38,25,DL,0,0,0,0
38,25,UL,0,0,0,0
38,26,DL,0,0,0,0
38,26,UL,0,0,0,0
38,27,DL,0,0,0,0
38,27,UL,0,0,0,0
38,28,DL,0,0,0,0
38,28,UL,0,0,0,0
38,29,DL,0,0,0,0
38,29,UL,0,0,0,0
38,30,DL,0,0,0,0
38,30,UL,0,0,0,0
38,31,DL,0,0,0,0
38,31,UL,0,0,0,0
38,32,DL,0,0,0,0
38,32,UL,0,0,0,0
38,33,DL,0,0,0,0
38,33,UL,0,0,0,0
38,34,DL,0,0,0,0
38,34,UL,0,0,0,0
38,35,DL,0,0,0,0
38,35,UL,0,0,0,0
38,36,DL,0,0,0,0
38,36,UL,0,0,0,0
38,37,DL,0,0,0,0
38,37,UL,0,0,0,0
38,38,DL,0,0,0,0
38,38,UL,0,0,0,0
38,39,DL,0,0,0,0
38,39,UL,0,0,0,0
38,40,DL,0,0,0,0
38,40,UL,0,0,0,0
38,41,DL,0,0,0,0
38,41,UL,0,0,0,0
38,42,DL,0,0,0,0
38,42,UL,0,0,0,0
38,43,DL,0,0,0,0
38,43,UL,0,0,0,0
38,44,DL,0,0,0,0
38,44,UL,0,0,0,0
38,45,DL,0,0,0,0
38,45,UL,0,0,0,0
38,46,DL,0,0,0,0
38,46,UL,0,0,0,0
38,47,DL,0,0,0,0
38,47,UL,0,0,0,0
38,48,DL,0,0,0,0
38,48,UL,0,0,0,0
38,49,DL,0,0,0,0
38,49,UL,0,0,0,0
40,0,DL,0,0,0,0
40,0,UL,0,0,0,0
40,1,DL,0,0,0,0
40,1,UL,0,0,0,0
40,2,DL,0,0,0,0
40,2,UL,0,0,0,0
40,3,DL,0,0,0,0
40,3,UL,0,0,0,0
40,4,DL,0,0,0,0
40,4,UL,0,0,0,0
40,5,DL,0,0,0,0
40,5,UL,0,0,0,0
40,6,DL,0,0,0,0
40,6,UL,0,0,0,0
40,7,DL,0,0,0,0
40,7,UL,0,0,0,0
40,8,DL,0,0,0,0
40,8,UL,0,0,0,0
40,9,DL,0,0,0,0
40,9,UL,0,0,0,0
40,10,DL,0,0,0,0
40,10,UL,0,0,0,0
40,11,DL,0,0,0,0
40,11,UL,0,0,0,0
40,12,DL,0,0,0,0
40,12,UL,0,0,0,0
40,13,DL,0,0,0,0
40,13,UL,0,0,0,0
40,14,DL,0,0,0,0
40,14,UL,0,0,0,0
40,15,DL,0,0,0,0
40,15,UL,0,0,0,0
40,16,DL,0,0,0,0
40,16,UL,0,0,0,0
40,17,DL,0,0,0,0
40,17,UL,0,0,0,0
40,18,DL,0,0,0,0
40,18,UL,0,0,0,0
40,19,DL,0,0,0,0
40,19,UL,0,0,0,0
40,20,DL,0,0,0,0
40,20,UL,0,0,0,0
40,21,DL,0,0,0,0
40,21,UL,0,0,0,0
40,22,DL,0,0,0,0
40,22,UL,0,0,0,0
40,23,DL,0.0913714,0.0879286,0.0196075,10
40,23,UL,0,0,0,0
40,24,DL,0,0,0,0
40,24,UL,0,0,0,0
40,25,DL,0,0,0,0
40,25,UL,0,0,0,0
40,26,DL,0,0,0,0
40,26,UL,0,0,0,0
40,27,DL,0,0,0,0
40,27,UL,0,0,0,0
40,28,DL,0,0,0,0
40,28,UL,0,0,0,0
40,29,DL,0.11095,0.053125,0.0784302,40
40,29,UL,0,0,0,0
40,30,DL,0,0,0,0
40,30,UL,0,0,0,0
40,31,DL,0,0,0,0
40,31,UL,0,0,0,0
40,32,DL,0,0,0,0
40,32,UL,0,0,0,0
40,33,DL,0,0,0,0
40,33,UL,0,0,0,0
40,34,DL,0,0,0,0
40,34,UL,0,0,0,0
40,35,DL,0,0,0,0
40,35,UL,0,0,0,0
40,36,DL,0,0,0,0
40,36,UL,0,0,0,0
40,37,DL,0.192205,0.0668233,0.0745087,38
40,37,UL,0,0,0,0
40,38,DL,0,0,0,0
40,38,UL,0,0,0,0
40,39,DL,0,0,0,0
40,39,UL,0,0,0,0
40,40,DL,0,0,0,0
40,40,UL,0,0,0,0
40,41,DL,0,0,0,0
40,41,UL,0,0,0,0
40,42,DL,0,0,0,0
40,42,UL,0,0,0,0
40,43,DL,0,0,0,0
40,43,UL,0,0,0,0
40,44,DL,0,0,0,0
40,44,UL,0,0,0,0
40,45,DL,0,0,0,0
40,45,UL,0,0,0,0
40,46,DL,0,0,0,0
40,46,UL,0,0,0,0
40,47,DL,0,0,0,0
40,47,UL,0,0,0,0
40,48,DL,0,0,0,0
40,48,UL,0,0,0,0
40,49,DL,0,0,0,0
40,49,UL,0,0,0,0
42,0,DL,0,0,0,0
42,0,UL,0,0,0,0
42,1,DL,0,0,0,0
42,1,UL,0,0,0,0
42,2,DL,0,0,0,0
42,2,UL,0,0,0,0
42,3,DL,0,0,0,0
42,3,UL,0,0,0,0
42,4,DL,0.130327,0.056,0.0431366,22
42,4,UL,0,0,0,0
42,5,DL,0,0,0,0
42,5,UL,0,0,0,0
42,6,DL,0,0,0,0
42,6,UL,0,0,0,0
42,7,DL,0,0,0,0
42,7,UL,0,0,0,0
42,8,DL,0,0,0,0
42,8,UL,0,0,0,0
42,9,DL,0,0,0,0
42,9,UL,0,0,0,0
42,10,DL,0,0,0,0
42,10,UL,0,0,0,0
42,11,DL,0,0,0,0
42,11,UL,0,0,0,0
42,12,DL,0,0,0,0
42,12,UL,0,0,0,0
42,13,DL,0,0,0,0
42,13,UL,0,0,0,0
42,14,DL,0,0,0,0
42,14,UL,0,0,0,0
42,15,DL,0,0,0,0
42,15,UL,0,0,0,0
42,16,DL,0,0,0,0
42,16,UL,0,0,0,0
42,17,DL,0,0,0,0
42,17,UL,0,0,0,0
42,18,DL,0,0,0,0
42,18,UL,0,0,0,0
42,19,DL,0,0,0,0
42,19,UL,0,0,0,0
42,20,DL,0,0,0,0
42,20,UL,0,0,0,0
42,21,DL,0,0,0,0
42,21,UL,0,0,0,0
42,22,DL,0,0,0,0
42,22,UL,0,0,0,0
42,23,DL,0,0,0,0
42,23,UL,0,0,0,0
42,24,DL,0,0,0,0
42,24,UL,0,0,0,0
42,25,DL,0,0,0,0
42,25,UL,0,0,0,0
42,26,DL,0,0,0,0
42,26,UL,0,0,0,0
42,27,DL,0,0,0,0
42,27,UL,0,0,0,0
42,28,DL,0,0,0,0
42,28,UL,0,0,0,0
42,29,DL,1.02068,0.258833,0.0470581,24
42,29,UL,0,0,0,0
42,30,DL,0,0,0,0
42,30,UL,0,0,0,0
42,31,DL,0,0,0,0
42,31,UL,0,0,0,0
42,32,DL,0,0,0,0
42,32,UL,0,0,0,0
42,33,DL,0,0,0,0
42,33,UL,0,0,0,0
42,34,DL,0.0391,0.0412857,0.0274506,14
42,34,UL,0,0,0,0
42,35,DL,0,0,0,0
42,35,UL,0,0,0,0
42,36,DL,0,0,0,0
42,36,UL,0,0,0,0
42,37,DL,0,0,0,0
42,37,UL,0,0,0,0
42,38,DL,0,0,0,0
42,38,UL,0,0,0,0
42,39,DL,0,0,0,0
42,39,UL,0,0,0,0
42,40,DL,0,0,0,0
42,40,UL,0,0,0,0
42,41,DL,0,0,0,0
42,41,UL,0,0,0,0
42,42,DL,0,0,0,0
42,42,UL,0,0,0,0
42,43,DL,0,0,0,0
42,43,UL,0,0,0,0
42,44,DL,0,0,0,0
42,44,UL,0,0,0,0
42,45,DL,0,0,0,0
42,45,UL,0,0,0,0
42,46,DL,0,0,0,0
42,46,UL,0,0,0,0
42,47,DL,0,0,0,0
42,47,UL,0,0,0,0
42,48,DL,0,0,0,0
42,48,UL,0,0,0,0
42,49,DL,0,0,0,0
42,49,UL,0,0,0,0
44,0,DL,0,0,0,0
44,0,UL,0,0,0,0
44,1,DL,0,0,0,0
44,1,UL,0,0,0,0
44,2,DL,0,0,0,0
44,2,UL,0,0,0,0
44,3,DL,0,0,0,0
44,3,UL,0,0,0,0
44,4,DL,0,0,0,0
44,4,UL,0,0,0,0
44,5,DL,0,0,0,0
44,5,UL,0,0,0,0
44,6,DL,0,0,0,0
44,6,UL,0,0,0,0
44,7,DL,0,0,0,0
44,7,UL,0,0,0,0
44,8,DL,0,0,0,0
44,8,UL,0,0,0,0
44,9,DL,0,0,0,0
44,9,UL,0,0,0,0
44,10,DL,0,0,0,0
44,10,UL,0,0,0,0
44,11,DL,0,0,0,0
44,11,UL,0,0,0,0
44,12,DL,0,0,0,0
44,12,UL,0,0,0,0
44,13,DL,0.0557896,0.0472759,0.113724,58
44,13,UL,0,0,0,0
44,14,DL,0,0,0,0
44,14,UL,0,0,0,0
44,15,DL,0,0,0,0
44,15,UL,0,0,0,0
44,16,DL,0,0,0,0
44,16,UL,0,0,0,0
44,17,DL,0,0,0,0
44,17,UL,0,0,0,0
44,18,DL,0,0,0,0
44,18,UL,0,0,0,0
44,19,DL,0,0,0,0
44,19,UL,0,0,0,0
44,20,DL,0,0,0,0
44,20,UL,0,0,0,0
44,21,DL,0,0,0,0
44,21,UL,0,0,0,0
44,22,DL,0,0,0,0
44,22,UL,0,0,0,0
44,23,DL,0,0,0,0
44,23,UL,0,0,0,0
44,24,DL,0,0,0,0
44,24,UL,0,0,0,0
44,25,DL,0,0,0,0
44,25,UL,0,0,0,0
44,26,DL,0,0,0,0
44,26,UL,0,0,0,0
44,27,DL,0,0,0,0
44,27,UL,0,0,0,0
44,28,DL,0,0,0,0
44,28,UL,0,0,0,0
44,29,DL,0,0,0,0
44,29,UL,0,0,0,0
44,30,DL,0,0,0,0
44,30,UL,0,0,0,0
44,31,DL,0,0,0,0
44,31,UL,0,0,0,0
44,32,DL,0,0,0,0
44,32,UL,0,0,0,0
44,33,DL,0,0,0,0
44,33,UL,0,0,0,0
44,34,DL,0,0,0,0
44,34,UL,0,0,0,0
44,35,DL,0,0,0,0
44,35,UL,0,0,0,0
44,36,DL,0,0,0,0
44,36,UL,0,0,0,0
44,37,DL,0,0,0,0
44,37,UL,0,0,0,0
44,38,DL,0,0,0,0
44,38,UL,0,0,0,0
44,39,DL,0,0,0,0
44,39,UL,0,0,0,0
44,40,DL,0,0,0,0
44,40,UL,0,0,0,0
44,41,DL,0,0,0,0
44,41,UL,0,0,0,0
44,42,DL,0,0,0,0
44,42,UL,0,0,0,0
44,43,DL,0,0,0,0
44,43,UL,0,0,0,0
44,44,DL,0,0,0,0
44,44,UL,0,0,0,0
44,45,DL,0,0,0,0
44,45,UL,0,0,0,0
44,46,DL,0,0,0,0
44,46,UL,0,0,0,0
44,47,DL,0,0,0,0
44,47,UL,0,0,0,0
44,48,DL,0,0,0,0
44,48,UL,0,0,0,0
44,49,DL,0,0,0,0
44,49,UL,0,0,0,0
46,0,DL,0,0,0,0
46,0,UL,0,0,0,0
46,1,DL,0,0,0,0
46,1,UL,0,0,0,0
46,2,DL,0,0,0,0
46,2,UL,0,0,0,0
46,3,DL,0,0,0,0
46,3,UL,0,0,0,0
46,4,DL,0,0,0,0
46,4,UL,0,0,0,0
46,5,DL,0,0,0,0
46,5,UL,0,0,0,0
46,6,DL,0,0,0,0
46,6,UL,0,0,0,0
46,7,DL,0,0,0,0
46,7,UL,0,0,0,0
46,8,DL,0,0,0,0
46,8,UL,0,0,0,0
46,9,DL,0,0,0,0
46,9,UL,0,0,0,0
46,10,DL,0,0,0,0
46,10,UL,0,0,0,0
46,11,DL,0,0,0,0
46,11,UL,0,0,0,0
46,12,DL,0,0,0,0
46,12,UL,0,0,0,0
46,13,DL,0.191304,0.0680612,0.192154,98
46,13,UL,0,0,0,0
46,14,DL,0,0,0,0
46,14,UL,0,0,0,0
46,15,DL,0,0,0,0
46,15,UL,0,0,0,0
46,16,DL,0,0,0,0
46,16,UL,0,0,0,0
46,17,DL,0,0,0,0
46,17,UL,0,0,0,0
46,18,DL,0,0,0,0
46,18,UL,0,0,0,0
46,19,DL,0,0,0,0
46,19,UL,0,0,0,0
46,20,DL,0,0,0,0
46,20,UL,0,0,0,0
46,21,DL,0,0,0,0
46,21,UL,0,0,0,0
46,22,DL,0,0,0,0
46,22,UL,0,0,0,0
46,23,DL,0.28285,0.0676369,0.0470581,24
46,23,UL,0,0,0,0
46,24,DL,0,0,0,0
46,24,UL,0,0,0,0
46,25,DL,0,0,0,0
46,25,UL,0,0,0,0
46,26,DL,0,0,0,0
46,26,UL,0,0,0,0
46,27,DL,0,0,0,0
46,27,UL,0,0,0,0
46,28,DL,0,0,0,0
46,28,UL,0,0,0,0
46,29,DL,0,0,0,0
46,29,UL,0,0,0,0
46,30,DL,0,0,0,0
46,30,UL,0,0,0,0
46,31,DL,0,0,0,0
46,31,UL,0,0,0,0
46,32,DL,0,0,0,0
46,32,UL,0,0,0,0
46,33,DL,0,0,0,0
46,33,UL,0,0,0,0
46,34,DL,0,0,0,0
46,34,UL,0,0,0,0
46,35,DL,0,0,0,0
46,35,UL,0,0,0,0
46,36,DL,0,0,0,0
46,36,UL,0,0,0,0
46,37,DL,0,0,0,0
46,37,UL,0,0,0,0
46,38,DL,0,0,0,0
46,38,UL,0,0,0,0
46,39,DL,0,0,0,0
46,39,UL,0,0,0,0
46,40,DL,0,0,0,0
46,40,UL,0,0,0,0
46,41,DL,0,0,0,0
46,41,UL,0,0,0,0
46,42,DL,0,0,0,0
46,42,UL,0,0,0,0
46,43,DL,0,0,0,0
46,43,UL,0,0,0,0
46,44,DL,0,0,0,0
46,44,UL,0,0,0,0
46,45,DL,0,0,0,0
46,45,UL,0,0,0,0
46,46,DL,0,0,0,0
46,46,UL,0,0,0,0
46,47,DL,0,0,0,0
46,47,UL,0,0,0,0
46,48,DL,0,0,0,0
46,48,UL,0,0,0,0
46,49,DL,0.2481,0.0895,0.015686,8
46,49,UL,0,0,0,0
48,0,DL,0,0,0,0
48,0,UL,0,0,0,0
48,1,DL,0,0,0,0
48,1,UL,0,0,0,0
48,2,DL,0,0,0,0
48,2,UL,0,0,0,0
48,3,DL,0,0,0,0
48,3,UL,0,0,0,0
48,4,DL,0,0,0,0
48,4,UL,0,0,0,0
48,5,DL,0,0,0,0
48,5,UL,0,0,0,0
48,6,DL,0,0,0,0
48,6,UL,0,0,0,0
48,7,DL,0,0,0,0
48,7,UL,0,0,0,0
48,8,DL,0,0,0,0
48,8,UL,0,0,0,0
48,9,DL,0,0,0,0
48,9,UL,0,0,0,0
48,10,DL,0,0,0,0
48,10,UL,0,0,0,0
48,11,DL,0,0,0,0
48,11,UL,0,0,0,0
48,12,DL,0,0,0,0
48,12,UL,0,0,0,0
48,13,DL,0.235123,0.0706364,0.172546,88
48,13,UL,0,0,0,0
48,14,DL,0,0,0,0
48,14,UL,0,0,0,0
48,15,DL,0,0,0,0
48,15,UL,0,0,0,0
48,16,DL,0,0,0,0
48,16,UL,0,0,0,0
48,17,DL,0,0,0,0
48,17,UL,0,0,0,0
48,18,DL,0,0,0,0
48,18,UL,0,0,0,0
48,19,DL,0,0,0,0
48,19,UL,0,0,0,0
48,20,DL,0,0,0,0
48,20,UL,0,0,0,0
48,21,DL,0,0,0,0
48,21,UL,0,0,0,0
48,22,DL,0,0,0,0
48,22,UL,0,0,0,0
48,23,DL,0,0,0,0
48,23,UL,0,0,0,0
48,24,DL,0,0,0,0
48,24,UL,0,0,0,0
48,25,DL,0,0,0,0
48,25,UL,0,0,0,0
48,26,DL,0,0,0,0
48,26,UL,0,0,0,0
48,27,DL,0,0,0,0
48,27,UL,0,0,0,0
48,28,DL,0,0,0,0
48,28,UL,0,0,0,0
48,29,DL,0,0,0,0
48,29,UL,0,0,0,0
48,30,DL,0,0,0,0
48,30,UL,0,0,0,0
48,31,DL,0,0,0,0
48,31,UL,0,0,0,0
48,32,DL,0,0,0,0
48,32,UL,0,0,0,0
48,33,DL,0,0,0,0
48,33,UL,0,0,0,0
48,34,DL,0,0,0,0
48,34,UL,0,0,0,0
48,35,DL,0,0,0,0
48,35,UL,0,0,0,0
48,36,DL,0,0,0,0
48,36,UL,0,0,0,0
48,37,DL,0,0,0,0
48,37,UL,0,0,0,0
48,38,DL,0,0,0,0
48,38,UL,0,0,0,0
48,39,DL,0,0,0,0
48,39,UL,0,0,0,0
48,40,DL,0,0,0,0
48,40,UL,0,0,0,0
48,41,DL,0,0,0,0
48,41,UL,0,0,0,0
48,42,DL,0,0,0,0
48,42,UL,0,0,0,0
48,43,DL,0,0,0,0
48,43,UL,0,0,0,0
48,44,DL,0,0,0,0
48,44,UL,0,0,0,0
48,45,DL,0,0,0,0
48,45,UL,0,0,0,0
48,46,DL,0.0241,0.209,0.00392151,2
48,46,UL,0,0,0,0
48,47,DL,0,0,0,0
48,47,UL,0,0,0,0
48,48,DL,0,0,0,0
48,48,UL,0,0,0,0
48,49,DL,0,0,0,0
48,49,UL,0,0,0,0
50,0,DL,0,0,0,0
50,0,UL,0,0,0,0
50,1,DL,0,0,0,0
50,1,UL,0,0,0,0
50,2,DL,0,0,0,0
50,2,UL,0,0,0,0
50,3,DL,0,0,0,0
50,3,UL,0,0,0,0
50,4,DL,0.1231,0.0753333,0.0117645,6
50,4,UL,0,0,0,0
50,5,DL,0,0,0,0
50,5,UL,0,0,0,0
50,6,DL,0,0,0,0
50,6,UL,0,0,0,0
50,7,DL,0,0,0,0
50,7,UL,0,0,0,0
50,8,DL,0,0,0,0
50,8,UL,0,0,0,0
50,9,DL,0,0,0,0
50,9,UL,0,0,0,0
50,10,DL,0,0,0,0
50,10,UL,0,0,0,0
50,11,DL,0,0,0,0
50,11,UL,0,0,0,0
50,12,DL,0,0,0,0
50,12,UL,0,0,0,0
50,13,DL,0.713235,0.16777,0.0705872,36
50,13,UL,0,0,0,0
50,14,DL,0,0,0,0
50,14,UL,0,0,0,0
50,15,DL,0,0,0,0
50,15,UL,0,0,0,0
50,16,DL,0,0,0,0
50,16,UL,0,0,0,0
50,17,DL,0,0,0,0
50,17,UL,0,0,0,0
50,18,DL,0,0,0,0
50,18,UL,0,0,0,0
50,19,DL,0,0,0,0
50,19,UL,0,0,0,0
50,20,DL,0,0,0,0
50,20,UL,0,0,0,0
50,21,DL,0,0,0,0
50,21,UL,0,0,0,0
50,22,DL,0,0,0,0
50,22,UL,0,0,0,0
50,23,DL,0,0,0,0
50,23,UL,0,0,0,0
50,24,DL,0,0,0,0
50,24,UL,0,0,0,0
50,25,DL,0.174912,0.047125,0.0627441,32
50,25,UL,0,0,0,0
50,26,DL,0,0,0,0
50,26,UL,0,0,0,0
50,27,DL,0,0,0,0
50,27,UL,0,0,0,0
50,28,DL,0,0,0,0
50,28,UL,0,0,0,0
50,29,DL,0,0,0,0
50,29,UL,0,0,0,0
50,30,DL,0,0,0,0
50,30,UL,0,0,0,0
50,31,DL,0,0,0,0
50,31,UL,0,0,0,0
50,32,DL,0,0,0,0
50,32,UL,0,0,0,0
50,33,DL,0,0,0,0
50,33,UL,0,0,0,0
50,34,DL,0,0,0,0
50,34,UL,0,0,0,0
50,35,DL,0,0,0,0
50,35,UL,0,0,0,0
50,36,DL,0,0,0,0
50,36,UL,0,0,0,0
50,37,DL,0,0,0,0
50,37,UL,0,0,0,0
50,38,DL,0,0,0,0
50,38,UL,0,0,0,0
50,39,DL,0,0,0,0
50,39,UL,0,0,0,0
50,40,DL,0,0,0,0
50,40,UL,0,0,0,0
50,41,DL,0,0,0,0
50,41,UL,0,0,0,0
50,42,DL,0,0,0,0
50,42,UL,0,0,0,0
50,43,DL,0,0,0,0
50,43,UL,0,0,0,0
50,44,DL,0,0,0,0
50,44,UL,0,0,0,0
50,45,DL,0,0,0,0
50,45,UL,0,0,0,0
50,46,DL,0,0,0,0
50,46,UL,0,0,0,0
50,47,DL,0,0,0,0
50,47,UL,0,0,0,0
50,48,DL,0,0,0,0
50,48,UL,0,0,0,0
50,49,DL,0,0,0,0
50,49,UL,0,0,0,0
52,0,DL,0,0,0,0
52,0,UL,0,0,0,0
52,1,DL,0,0,0,0
52,1,UL,0,0,0,0
52,2,DL,0,0,0,0
52,2,UL,0,0,0,0
52,3,DL,0,0,0,0
52,3,UL,0,0,0,0
52,4,DL,0,0,0,0
52,4,UL,0,0,0,0
52,5,DL,0,0,0,0
52,5,UL,0,0,0,0
52,6,DL,0,0,0,0
52,6,UL,0,0,0,0
52,7,DL,0,0,0,0
52,7,UL,0,0,0,0
52,8,DL,0,0,0,0
52,8,UL,0,0,0,0
52,9,DL,0,0,0,0
52,9,UL,0,0,0,0
52,10,DL,0,0,0,0
52,10,UL,0,0,0,0
52,11,DL,0,0,0,0
52,11,UL,0,0,0,0
52,12,DL,0,0,0,0
52,12,UL,0,0,0,0
52,13,DL,0,0,0,0
52,13,UL,0,0,0,0
52,14,DL,0,0,0,0
52,14,UL,0,0,0,0
52,15,DL,0,0,0,0
52,15,UL,0,0,0,0
52,16,DL,0,0,0,0
52,16,UL,0,0,0,0
52,17,DL,0,0,0,0
52,17,UL,0,0,0,0
52,18,DL,0,0,0,0
52,18,UL,0,0,0,0
52,19,DL,0,0,0,0
52,19,UL,0,0,0,0
52,20,DL,0,0,0,0
52,20,UL,0,0,0,0
52,21,DL,0,0,0,0
52,21,UL,0,0,0,0
52,22,DL,0,0,0,0
52,22,UL,0,0,0,0
52,23,DL,0,0,0,0
52,23,UL,0,0,0,0
52,24,DL,0,0,0,0
52,24,UL,0,0,0,0
52,25,DL,1.3266,0.69,0.00784302,4
52,25,UL,0,0,0,0
52,26,DL,0,0,0,0
52,26,UL,0,0,0,0
52,27,DL,0,0,0,0
52,27,UL,0,0,0,0
52,28,DL,0,0,0,0
52,28,UL,0,0,0,0
52,29,DL,0,0,0,0
52,29,UL,0,0,0,0
52,30,DL,0,0,0,0
52,30,UL,0,0,0,0
52,31,DL,0.0751,0.444,0.00784302,4
52,31,UL,0,0,0,0
52,32,DL,0,0,0,0
52,32,UL,0,0,0,0
52,33,DL,0,0,0,0
52,33,UL,0,0,0,0
52,34,DL,0,0,0,0
52,34,UL,0,0,0,0
52,35,DL,0,0,0,0
52,35,UL,0,0,0,0
52,36,DL,0,0,0,0
52,36,UL,0,0,0,0
52,37,DL,0.0798812,0.0517656,0.125488,64
52,37,UL,0,0,0,0
52,38,DL,0,0,0,0
52,38,UL,0,0,0,0
52,39,DL,0,0,0,0
52,39,UL,0,0,0,0
52,40,DL,0,0,0,0
52,40,UL,0,0,0,0
52,41,DL,0,0,0,0
52,41,UL,0,0,0,0
52,42,DL,0,0,0,0
52,42,UL,0,0,0,0
52,43,DL,0,0,0,0
52,43,UL,0,0,0,0
52,44,DL,0,0,0,0
52,44,UL,0,0,0,0
52,45,DL,0,0,0,0
52,45,UL,0,0,0,0
52,46,DL,0,0,0,0
52,46,UL,0,0,0,0
52,47,DL,0,0,0,0
52,47,UL,0,0,0,0
52,48,DL,0,0,0,0
52,48,UL,0,0,0,0
52,49,DL,0,0,0,0
52,49,UL,0,0,0,0
54,0,DL,0,0,0,0
54,0,UL,0,0,0,0
54,1,DL,0,0,0,0
54,1,UL,0,0,0,0
54,2,DL,0,0,0,0
54,2,UL,0,0,0,0
54,3,DL,0,0,0,0
54,3,UL,0,0,0,0
54,4,DL,0,0,0,0
54,4,UL,0,0,0,0
54,5,DL,0,0,0,0
54,5,UL,0,0,0,0
54,6,DL,0,0,0,0
54,6,UL,0,0,0,0
54,7,DL,0,0,0,0
54,7,UL,0,0,0,0
54,8,DL,0,0,0,0
54,8,UL,0,0,0,0
54,9,DL,0,0,0,0
54,9,UL,0,0,0,0
54,10,DL,0,0,0,0
54,10,UL,0,0,0,0
54,11,DL,0,0,0,0
54,11,UL,0,0,0,0
54,12,DL,0,0,0,0
54,12,UL,0,0,0,0
54,13,DL,0,0,0,0
54,13,UL,0,0,0,0
54,14,DL,0,0,0,0
54,14,UL,0,0,0,0
54,15,DL,0,0,0,0
54,15,UL,0,0,0,0
54,16,DL,0,0,0,0
54,16,UL,0,0,0,0
54,17,DL,0,0,0,0
54,17,UL,0,0,0,0
54,18,DL,0,0,0,0
54,18,UL,0,0,0,0
54,19,DL,0,0,0,0
54,19,UL,0,0,0,0
54,20,DL,0,0,0,0
54,20,UL,0,0,0,0
54,21,DL,0,0,0,0
54,21,UL,0,0,0,0
54,22,DL,0,0,0,0
54,22,UL,0,0,0,0
54,23,DL,0,0,0,0
54,23,UL,0,0,0,0
54,24,DL,0,0,0,0
54,24,UL,0,0,0,0
54,25,DL,0,0,0,0
54,25,UL,0,0,0,0
54,26,DL,0,0,0,0
54,26,UL,0,0,0,0
54,27,DL,0,0,0,0
54,27,UL,0,0,0,0
54,28,DL,0,0,0,0
54,28,UL,0,0,0,0
54,29,DL,0,0,0,0
54,29,UL,0,0,0,0
54,30,DL,0,0,0,0
54,30,UL,0,0,0,0
54,31,DL,0,0,0,0
54,31,UL,0,0,0,0
54,32,DL,0,0,0,0
54,32,UL,0,0,0,0
54,33,DL,0,0,0,0
54,33,UL,0,0,0,0
54,34,DL,0,0,0,0
54,34,UL,0,0,0,0
54,35,DL,0,0,0,0
54,35,UL,0,0,0,0
54,36,DL,0,0,0,0
54,36,UL,0,0,0,0
54,37,DL,0.219439,0.0681875,0.125488,64
54,37,UL,0,0,0,0
54,38,DL,0,0,0,0
54,38,UL,0,0,0,0
54,39,DL,0,0,0,0
54,39,UL,0,0,0,0
54,40,DL,0,0,0,0
54,40,UL,0,0,0,0
54,41,DL,0,0,0,0
54,41,UL,0,0,0,0
54,42,DL,0,0,0,0
54,42,UL,0,0,0,0
54,43,DL,0,0,0,0
54,43,UL,0,0,0,0
54,44,DL,0,0,0,0
54,44,UL,0,0,0,0
54,45,DL,0,0,0,0
54,45,UL,0,0,0,0
54,46,DL,0,0,0,0
54,46,UL,0,0,0,0
54,47,DL,0,0,0,0
54,47,UL,0,0,0,0
54,48,DL,0,0,0,0
54,48,UL,0,0,0,0
54,49,DL,0,0,0,0
54,49,UL,0,0,0,0
56,0,DL,0,0,0,0
56,0,UL,0,0,0,0
56,1,DL,0,0,0,0
56,1,UL,0,0,0,0
56,2,DL,0,0,0,0
56,2,UL,0,0,0,0
56,3,DL,0,0,0,0
56,3,UL,0,0,0,0
56,4,DL,0,0,0,0
56,4,UL,0,0,0,0
56,5,DL,0,0,0,0
56,5,UL,0,0,0,0
56,6,DL,0,0,0,0
56,6,UL,0,0,0,0
56,7,DL,0,0,0,0
56,7,UL,0,0,0,0
56,8,DL,0,0,0,0
56,8,UL,0,0,0,0
56,9,DL,0,0,0,0
56,9,UL,0,0,0,0
56,10,DL,0,0,0,0
56,10,UL,0,0,0,0
56,11,DL,0,0,0,0
56,11,UL,0,0,0,0
56,12,DL,0,0,0,0
56,12,UL,0,0,0,0
56,13,DL,0,0,0,0
56,13,UL,0,0,0,0
56,14,DL,0,0,0,0
56,14,UL,0,0,0,0
56,15,DL,0,0,0,0
56,15,UL,0,0,0,0
56,16,DL,0,0,0,0
56,16,UL,0,0,0,0
56,17,DL,0,0,0,0
56,17,UL,0,0,0,0
56,18,DL,0,0,0,0
56,18,UL,0,0,0,0
56,19,DL,0.0121,0.023,0.00392151,2
56,19,UL,0,0,0,0
56,20,DL,0,0,0,0
56,20,UL,0,0,0,0
56,21,DL,0,0,0,0
56,21,UL,0,0,0,0
56,22,DL,0.3416,0.0686667,0.0470581,24
56,22,UL,0,0,0,0
56,23,DL,0,0,0,0
56,23,UL,0,0,0,0
56,24,DL,0,0,0,0
56,24,UL,0,0,0,0
56,25,DL,0,0,0,0
56,25,UL,0,0,0,0
56,26,DL,0,0,0,0
56,26,UL,0,0,0,0
56,27,DL,0.0175,0.106571,0.0196075,10
56,27,UL,0,0,0,0
56,28,DL,0,0,0,0
56,28,UL,0,0,0,0
56,29,DL,0,0,0,0
56,29,UL,0,0,0,0
56,30,DL,0,0,0,0
56,30,UL,0,0,0,0
56,31,DL,0,0,0,0
56,31,UL,0,0,0,0
56,32,DL,0,0,0,0
56,32,UL,0,0,0,0
56,33,DL,0.0727429,0.0391429,0.109802,56
56,33,UL,0,0,0,0
56,34,DL,0,0,0,0
56,34,UL,0,0,0,0
56,35,DL,0,0,0,0
56,35,UL,0,0,0,0
56,36,DL,0,0,0,0
56,36,UL,0,0,0,0
56,37,DL,0,0,0,0
56,37,UL,0,0,0,0
56,38,DL,0,0,0,0
56,38,UL,0,0,0,0
56,39,DL,0,0,0,0
56,39,UL,0,0,0,0
56,40,DL,0,0,0,0
56,40,UL,0,0,0,0
56,41,DL,0,0,0,0
56,41,UL,0,0,0,0
56,42,DL,0,0,0,0
56,42,UL,0,0,0,0
56,43,DL,0,0,0,0
56,43,UL,0,0,0,0
56,44,DL,0,0,0,0
56,44,UL,0,0,0,0
56,45,DL,0,0,0,0
56,45,UL,0,0,0,0
56,46,DL,0,0,0,0
56,46,UL,0,0,0,0
56,47,DL,0,0,0,0
56,47,UL,0,0,0,0
56,48,DL,0,0,0,0
56,48,UL,0,0,0,0
56,49,DL,0,0,0,0
56,49,UL,0,0,0,0
58,0,DL,0.0495524,0.0441071,0.0235291,12
58,0,UL,0,0,0,0
58,1,DL,0,0,0,0
58,1,UL,0,0,0,0
58,2,DL,0,0,0,0
58,2,UL,0,0,0,0
58,3,DL,0,0,0,0
58,3,UL,0,0,0,0
58,4,DL,0,0,0,0
58,4,UL,0,0,0,0
58,5,DL,0,0,0,0
58,5,UL,0,0,0,0
58,6,DL,0,0,0,0
58,6,UL,0,0,0,0
58,7,DL,0,0,0,0
58,7,UL,0,0,0,0
58,8,DL,0,0,0,0
58,8,UL,0,0,0,0
58,9,DL,0,0,0,0
58,9,UL,0,0,0,0
58,10,DL,0,0,0,0
58,10,UL,0,0,0,0
58,11,DL,0,0,0,0
58,11,UL,0,0,0,0
58,12,DL,0,0,0,0
58,12,UL,0,0,0,0
58,13,DL,0,0,0,0
58,13,UL,0,0,0,0
58,14,DL,0,0,0,0
58,14,UL,0,0,0,0
58,15,DL,0,0,0,0
58,15,UL,0,0,0,0
58,16,DL,0,0,0,0
58,16,UL,0,0,0,0
58,17,DL,0,0,0,0
58,17,UL,0,0,0,0
58,18,DL,0,0,0,0
58,18,UL,0,0,0,0
58,19,DL,0,0,0,0
58,19,UL,0,0,0,0
58,20,DL,0,0,0,0
58,20,UL,0,0,0,0
58,21,DL,0,0,0,0
58,21,UL,0,0,0,0
58,22,DL,0,0,0,0
58,22,UL,0,0,0,0
58,23,DL,0,0,0,0
58,23,UL,0,0,0,0
58,24,DL,0,0,0,0
58,24,UL,0,0,0,0
58,25,DL,0,0,0,0
58,25,UL,0,0,0,0
58,26,DL,0,0,0,0
58,26,UL,0,0,0,0
58,27,DL,0,0,0,0
58,27,UL,0,0,0,0
58,28,DL,0.35022,0.06084,0.0980377,50
58,28,UL,0,0,0,0
58,29,DL,0,0,0,0
58,29,UL,0,0,0,0
58,30,DL,0,0,0,0
58,30,UL,0,0,0,0
58,31,DL,0.484814,0.0914286,0.0549011,28
58,31,UL,0,0,0,0
58,32,DL,0,0,0,0
58,32,UL,0,0,0,0
58,33,DL,0,0,0,0
58,33,UL,0,0,0,0
58,34,DL,0,0,0,0
58,34,UL,0,0,0,0
58,35,DL,0,0,0,0
58,35,UL,0,0,0,0
58,36,DL,0,0,0,0
58,36,UL,0,0,0,0
58,37,DL,0,0,0,0
58,37,UL,0,0,0,0
58,38,DL,0,0,0,0
58,38,UL,0,0,0,0
58,39,DL,0,0,0,0
58,39,UL,0,0,0,0
58,40,DL,0,0,0,0
58,40,UL,0,0,0,0
58,41,DL,0,0,0,0
58,41,UL,0,0,0,0
58,42,DL,0,0,0,0
58,42,UL,0,0,0,0
58,43,DL,0,0,0,0
58,43,UL,0,0,0,0
58,44,DL,0,0,0,0
58,44,UL,0,0,0,0
58,45,DL,0.404502,0.119415,0.0627441,32
58,45,UL,0,0,0,0
58,46,DL,0,0,0,0
58,46,UL,0,0,0,0
58,47,DL,0,0,0,0
58,47,UL,0,0,0,0
58,48,DL,0,0,0,0
58,48,UL,0,0,0,0
58,49,DL,0,0,0,0
58,49,UL,0,0,0,0
60,0,DL,0,0,0,0
60,0,UL,0,0,0,0
60,1,DL,0,0,0,0
60,1,UL,0,0,0,0
60,2,DL,0,0,0,0
60,2,UL,0,0,0,0
60,3,DL,0,0,0,0
60,3,UL,0,0,0,0
60,4,DL,0,0,0,0
60,4,UL,0,0,0,0
60,5,DL,0,0,0,0
60,5,UL,0,0,0,0
60,6,DL,0,0,0,0
60,6,UL,0,0,0,0
60,7,DL,0,0,0,0
60,7,UL,0,0,0,0
60,8,DL,0,0,0,0
60,8,UL,0,0,0,0
60,9,DL,0,0,0,0
60,9,UL,0,0,0,0
60,10,DL,0,0,0,0
60,10,UL,0,0,0,0
60,11,DL,0,0,0,0
60,11,UL,0,0,0,0
60,12,DL,0,0,0,0
60,12,UL,0,0,0,0
60,13,DL,0,0,0,0
60,13,UL,0,0,0,0
60,14,DL,0,0,0,0
60,14,UL,0,0,0,0
60,15,DL,0,0,0,0
60,15,UL,0,0,0,0
60,16,DL,0,0,0,0
60,16,UL,0,0,0,0
60,17,DL,0,0,0,0
60,17,UL,0,0,0,0
60,18,DL,0,0,0,0
60,18,UL,0,0,0,0
60,19,DL,0,0,0,0
60,19,UL,0,0,0,0
60,20,DL,0,0,0,0
60,20,UL,0,0,0,0
60,21,DL,0,0,0,0
60,21,UL,0,0,0,0
60,22,DL,0,0,0,0
60,22,UL,0,0,0,0
60,23,DL,0.1641,0.0365,0.0235291,12
60,23,UL,0,0,0,0
60,24,DL,0,0,0,0
60,24,UL,0,0,0,0
60,25,DL,0,0,0,0
60,25,UL,0,0,0,0
60,26,DL,0,0,0,0
60,26,UL,0,0,0,0
60,27,DL,0.2313,0.1064,0.0196075,10
60,27,UL,0,0,0,0
60,28,DL,0.35585,0.058,0.0470581,24
60,28,UL,0,0,0,0
60,29,DL,0,0,0,0
60,29,UL,0,0,0,0
60,30,DL,0,0,0,0
60,30,UL,0,0,0,0
60,31,DL,0,0,0,0
60,31,UL,0,0,0,0
60,32,DL,0,0,0,0
60,32,UL,0,0,0,0
60,33,DL,0,0,0,0
60,33,UL,0,0,0,0
60,34,DL,0,0,0,0
60,34,UL,0,0,0,0
60,35,DL,0,0,0,0
60,35,UL,0,0,0,0
60,36,DL,0,0,0,0
60,36,UL,0,0,0,0
60,37,DL,0,0,0,0
60,37,UL,0,0,0,0
60,38,DL,0,0,0,0
60,38,UL,0,0,0,0
60,39,DL,0,0,0,0
60,39,UL,0,0,0,0
60,40,DL,0,0,0,0
60,40,UL,0,0,0,0
60,41,DL,0,0,0,0
60,41,UL,0,0,0,0
60,42,DL,0,0,0,0
60,42,UL,0,0,0,0
60,43,DL,0,0,0,0
60,43,UL,0,0,0,0
60,44,DL,0,0,0,0
60,44,UL,0,0,0,0
60,45,DL,0,0,0,0
60,45,UL,0,0,0,0
60,46,DL,0,0,0,0
60,46,UL,0,0,0,0
60,47,DL,0,0,0,0
60,47,UL,0,0,0,0
60,48,DL,0,0,0,0
60,48,UL,0,0,0,0
60,49,DL,0,0,0,0
60,49,UL,0,0,0,0
62,0,DL,0.0241,0.102357,0.00392151,2
62,0,UL,0,0,0,0
62,1,DL,0,0,0,0
62,1,UL,0,0,0,0
62,2,DL,0,0,0,0
62,2,UL,0,0,0,0
62,3,DL,0,0,0,0
62,3,UL,0,0,0,0
62,4,DL,0,0,0,0
62,4,UL,0,0,0,0
62,5,DL,0,0,0,0
62,5,UL,0,0,0,0
62,6,DL,0,0,0,0
62,6,UL,0,0,0,0
62,7,DL,0,0,0,0
62,7,UL,0,0,0,0
62,8,DL,0,0,0,0
62,8,UL,0,0,0,0
62,9,DL,0,0,0,0
62,9,UL,0,0,0,0
62,10,DL,0,0,0,0
62,10,UL,0,0,0,0
62,11,DL,0,0,0,0
62,11,UL,0,0,0,0
62,12,DL,0,0,0,0
62,12,UL,0,0,0,0
62,13,DL,0,0,0,0
62,13,UL,0,0,0,0
62,14,DL,0,0,0,0
62,14,UL,0,0,0,0
62,15,DL,0,0,0,0
62,15,UL,0,0,0,0
62,16,DL,0,0,0,0
62,16,UL,0,0,0,0
62,17,DL,0,0,0,0
62,17,UL,0,0,0,0
62,18,DL,0,0,0,0
62,18,UL,0,0,0,0
62,19,DL,0,0,0,0
62,19,UL,0,0,0,0
62,20,DL,0.0117429,0.311357,0.00392151,2
62,20,UL,0,0,0,0
62,21,DL,0,0,0,0
62,21,UL,0,0,0,0
62,22,DL,0,0,0,0
62,22,UL,0,0,0,0
62,23,DL,0,0,0,0
62,23,UL,0,0,0,0
62,24,DL,0,0,0,0
62,24,UL,0,0,0,0
62,25,DL,0,0,0,0
62,25,UL,0,0,0,0
62,26,DL,0,0,0,0
62,26,UL,0,0,0,0
62,27,DL,1.41941,0.123438,0.0627441,32
62,27,UL,0,0,0,0
62,28,DL,0,0,0,0
62,28,UL,0,0,0,0
62,29,DL,0,0,0,0
62,29,UL,0,0,0,0
62,30,DL,0,0,0,0
62,30,UL,0,0,0,0
62,31,DL,0.210814,0.0437143,0.0313721,16
62,31,UL,0,0,0,0
62,32,DL,0,0,0,0
62,32,UL,0,0,0,0
62,33,DL,0,0,0,0
62,33,UL,0,0,0,0
62,34,DL,0,0,0,0
62,34,UL,0,0,0,0
62,35,DL,0,0,0,0
62,35,UL,0,0,0,0
62,36,DL,0,0,0,0
62,36,UL,0,0,0,0
62,37,DL,0,0,0,0
62,37,UL,0,0,0,0
62,38,DL,0,0,0,0
62,38,UL,0,0,0,0
62,39,DL,0,0,0,0
62,39,UL,0,0,0,0
62,40,DL,0,0,0,0
62,40,UL,0,0,0,0
62,41,DL,0,0,0,0
62,41,UL,0,0,0,0
62,42,DL,0,0,0,0
62,42,UL,0,0,0,0
62,43,DL,0,0,0,0
62,43,UL,0,0,0,0
62,44,DL,0,0,0,0
62,44,UL,0,0,0,0
62,45,DL,0,0,0,0
62,45,UL,0,0,0,0
62,46,DL,0,0,0,0
62,46,UL,0,0,0,0
62,47,DL,0,0,0,0
62,47,UL,0,0,0,0
62,48,DL,0,0,0,0
62,48,UL,0,0,0,0
62,49,DL,0,0,0,0
62,49,UL,0,0,0,0
64,0,DL,0,0,0,0
64,0,UL,0,0,0,0
64,1,DL,0,0,0,0
64,1,UL,0,0,0,0
64,2,DL,0,0,0,0
64,2,UL,0,0,0,0
64,3,DL,0,0,0,0
64,3,UL,0,0,0,0
64,4,DL,0,0,0,0
64,4,UL,0,0,0,0
64,5,DL,0,0,0,0
64,5,UL,0,0,0,0
64,6,DL,0,0,0,0
64,6,UL,0,0,0,0
64,7,DL,0,0,0,0
64,7,UL,0,0,0,0
64,8,DL,0,0,0,0
64,8,UL,0,0,0,0
64,9,DL,0,0,0,0
64,9,UL,0,0,0,0
64,10,DL,0,0,0,0
64,10,UL,0,0,0,0
64,11,DL,0,0,0,0
64,11,UL,0,0,0,0
64,12,DL,0,0,0,0
64,12,UL,0,0,0,0
64,13,DL,0,0,0,0
64,13,UL,0,0,0,0
64,14,DL,0,0,0,0
64,14,UL,0,0,0,0
64,15,DL,0,0,0,0
64,15,UL,0,0,0,0
64,16,DL,0.128225,0.07375,0.0313721,16
64,16,UL,0,0,0,0
64,17,DL,0,0,0,0
64,17,UL,0,0,0,0
64,18,DL,0,0,0,0
64,18,UL,0,0,0,0
64,19,DL,0,0,0,0
64,19,UL,0,0,0,0
64,20,DL,0,0,0,0
64,20,UL,0,0,0,0
64,21,DL,0,0,0,0
64,21,UL,0,0,0,0
64,22,DL,0,0,0,0
64,22,UL,0,0,0,0
64,23,DL,0,0,0,0
64,23,UL,0,0,0,0
64,24,DL,0,0,0,0
64,24,UL,0,0,0,0
64,25,DL,0,0,0,0
64,25,UL,0,0,0,0
64,26,DL,0,0,0,0
64,26,UL,0,0,0,0
64,27,DL,0,0,0,0
64,27,UL,0,0,0,0
64,28,DL,0,0,0,0
64,28,UL,0,0,0,0
64,29,DL,0,0,0,0
64,29,UL,0,0,0,0
64,30,DL,0,0,0,0
64,30,UL,0,0,0,0
64,31,DL,0.914964,0.208623,0.0431366,22
64,31,UL,0,0,0,0
64,32,DL,0,0,0,0
64,32,UL,0,0,0,0
64,33,DL,0,0,0,0
64,33,UL,0,0,0,0
64,34,DL,0,0,0,0
64,34,UL,0,0,0,0
64,35,DL,0,0,0,0
64,35,UL,0,0,0,0
64,36,DL,0,0,0,0
64,36,UL,0,0,0,0
64,37,DL,0,0,0,0
64,37,UL,0,0,0,0
64,38,DL,0,0,0,0
64,38,UL,0,0,0,0
64,39,DL,0,0,0,0
64,39,UL,0,0,0,0
64,40,DL,0,0,0,0
64,40,UL,0,0,0,0
64,41,DL,0,0,0,0
64,41,UL,0,0,0,0
64,42,DL,0,0,0,0
64,42,UL,0,0,0,0
64,43,DL,0,0,0,0
64,43,UL,0,0,0,0
64,44,DL,0,0,0,0
64,44,UL,0,0,0,0
64,45,DL,0,0,0,0
64,45,UL,0,0,0,0
64,46,DL,0,0,0,0
64,46,UL,0,0,0,0
64,47,DL,0,0,0,0
64,47,UL,0,0,0,0
64,48,DL,0,0,0,0
64,48,UL,0,0,0,0
64,49,DL,0,0,0,0
64,49,UL,0,0,0,0
66,0,DL,0,0,0,0
66,0,UL,0,0,0,0
66,1,DL,0,0,0,0
66,1,UL,0,0,0,0
66,2,DL,0,0,0,0
66,2,UL,0,0,0,0
66,3,DL,0,0,0,0
66,3,UL,0,0,0,0
66,4,DL,0,0,0,0
66,4,UL,0,0,0,0
66,5,DL,0,0,0,0
66,5,UL,0,0,0,0
66,6,DL,0,0,0,0
66,6,UL,0,0,0,0
66,7,DL,0,0,0,0
66,7,UL,0,0,0,0
66,8,DL,0,0,0,0
66,8,UL,0,0,0,0
66,9,DL,0,0,0,0
66,9,UL,0,0,0,0
66,10,DL,0.0871769,0.0537308,0.101959,52
66,10,UL,0,0,0,0
66,11,DL,0,0,0,0
66,11,UL,0,0,0,0
66,12,DL,0,0,0,0
66,12,UL,0,0,0,0
66,13,DL,0,0,0,0
66,13,UL,0,0,0,0
66,14,DL,0,0,0,0
66,14,UL,0,0,0,0
66,15,DL,0,0,0,0
66,15,UL,0,0,0,0
66,16,DL,0,0,0,0
66,16,UL,0,0,0,0
66,17,DL,0,0,0,0
66,17,UL,0,0,0,0
66,18,DL,0,0,0,0
66,18,UL,0,0,0,0
66,19,DL,0,0,0,0
66,19,UL,0,0,0,0
66,20,DL,0,0,0,0
66,20,UL,0,0,0,0
66,21,DL,0,0,0,0
66,21,UL,0,0,0,0
66,22,DL,0,0,0,0
66,22,UL,0,0,0,0
66,23,DL,0,0,0,0
66,23,UL,0,0,0,0
66,24,DL,0,0,0,0
66,24,UL,0,0,0,0
66,25,DL,0,0,0,0
66,25,UL,0,0,0,0
66,26,DL,0,0,0,0
66,26,UL,0,0,0,0
66,27,DL,0,0,0,0
66,27,UL,0,0,0,0
66,28,DL,0,0,0,0
66,28,UL,0,0,0,0
66,29,DL,0,0,0,0
66,29,UL,0,0,0,0
66,30,DL,0,0,0,0
66,30,UL,0,0,0,0
66,31,DL,0,0,0,0
66,31,UL,0,0,0,0
66,32,DL,0,0,0,0
66,32,UL,0,0,0,0
66,33,DL,0,0,0,0
66,33,UL,0,0,0,0
66,34,DL,0,0,0,0
66,34,UL,0,0,0,0
66,35,DL,0,0,0,0
66,35,UL,0,0,0,0
66,36,DL,0,0,0,0
66,36,UL,0,0,0,0
66,37,DL,0,0,0,0
66,37,UL,0,0,0,0
66,38,DL,0,0,0,0
66,38,UL,0,0,0,0
66,39,DL,0,0,0,0
66,39,UL,0,0,0,0
66,40,DL,0,0,0,0
66,40,UL,0,0,0,0
66,41,DL,0,0,0,0
66,41,UL,0,0,0,0
66,42,DL,0,0,0,0
66,42,UL,0,0,0,0
66,43,DL,0,0,0,0
66,43,UL,0,0,0,0
66,44,DL,0,0,0,0
66,44,UL,0,0,0,0
66,45,DL,0,0,0,0
66,45,UL,0,0,0,0
66,46,DL,0,0,0,0
66,46,UL,0,0,0,0
66,47,DL,0,0,0,0
66,47,UL,0,0,0,0
66,48,DL,0,0,0,0
66,48,UL,0,0,0,0
66,49,DL,0,0,0,0
66,49,UL,0,0,0,0
68,0,DL,0,0,0,0
68,0,UL,0,0,0,0
68,1,DL,0,0,0,0
68,1,UL,0,0,0,0
68,2,DL,0,0,0,0
68,2,UL,0,0,0,0
68,3,DL,0,0,0,0
68,3,UL,0,0,0,0
68,4,DL,0,0,0,0
68,4,UL,0,0,0,0
68,5,DL,0,0,0,0
68,5,UL,0,0,0,0
68,6,DL,0,0,0,0
68,6,UL,0,0,0,0
68,7,DL,0,0,0,0
68,7,UL,0,0,0,0
68,8,DL,0,0,0,0
68,8,UL,0,0,0,0
68,9,DL,0,0,0,0
68,9,UL,0,0,0,0
68,10,DL,0.608705,0.0991579,0.149017,76
68,10,UL,0,0,0,0
68,11,DL,0,0,0,0
68,11,UL,0,0,0,0
68,12,DL,0,0,0,0
68,12,UL,0,0,0,0
68,13,DL,0,0,0,0
68,13,UL,0,0,0,0
68,14,DL,0,0,0,0
68,14,UL,0,0,0,0
68,15,DL,0,0,0,0
68,15,UL,0,0,0,0
68,16,DL,0.0711,0.158,0.00784302,4
68,16,UL,0,0,0,0
68,17,DL,0,0,0,0
68,17,UL,0,0,0,0
68,18,DL,0,0,0,0
68,18,UL,0,0,0,0
68,19,DL,0,0,0,0
68,19,UL,0,0,0,0
68,20,DL,0,0,0,0
68,20,UL,0,0,0,0
68,21,DL,0,0,0,0
68,21,UL,0,0,0,0
68,22,DL,0,0,0,0
68,22,UL,0,0,0,0
68,23,DL,0,0,0,0
68,23,UL,0,0,0,0
68,24,DL,0,0,0,0
68,24,UL,0,0,0,0
68,25,DL,0,0,0,0
68,25,UL,0,0,0,0
68,26,DL,0,0,0,0
68,26,UL,0,0,0,0
68,27,DL,0,0,0,0
68,27,UL,0,0,0,0
68,28,DL,0,0,0,0
68,28,UL,0,0,0,0
68,29,DL,0,0,0,0
68,29,UL,0,0,0,0
68,30,DL,0,0,0,0
68,30,UL,0,0,0,0
68,31,DL,0,0,0,0
68,31,UL,0,0,0,0
68,32,DL,0,0,0,0
68,32,UL,0,0,0,0
68,33,DL,0,0,0,0
68,33,UL,0,0,0,0
68,34,DL,0,0,0,0
68,34,UL,0,0,0,0
68,35,DL,0,0,0,0
68,35,UL,0,0,0,0
68,36,DL,0,0,0,0
68,36,UL,0,0,0,0
68,37,DL,0,0,0,0
68,37,UL,0,0,0,0
68,38,DL,0,0,0,0
68,38,UL,0,0,0,0
68,39,DL,0,0,0,0
68,39,UL,0,0,0,0
68,40,DL,0,0,0,0
68,40,UL,0,0,0,0
68,41,DL,0,0,0,0
68,41,UL,0,0,0,0
68,42,DL,0,0,0,0
68,42,UL,0,0,0,0
68,43,DL,0,0,0,0
68,43,UL,0,0,0,0
68,44,DL,0,0,0,0
68,44,UL,0,0,0,0
68,45,DL,0,0,0,0
68,45,UL,0,0,0,0
68,46,DL,0,0,0,0
68,46,UL,0,0,0,0
68,47,DL,0,0,0,0
68,47,UL,0,0,0,0
68,48,DL,0.124886,0.0627143,0.0549011,28
68,48,UL,0,0,0,0
68,49,DL,0,0,0,0
68,49,UL,0,0,0,0
