Time,CellId,ServiceDlSnrDb,ServiceUlSnrDb,FeederDlSnrDb,FeederUlSnrDb,BackhaulDlSnrDb,BackhaulUlSnrDb,BackhaulHealthy
0.100000,5,10.852754,6.332154,18.267232,26.746632,10.852754,6.332154,1
0.100000,6,10.988754,6.468154,18.267232,26.746632,10.988754,6.468154,1
0.100000,7,11.725085,7.204485,18.267232,26.746632,11.725085,7.204485,1
0.600000,5,13.239665,8.719065,20.005874,28.485274,13.239665,8.719065,1
0.600000,6,12.695593,8.174993,20.005874,28.485274,12.695593,8.174993,1
0.600000,7,11.750661,7.230061,20.005874,28.485274,11.750661,7.230061,1
1.100000,5,12.817325,8.296725,20.342531,28.821931,12.817325,8.296725,1
1.100000,6,13.157064,8.636464,20.342531,28.821931,13.157064,8.636464,1
1.100000,7,13.466134,8.945535,20.342531,28.821931,13.466134,8.945535,1
1.600000,5,14.244427,9.723827,17.369550,25.848950,14.244427,9.723827,1
1.600000,6,11.647649,7.127049,17.369550,25.848950,11.647649,7.127049,1
1.600000,7,9.513805,4.993205,17.369550,25.848950,9.513805,4.993205,1
2.100000,5,13.432931,8.912331,20.555794,29.035194,13.432931,8.912331,1
2.100000,6,10.246087,5.725487,20.555794,29.035194,10.246087,5.725487,1
2.100000,7,13.439405,8.918805,20.555794,29.035194,13.439405,8.918805,1
2.600000,5,12.974413,8.453813,20.749866,29.229266,12.974413,8.453813,1
2.600000,6,14.126693,9.606093,20.749866,29.229266,14.126693,9.606093,1
2.600000,7,11.347934,6.827334,20.749866,29.229266,11.347934,6.827334,1
3.100000,5,14.541341,10.020741,20.546697,29.026097,14.541341,10.020741,1
3.100000,6,16.386337,11.865737,20.546697,29.026097,16.386337,11.865737,1
3.100000,7,13.233026,8.712426,20.546697,29.026097,13.233026,8.712426,1
3.600000,5,12.859547,8.338947,20.000686,28.480086,12.859547,8.338947,1
3.600000,6,10.672489,6.151890,20.000686,28.480086,10.672489,6.151890,1
3.600000,7,7.967820,3.447220,20.000686,28.480086,7.967820,3.447220,1
4.100000,5,12.313430,7.792830,19.950103,28.429503,12.313430,7.792830,1
4.100000,6,12.268074,7.747474,19.950103,28.429503,12.268074,7.747474,1
4.100000,7,10.069121,5.548521,19.950103,28.429503,10.069121,5.548521,1
4.600000,5,13.665228,9.144628,13.847362,22.326762,13.665228,9.144628,1
4.600000,6,12.923697,8.403097,13.847362,22.326762,12.923697,8.403097,1
4.600000,7,10.976469,6.455869,13.847362,22.326762,10.976469,6.455869,1
5.100000,5,10.471662,5.951062,18.351662,26.831063,10.471662,5.951062,1
5.100000,6,12.023887,7.503287,18.351662,26.831063,12.023887,7.503287,1
5.100000,7,12.100988,7.580388,18.351662,26.831063,12.100988,7.580388,1
5.600000,5,11.924963,7.404363,18.513986,26.993386,11.924963,7.404363,1
5.600000,6,11.911936,7.391336,18.513986,26.993386,11.911936,7.391336,1
5.600000,7,14.111066,9.590466,18.513986,26.993386,14.111066,9.590466,1
6.100000,5,15.536636,11.016036,17.054143,25.533543,15.536636,11.016036,1
6.100000,6,11.181741,6.661142,17.054143,25.533543,11.181741,6.661142,1
6.100000,7,13.771404,9.250804,17.054143,25.533543,13.771404,9.250804,1
6.600000,5,9.371515,4.850916,18.611234,27.090634,9.371515,4.850916,1
6.600000,6,11.639450,7.118850,18.611234,27.090634,11.639450,7.118850,1
6.600000,7,6.649650,2.129050,18.611234,27.090634,6.649650,2.129050,1
7.100000,5,8.391107,3.870507,19.243930,27.723330,8.391107,3.870507,1
7.100000,6,10.409145,5.888546,19.243930,27.723330,10.409145,5.888546,1
7.100000,7,11.537973,7.017373,19.243930,27.723330,11.537973,7.017373,1
7.600000,5,12.892751,8.372151,14.797199,23.276599,12.892751,8.372151,1
7.600000,6,10.042498,5.521898,14.797199,23.276599,10.042498,5.521898,1
7.600000,7,14.079430,9.558830,14.797199,23.276599,14.079430,9.558830,1
8.100000,5,14.978761,10.458161,19.657373,28.136773,14.978761,10.458161,1
8.100000,6,15.618827,11.098227,19.657373,28.136773,15.618827,11.098227,1
8.100000,7,11.810294,7.289694,19.657373,28.136773,11.810294,7.289694,1
8.600000,5,14.281472,9.760872,19.786227,28.265627,14.281472,9.760872,1
8.600000,6,12.518321,7.997721,19.786227,28.265627,12.518321,7.997721,1
8.600000,7,11.091945,6.571345,19.786227,28.265627,11.091945,6.571345,1
9.100000,5,11.854416,7.333816,17.884083,26.363483,11.854416,7.333816,1
9.100000,6,15.165218,10.644618,17.884083,26.363483,15.165218,10.644618,1
9.100000,7,13.167475,8.646875,17.884083,26.363483,13.167475,8.646875,1
9.600000,5,9.965287,5.444687,19.395594,27.874994,9.965287,5.444687,1
9.600000,6,12.650800,8.130200,19.395594,27.874994,12.650800,8.130200,1
9.600000,7,14.597551,10.076951,19.395594,27.874994,14.597551,10.076951,1
10.100000,5,12.539403,8.018803,19.782965,28.262366,12.539403,8.018803,1
10.100000,6,14.361387,9.840787,19.782965,28.262366,14.361387,9.840787,1
10.100000,7,15.778174,11.257574,19.782965,28.262366,15.778174,11.257574,1
10.600000,5,13.798366,9.277766,20.310565,28.789965,13.798366,9.277766,1
10.600000,6,14.082539,9.561939,20.310565,28.789965,14.082539,9.561939,1
10.600000,7,9.165322,4.644722,20.310565,28.789965,9.165322,4.644722,1
11.100000,5,11.445335,6.924735,19.472392,27.951792,11.445335,6.924735,1
11.100000,6,10.831234,6.310634,19.472392,27.951792,10.831234,6.310634,1
11.100000,7,13.686536,9.165936,19.472392,27.951792,13.686536,9.165936,1
11.600000,5,11.362188,6.841588,17.435688,25.915088,11.362188,6.841588,1
11.600000,6,13.285963,8.765363,17.435688,25.915088,13.285963,8.765363,1
11.600000,7,10.888340,6.367740,17.435688,25.915088,10.888340,6.367740,1
12.100000,5,14.369073,9.848473,19.780524,28.259924,14.369073,9.848473,1
12.100000,6,14.159544,9.638944,19.780524,28.259924,14.159544,9.638944,1
12.100000,7,12.518905,7.998305,19.780524,28.259924,12.518905,7.998305,1
12.600000,5,13.942446,9.421847,19.001855,27.481255,13.942446,9.421847,1
12.600000,6,15.792995,11.272395,19.001855,27.481255,15.792995,11.272395,1
12.600000,7,9.736575,5.215975,19.001855,27.481255,9.736575,5.215975,1
13.100000,5,11.985459,7.464859,17.059021,25.538421,11.985459,7.464859,1
13.100000,6,9.899724,5.379124,17.059021,25.538421,9.899724,5.379124,1
13.100000,7,10.320145,5.799545,17.059021,25.538421,10.320145,5.799545,1
13.600000,5,11.416705,6.896105,18.834006,27.313407,11.416705,6.896105,1
13.600000,6,10.849805,6.329205,18.834006,27.313407,10.849805,6.329205,1
13.600000,7,11.201529,6.680929,18.834006,27.313407,11.201529,6.680929,1
14.100000,5,11.945099,7.424499,16.797809,25.277210,11.945099,7.424499,1
14.100000,6,12.686098,8.165498,16.797809,25.277210,12.686098,8.165498,1
14.100000,7,14.047740,9.527140,16.797809,25.277210,14.047740,9.527140,1
14.600000,5,13.706028,9.185428,19.925966,28.405366,13.706028,9.185428,1
14.600000,6,14.989848,10.469248,19.925966,28.405366,14.989848,10.469248,1
14.600000,7,9.948277,5.427677,19.925966,28.405366,9.948277,5.427677,1
15.100000,5,11.913179,7.392579,20.669822,29.149222,11.913179,7.392579,1
15.100000,6,12.037114,7.516514,20.669822,29.149222,12.037114,7.516514,1
15.100000,7,9.789566,5.268966,20.669822,29.149222,9.789566,5.268966,1
15.600000,5,14.908826,10.388226,20.973816,29.453216,14.908826,10.388226,1
15.600000,6,15.061620,10.541020,20.973816,29.453216,15.061620,10.541020,1
15.600000,7,12.563194,8.042594,20.973816,29.453216,12.563194,8.042594,1
16.100000,5,11.014104,6.493504,17.107967,25.587368,11.014104,6.493504,1
16.100000,6,11.481111,6.960511,17.107967,25.587368,11.481111,6.960511,1
16.100000,7,10.000586,5.479986,17.107967,25.587368,10.000586,5.479986,1
16.600000,5,14.451816,9.931216,17.450899,25.930299,14.451816,9.931216,1
16.600000,6,10.049025,5.528425,17.450899,25.930299,10.049025,5.528425,1
16.600000,7,12.064433,7.543833,17.450899,25.930299,12.064433,7.543833,1
17.100000,5,14.337453,9.816853,18.363401,26.842801,14.337453,9.816853,1
17.100000,6,15.306887,10.786287,18.363401,26.842801,15.306887,10.786287,1
17.100000,7,11.912114,7.391514,18.363401,26.842801,11.912114,7.391514,1
17.600000,5,12.567703,8.047103,15.783009,24.262409,12.567703,8.047103,1
17.600000,6,12.657209,8.136609,15.783009,24.262409,12.657209,8.136609,1
17.600000,7,10.775824,6.255224,15.783009,24.262409,10.775824,6.255224,1
18.100000,5,12.750069,8.229469,17.556405,26.035805,12.750069,8.229469,1
18.100000,6,11.332712,6.812112,17.556405,26.035805,11.332712,6.812112,1
18.100000,7,12.549581,8.028981,17.556405,26.035805,12.549581,8.028981,1
18.600000,5,11.500015,6.979415,13.142537,21.621937,11.500015,6.979415,1
18.600000,6,13.312218,8.791618,13.142537,21.621937,13.142537,8.791618,1
18.600000,7,13.690665,9.170065,13.142537,21.621937,13.142537,9.170065,1
19.100000,5,12.702890,8.182290,21.056584,29.535985,12.702890,8.182290,1
19.100000,6,13.225450,8.704850,21.056584,29.535985,13.225450,8.704850,1
19.100000,7,14.109259,9.588659,21.056584,29.535985,14.109259,9.588659,1
19.600000,5,14.212737,9.692137,20.937829,29.417229,14.212737,9.692137,1
19.600000,6,11.419030,6.898430,20.937829,29.417229,11.419030,6.898430,1
19.600000,7,13.077916,8.557316,20.937829,29.417229,13.077916,8.557316,1
20.100000,5,15.678014,11.157414,18.544308,27.023709,15.678014,11.157414,1
20.100000,6,13.011326,8.490726,18.544308,27.023709,13.011326,8.490726,1
20.100000,7,12.086991,7.566391,18.544308,27.023709,12.086991,7.566391,1
20.600000,5,8.982167,4.461567,20.057350,28.536750,8.982167,4.461567,1
20.600000,6,12.414119,7.893519,20.057350,28.536750,12.414119,7.893519,1
20.600000,7,11.706775,7.186175,20.057350,28.536750,11.706775,7.186175,1
21.100000,5,12.253663,7.733063,16.327115,24.806515,12.253663,7.733063,1
21.100000,6,14.466474,9.945874,16.327115,24.806515,14.466474,9.945874,1
21.100000,7,9.584256,5.063656,16.327115,24.806515,9.584256,5.063656,1
21.600000,5,11.443606,6.923006,17.875168,26.354568,11.443606,6.923006,1
21.600000,6,15.164184,10.643584,17.875168,26.354568,15.164184,10.643584,1
21.600000,7,13.093658,8.573058,17.875168,26.354568,13.093658,8.573058,1
22.100000,5,13.361648,8.841048,18.773938,27.253338,13.361648,8.841048,1
22.100000,6,10.915798,6.395198,18.773938,27.253338,10.915798,6.395198,1
22.100000,7,10.971712,6.451112,18.773938,27.253338,10.971712,6.451112,1
22.600000,5,10.693264,6.172664,17.773166,26.252566,10.693264,6.172664,1
22.600000,6,11.882321,7.361721,17.773166,26.252566,11.882321,7.361721,1
22.600000,7,13.486794,8.966194,17.773166,26.252566,13.486794,8.966194,1
23.100000,5,12.941533,8.420933,16.511053,24.990453,12.941533,8.420933,1
23.100000,6,12.960988,8.440388,16.511053,24.990453,12.960988,8.440388,1
23.100000,7,9.927184,5.406584,16.511053,24.990453,9.927184,5.406584,1
23.600000,5,12.450936,7.930336,13.116152,21.595552,12.450936,7.930336,1
23.600000,6,13.008601,8.488001,13.116152,21.595552,13.008601,8.488001,1
23.600000,7,11.552022,7.031422,13.116152,21.595552,11.552022,7.031422,1
24.100000,5,9.639417,5.118817,20.302057,28.781457,9.639417,5.118817,1
24.100000,6,9.187367,4.666767,20.302057,28.781457,9.187367,4.666767,1
24.100000,7,6.823501,2.302901,20.302057,28.781457,6.823501,2.302901,1
24.600000,5,12.516846,7.996246,19.512522,27.991922,12.516846,7.996246,1
24.600000,6,14.929107,10.408507,19.512522,27.991922,14.929107,10.408507,1
24.600000,7,11.388356,6.867756,19.512522,27.991922,11.388356,6.867756,1
25.100000,5,9.983232,5.462632,17.258395,25.737795,9.983232,5.462632,1
25.100000,6,11.444408,6.923808,17.258395,25.737795,11.444408,6.923808,1
25.100000,7,13.072101,8.551501,17.258395,25.737795,13.072101,8.551501,1
25.600000,5,12.047159,7.526559,17.609928,26.089328,12.047159,7.526559,1
25.600000,6,11.892761,7.372162,17.609928,26.089328,11.892761,7.372162,1
25.600000,7,8.851101,4.330501,17.609928,26.089328,8.851101,4.330501,1
26.100000,5,13.891297,9.370697,17.713960,26.193360,13.891297,9.370697,1
26.100000,6,11.530819,7.010219,17.713960,26.193360,11.530819,7.010219,1
26.100000,7,10.274560,5.753961,17.713960,26.193360,10.274560,5.753961,1
26.600000,5,11.053568,6.532968,15.070013,23.549413,11.053568,6.532968,1
26.600000,6,13.245462,8.724862,15.070013,23.549413,13.245462,8.724862,1
26.600000,7,9.935724,5.415124,15.070013,23.549413,9.935724,5.415124,1
27.100000,5,9.297590,4.776991,17.531526,26.010926,9.297590,4.776991,1
27.100000,6,12.363585,7.842985,17.531526,26.010926,12.363585,7.842985,1
27.100000,7,11.971064,7.450464,17.531526,26.010926,11.971064,7.450464,1
27.600000,5,11.664057,7.143457,18.654287,27.133687,11.664057,7.143457,1
27.600000,6,14.511244,9.990644,18.654287,27.133687,14.511244,9.990644,1
27.600000,7,9.605698,5.085098,18.654287,27.133687,9.605698,5.085098,1
28.100000,5,13.500343,8.979743,19.446513,27.925913,13.500343,8.979743,1
28.100000,6,13.269716,8.749116,19.446513,27.925913,13.269716,8.749116,1
28.100000,7,12.809309,8.288709,19.446513,27.925913,12.809309,8.288709,1
28.600000,5,11.123271,6.602671,18.983293,27.462693,11.123271,6.602671,1
28.600000,6,11.443135,6.922536,18.983293,27.462693,11.443135,6.922536,1
28.600000,7,9.953794,5.433194,18.983293,27.462693,9.953794,5.433194,1
29.100000,5,15.117501,10.596901,16.974079,25.453479,15.117501,10.596901,1
29.100000,6,9.670881,5.150281,16.974079,25.453479,9.670881,5.150281,1
29.100000,7,11.140827,6.620227,16.974079,25.453479,11.140827,6.620227,1
29.600000,5,12.070850,7.550250,17.602339,26.081739,12.070850,7.550250,1
29.600000,6,13.025078,8.504478,17.602339,26.081739,13.025078,8.504478,1
29.600000,7,6.507731,1.987132,17.602339,26.081739,6.507731,1.987132,1
30.100000,5,11.924568,7.403968,21.021178,29.500578,11.924568,7.403968,1
30.100000,6,11.683797,7.163197,21.021178,29.500578,11.683797,7.163197,1
30.100000,7,14.088364,9.567765,21.021178,29.500578,14.088364,9.567765,1
30.600000,5,9.851095,5.330495,19.827259,28.306659,9.851095,5.330495,1
30.600000,6,12.616673,8.096074,19.827259,28.306659,12.616673,8.096074,1
30.600000,7,13.626583,9.105983,19.827259,28.306659,13.626583,9.105983,1
31.100000,5,13.077109,8.556509,18.385763,26.865163,13.077109,8.556509,1
31.100000,6,12.474496,7.953896,18.385763,26.865163,12.474496,7.953896,1
31.100000,7,10.626797,6.106197,18.385763,26.865163,10.626797,6.106197,1
31.600000,5,7.409031,2.888432,18.401095,26.880495,7.409031,2.888432,1
31.600000,6,14.023642,9.503042,18.401095,26.880495,14.023642,9.503042,1
31.600000,7,9.370546,4.849946,18.401095,26.880495,9.370546,4.849946,1
32.100000,5,12.051146,7.530546,19.456303,27.935703,12.051146,7.530546,1
32.100000,6,12.783390,8.262790,19.456303,27.935703,12.783390,8.262790,1
32.100000,7,9.855294,5.334694,19.456303,27.935703,9.855294,5.334694,1
32.600000,5,13.405969,8.885369,19.016128,27.495528,13.405969,8.885369,1
32.600000,6,11.542668,7.022068,19.016128,27.495528,11.542668,7.022068,1
32.600000,7,13.161444,8.640844,19.016128,27.495528,13.161444,8.640844,1
33.100000,5,12.237800,7.717200,16.266886,24.746286,12.237800,7.717200,1
33.100000,6,14.079548,9.558948,16.266886,24.746286,14.079548,9.558948,1
33.100000,7,11.813266,7.292666,16.266886,24.746286,11.813266,7.292666,1
33.600000,5,12.907768,8.387168,19.514221,27.993621,12.907768,8.387168,1
33.600000,6,14.376687,9.856088,19.514221,27.993621,14.376687,9.856088,1
33.600000,7,12.985839,8.465239,19.514221,27.993621,12.985839,8.465239,1
34.100000,5,9.636031,5.115431,16.249602,24.729002,9.636031,5.115431,1
34.100000,6,10.539720,6.019120,16.249602,24.729002,10.539720,6.019120,1
34.100000,7,12.376609,7.856009,16.249602,24.729002,12.376609,7.856009,1
34.600000,5,13.092985,8.572385,19.492440,27.971840,13.092985,8.572385,1
34.600000,6,10.633956,6.113356,19.492440,27.971840,10.633956,6.113356,1
34.600000,7,16.065259,11.544659,19.492440,27.971840,16.065259,11.544659,1
35.100000,5,12.884021,8.363421,19.500654,27.980054,12.884021,8.363421,1
35.100000,6,11.854210,7.333610,19.500654,27.980054,11.854210,7.333610,1
35.100000,7,13.676870,9.156270,19.500654,27.980054,13.676870,9.156270,1
35.600000,5,11.574177,7.053577,17.642307,26.121707,11.574177,7.053577,1
35.600000,6,10.528041,6.007441,17.642307,26.121707,10.528041,6.007441,1
35.600000,7,13.407274,8.886674,17.642307,26.121707,13.407274,8.886674,1
36.100000,5,14.949440,10.428840,17.793851,26.273251,14.949440,10.428840,1
36.100000,6,14.053644,9.533044,17.793851,26.273251,14.053644,9.533044,1
36.100000,7,11.268297,6.747697,17.793851,26.273251,11.268297,6.747697,1
36.600000,5,12.415636,7.895036,17.831284,26.310684,12.415636,7.895036,1
36.600000,6,14.721467,10.200867,17.831284,26.310684,14.721467,10.200867,1
36.600000,7,8.762115,4.241516,17.831284,26.310684,8.762115,4.241516,1
37.100000,5,13.134336,8.613736,19.670233,28.149633,13.134336,8.613736,1
37.100000,6,10.487430,5.966830,19.670233,28.149633,10.487430,5.966830,1
37.100000,7,12.735421,8.214821,19.670233,28.149633,12.735421,8.214821,1
37.600000,5,12.273247,7.752647,16.583545,25.062945,12.273247,7.752647,1
37.600000,6,15.056945,10.536345,16.583545,25.062945,15.056945,10.536345,1
37.600000,7,13.216573,8.695973,16.583545,25.062945,13.216573,8.695973,1
38.100000,5,12.178586,7.657986,16.416347,24.895747,12.178586,7.657986,1
38.100000,6,15.153192,10.632592,16.416347,24.895747,15.153192,10.632592,1
38.100000,7,10.874364,6.353764,16.416347,24.895747,10.874364,6.353764,1
38.600000,5,15.321806,10.801206,20.238432,28.717832,15.321806,10.801206,1
38.600000,6,10.790644,6.270044,20.238432,28.717832,10.790644,6.270044,1
38.600000,7,11.786015,7.265415,20.238432,28.717832,11.786015,7.265415,1
39.100000,5,11.895591,7.374991,20.383712,28.863112,11.895591,7.374991,1
39.100000,6,12.732065,8.211465,20.383712,28.863112,12.732065,8.211465,1
39.100000,7,14.838990,10.318391,20.383712,28.863112,14.838990,10.318391,1
39.600000,5,13.122038,8.601438,17.300594,25.779994,13.122038,8.601438,1
39.600000,6,13.919748,9.399148,17.300594,25.779994,13.919748,9.399148,1
39.600000,7,13.152214,8.631614,17.300594,25.779994,13.152214,8.631614,1
40.100000,5,13.914289,9.393689,17.070004,25.549404,13.914289,9.393689,1
40.100000,6,13.594667,9.074067,17.070004,25.549404,13.594667,9.074067,1
40.100000,7,12.992493,8.471893,17.070004,25.549404,12.992493,8.471893,1
40.600000,5,13.289954,8.769354,20.998344,29.477744,13.289954,8.769354,1
40.600000,6,12.639404,8.118804,20.998344,29.477744,12.639404,8.118804,1
40.600000,7,13.827343,9.306743,20.998344,29.477744,13.827343,9.306743,1
41.100000,5,14.224763,9.704163,19.406379,27.885779,14.224763,9.704163,1
41.100000,6,13.864374,9.343774,19.406379,27.885779,13.864374,9.343774,1
41.100000,7,15.888571,11.367971,19.406379,27.885779,15.888571,11.367971,1
41.600000,5,13.053723,8.533123,18.378508,26.857908,13.053723,8.533123,1
41.600000,6,15.718441,11.197841,18.378508,26.857908,15.718441,11.197841,1
41.600000,7,5.286518,0.765918,18.378508,26.857908,5.286518,0.765918,1
42.100000,5,12.706197,8.185597,18.434061,26.913461,12.706197,8.185597,1
42.100000,6,12.839365,8.318766,18.434061,26.913461,12.839365,8.318766,1
42.100000,7,14.547908,10.027308,18.434061,26.913461,14.547908,10.027308,1
42.600000,5,8.693157,4.172557,17.892136,26.371536,8.693157,4.172557,1
42.600000,6,9.146389,4.625789,17.892136,26.371536,9.146389,4.625789,1
42.600000,7,8.051442,3.530842,17.892136,26.371536,8.051442,3.530842,1
43.100000,5,15.567281,11.046681,19.302817,27.782217,15.567281,11.046681,1
43.100000,6,9.554820,5.034220,19.302817,27.782217,9.554820,5.034220,1
43.100000,7,12.714700,8.194100,19.302817,27.782217,12.714700,8.194100,1
43.600000,5,11.617764,7.097164,15.892161,24.371561,11.617764,7.097164,1
43.600000,6,11.866791,7.346191,15.892161,24.371561,11.866791,7.346191,1
43.600000,7,12.572805,8.052205,15.892161,24.371561,12.572805,8.052205,1
44.100000,5,13.085630,8.565030,18.698984,27.178385,13.085630,8.565030,1
44.100000,6,13.033093,8.512493,18.698984,27.178385,13.033093,8.512493,1
44.100000,7,14.303618,9.783018,18.698984,27.178385,14.303618,9.783018,1
44.600000,5,11.609066,7.088466,21.387351,29.866751,11.609066,7.088466,1
44.600000,6,15.828800,11.308201,21.387351,29.866751,15.828800,11.308201,1
44.600000,7,12.585357,8.064757,21.387351,29.866751,12.585357,8.064757,1
45.100000,5,12.671688,8.151088,18.441206,26.920606,12.671688,8.151088,1
45.100000,6,14.364447,9.843847,18.441206,26.920606,14.364447,9.843847,1
45.100000,7,13.869162,9.348562,18.441206,26.920606,13.869162,9.348562,1
45.600000,5,9.699202,5.178602,17.222146,25.701547,9.699202,5.178602,1
45.600000,6,12.746741,8.226142,17.222146,25.701547,12.746741,8.226142,1
45.600000,7,9.780283,5.259684,17.222146,25.701547,9.780283,5.259684,1
46.100000,5,12.247210,7.726610,13.661529,22.140929,12.247210,7.726610,1
46.100000,6,8.933427,4.412827,13.661529,22.140929,8.933427,4.412827,1
46.100000,7,9.591703,5.071103,13.661529,22.140929,9.591703,5.071103,1
46.600000,5,14.364585,9.843985,19.670116,28.149516,14.364585,9.843985,1
46.600000,6,14.427335,9.906735,19.670116,28.149516,14.427335,9.906735,1
46.600000,7,14.083734,9.563134,19.670116,28.149516,14.083734,9.563134,1
47.100000,5,12.302046,7.781446,17.433551,25.912951,12.302046,7.781446,1
47.100000,6,12.346505,7.825905,17.433551,25.912951,12.346505,7.825905,1
47.100000,7,12.109925,7.589325,17.433551,25.912951,12.109925,7.589325,1
47.600000,5,12.974709,8.454109,19.977759,28.457159,12.974709,8.454109,1
47.600000,6,11.747275,7.226675,19.977759,28.457159,11.747275,7.226675,1
47.600000,7,13.840690,9.320090,19.977759,28.457159,13.840690,9.320090,1
48.100000,5,12.795349,8.274749,21.720234,30.199634,12.795349,8.274749,1
48.100000,6,10.546480,6.025880,21.720234,30.199634,10.546480,6.025880,1
48.100000,7,8.335016,3.814416,21.720234,30.199634,8.335016,3.814416,1
48.600000,5,10.155468,5.634868,17.806383,26.285783,10.155468,5.634868,1
48.600000,6,7.458615,2.938015,17.806383,26.285783,7.458615,2.938015,1
48.600000,7,10.365833,5.845233,17.806383,26.285783,10.365833,5.845233,1
49.100000,5,15.175175,10.654575,20.164620,28.644020,15.175175,10.654575,1
49.100000,6,13.973171,9.452572,20.164620,28.644020,13.973171,9.452572,1
49.100000,7,12.134597,7.613997,20.164620,28.644020,12.134597,7.613997,1
49.600000,5,12.656852,8.136252,20.457818,28.937219,12.656852,8.136252,1
49.600000,6,11.523245,7.002645,20.457818,28.937219,11.523245,7.002645,1
49.600000,7,10.273746,5.753146,20.457818,28.937219,10.273746,5.753146,1
50.100000,5,16.431454,11.910854,18.603684,27.083084,16.431454,11.910854,1
50.100000,6,9.178111,4.657511,18.603684,27.083084,9.178111,4.657511,1
50.100000,7,10.259815,5.739215,18.603684,27.083084,10.259815,5.739215,1
50.600000,5,15.848741,11.328142,19.172020,27.651421,15.848741,11.328142,1
50.600000,6,13.452838,8.932238,19.172020,27.651421,13.452838,8.932238,1
50.600000,7,12.957284,8.436684,19.172020,27.651421,12.957284,8.436684,1
51.100000,5,14.191168,9.670568,20.302110,28.781510,14.191168,9.670568,1
51.100000,6,13.683873,9.163274,20.302110,28.781510,13.683873,9.163274,1
51.100000,7,12.133075,7.612475,20.302110,28.781510,12.133075,7.612475,1
51.600000,5,8.809285,4.288685,20.669369,29.148769,8.809285,4.288685,1
51.600000,6,11.990052,7.469452,20.669369,29.148769,11.990052,7.469452,1
51.600000,7,11.823869,7.303269,20.669369,29.148769,11.823869,7.303269,1
52.100000,5,13.071599,8.550999,17.334885,25.814285,13.071599,8.550999,1
52.100000,6,6.302292,1.781692,17.334885,25.814285,6.302292,1.781692,1
52.100000,7,10.843956,6.323356,17.334885,25.814285,10.843956,6.323356,1
52.600000,5,15.666229,11.145629,17.860542,26.339942,15.666229,11.145629,1
52.600000,6,13.430928,8.910328,17.860542,26.339942,13.430928,8.910328,1
52.600000,7,11.810497,7.289897,17.860542,26.339942,11.810497,7.289897,1
53.100000,5,12.960224,8.439624,18.768991,27.248391,12.960224,8.439624,1
53.100000,6,12.807922,8.287322,18.768991,27.248391,12.807922,8.287322,1
53.100000,7,13.988835,9.468236,18.768991,27.248391,13.988835,9.468236,1
53.600000,5,11.049851,6.529251,21.587615,30.067015,11.049851,6.529251,1
53.600000,6,9.608124,5.087524,21.587615,30.067015,9.608124,5.087524,1
53.600000,7,14.585175,10.064575,21.587615,30.067015,14.585175,10.064575,1
54.100000,5,8.831784,4.311185,20.496296,28.975696,8.831784,4.311185,1
54.100000,6,12.025431,7.504831,20.496296,28.975696,12.025431,7.504831,1
54.100000,7,13.391849,8.871249,20.496296,28.975696,13.391849,8.871249,1
54.600000,5,13.687514,9.166914,19.444009,27.923409,13.687514,9.166914,1
54.600000,6,11.056649,6.536049,19.444009,27.923409,11.056649,6.536049,1
54.600000,7,11.745812,7.225212,19.444009,27.923409,11.745812,7.225212,1
55.100000,5,12.682852,8.162252,18.694050,27.173451,12.682852,8.162252,1
55.100000,6,11.433821,6.913221,18.694050,27.173451,11.433821,6.913221,1
55.100000,7,13.538403,9.017803,18.694050,27.173451,13.538403,9.017803,1
55.600000,5,13.353334,8.832734,20.319151,28.798551,13.353334,8.832734,1
55.600000,6,12.296976,7.776376,20.319151,28.798551,12.296976,7.776376,1
55.600000,7,13.395560,8.874960,20.319151,28.798551,13.395560,8.874960,1
56.100000,5,11.599314,7.078714,18.084035,26.563435,11.599314,7.078714,1
56.100000,6,11.767829,7.247229,18.084035,26.563435,11.767829,7.247229,1
56.100000,7,12.055070,7.534470,18.084035,26.563435,12.055070,7.534470,1
56.600000,5,14.133587,9.612987,20.109489,28.588889,14.133587,9.612987,1
56.600000,6,11.835744,7.315144,20.109489,28.588889,11.835744,7.315144,