Time,UE,Dir,Delay,Jitter,Throughput,PDR
4,0,DL,0.512385,0.0244716,0.717279,30
4,0,UL,0.00620556,0.000184732,0.060791,99.6
4,1,DL,0.0779965,0.0207971,1.17604,48.3607
4,1,UL,0.00620569,0.000184732,0.060791,99.6
4,2,DL,0,0,0,0
4,2,UL,0,0,0,0
4,3,DL,0.316905,0.00212153,1.03614,43.3333
4,3,UL,0,0,0,0
4,4,DL,0,0,0,0
4,4,UL,0,0,0,0
4,5,DL,0,0,0,0
4,5,UL,0,0,0,0
4,6,DL,0,0,0,0
4,6,UL,0,0,0,0
4,7,DL,0.253883,0.000448186,0.0596943,2.5
4,7,UL,0,0,0,0
4,8,DL,0.257712,0.0112746,0.876486,36.6667
4,8,UL,0.00620583,0.000184735,0.060791,99.6
4,9,DL,0,0,0,0
4,9,UL,0,0,0,0
4,10,DL,0.0240994,0.00577462,0.119539,5
4,10,UL,0,0,0,0
4,11,DL,0,0,0,0
4,11,UL,0,0,0,0
4,12,DL,0,0,0,0
4,12,UL,0,0,0,0
4,13,DL,0,0,0,0
4,13,UL,0.247264,0.000243343,0.0461426,75.6
4,14,DL,0,0,0,0
4,14,UL,0,0,0,0
6,0,DL,1.06715,0.0120984,1.5142,31.9328
6,0,UL,0.00602885,0,0.0302734,12.4
6,1,DL,0.0292828,0.00602652,2.39172,49.5868
6,1,UL,0.109665,0.0198181,0.00537109,2.2
6,2,DL,0,0,0,0
6,2,UL,0,0,0,0
6,3,DL,0.733155,0.03618,0.597729,12.5
6,3,UL,0,0,0,0
6,4,DL,0.253909,0.000454618,1.83344,38.3333
6,4,UL,0.247137,0.000110293,0.203613,83.4
6,5,DL,0,0,0,0
6,5,UL,0,0,0,0
6,6,DL,0,0,0,0
6,6,UL,0,0,0,0
6,7,DL,0.253915,0.00048987,0.597702,12.5
6,7,UL,0,0,0,0
6,8,DL,0,0,0,0
6,8,UL,0.00602899,2.19355e-09,0.0302734,12.4
6,9,DL,0,0,0,0
6,9,UL,0,0,0,0
6,10,DL,0,0,0,0
6,10,UL,0,0,0,0
6,11,DL,0,0,0,0
6,11,UL,0,0,0,0
6,12,DL,0,0,0,0
6,12,UL,0,0,0,0
6,13,DL,0.626151,0.00225568,3.54567,74.7899
6,13,UL,0.247032,8.91803e-09,0.0595703,24.4
6,14,DL,0,0,0,0
6,14,UL,0,0,0,0
8,0,DL,2.49242,0.603625,0.0794373,1.66667
8,0,UL,0,0,0,0
8,1,DL,0.0151608,0.00196721,4.70052,99.1597
8,1,UL,0,0,0,0
8,2,DL,0,0,0,0
8,2,UL,0,0,0,0
8,3,DL,0.849227,0.00244897,4.18398,86.7769
8,3,UL,0,0,0,0
8,4,DL,0.256788,0.00212344,4.54076,95
8,4,UL,0.247032,0,0.244141,100
8,5,DL,0,0,0,0
8,5,UL,0,0,0,0
8,6,DL,0,0,0,0
8,6,UL,0,0,0,0
8,7,DL,0,0,0,0
8,7,UL,0,0,0,0
8,8,DL,1.93016,0.0586546,1.15556,23.9669
8,8,UL,0,0,0,0
8,9,DL,0,0,0,0
8,9,UL,0,0,0,0
8,10,DL,2.3915,0.493556,0.199421,4.20168
8,10,UL,0,0,0,0
8,11,DL,0,0,0,0
8,11,UL,0,0,0,0
8,12,DL,0,0,0,0
8,12,UL,0,0,0,0
8,13,DL,0.910874,0.00775809,2.07087,43.3333
8,13,UL,0,0,0,0
8,14,DL,0,0,0,0
8,14,UL,0,0,0,0
10,0,DL,3.11763,0.0274017,1.23479,26.0504
10,0,UL,0,0,0,0
10,1,DL,0.0126725,0.000222332,0.27895,5.83333
10,1,UL,0,0,0,0
10,2,DL,0,0,0,0
10,2,UL,0,0,0,0
10,3,DL,1.16887,0.00904815,2.15125,45
10,3,UL,0,0,0,0
10,4,DL,0.253834,0.000504192,2.62984,55
10,4,UL,0.247032,0,0.244141,100
10,5,DL,0,0,0,0
10,5,UL,0,0,0,0
10,6,DL,0,0,0,0
10,6,UL,0,0,0,0
10,7,DL,0,0,0,0
10,7,UL,0,0,0,0
10,8,DL,0,0,0,0
10,8,UL,0,0,0,0
10,9,DL,0,0,0,0
10,9,UL,0,0,0,0
10,10,DL,2.68989,0.0168817,1.43435,30.2521
10,10,UL,0,0,0,0
10,11,DL,0,0,0,0
10,11,UL,0,0,0,0
10,12,DL,0,0,0,0
10,12,UL,0,0,0,0
10,13,DL,1.03888,0.00220992,2.11069,44.1667
10,13,UL,0,0,0,0
10,14,DL,0.0615854,0.01358,0.199303,4.20168
10,14,UL,0,0,0,0
12,0,DL,3.35747,0.0100289,0.0397072,0.833333
12,0,UL,0,0,0,0
12,1,DL,0.0191021,0.00411655,2.15086,45
12,1,UL,0,0,0,0
12,2,DL,0,0,0,0
12,2,UL,0,0,0,0
12,3,DL,1.37333,0.00235534,4.18315,87.5
12,3,UL,0,0,0,0
12,4,DL,0.257702,0.00239495,4.58232,94.2623
12,4,UL,0.247032,0,0.244141,100
12,5,DL,0,0,0,0
12,5,UL,0,0,0,0
12,6,DL,0,0,0,0
12,6,UL,0,0,0,0
12,7,DL,0,0,0,0
12,7,UL,0,0,0,0
12,8,DL,3.71617,0.08603,0.876633,18.3333
12,8,UL,0,0,0,0
12,9,DL,0,0,0,0
12,9,UL,0,0,0,0
12,10,DL,0,0,0,0
12,10,UL,0,0,0,0
12,11,DL,0,0,0,0
12,11,UL,0,0,0,0
12,12,DL,0,0,0,0
12,12,UL,0,0,0,0
12,13,DL,1.44387,0.0209757,1.47362,30.8333
12,13,UL,0,0,0,0
12,14,DL,0,0,0,0
12,14,UL,0,0,0,0
14,0,DL,4.70315,0.0331664,2.19206,45.4545
14,0,UL,0,0,0,0
14,1,DL,0.0364673,0.00905005,2.90827,60.8333
14,1,UL,0,0,0,0
14,2,DL,0,0,0,0
14,2,UL,0,0,0,0
14,3,DL,1.6457,0.0056165,1.75245,36.3636
14,3,UL,0,0,0,0
14,4,DL,0.253862,0.000465453,4.77947,100
14,4,UL,0.247032,0,0.244141,100
14,5,DL,0,0,0,0
14,5,UL,0,0,0,0
14,6,DL,0,0,0,0
14,6,UL,0,0,0,0
14,7,DL,0,0,0,0
14,7,UL,0,0,0,0
14,8,DL,0,0,0,0
14,8,UL,0,0,0,0
14,9,DL,0,0,0,0
14,9,UL,0,0,0,0
14,10,DL,0,0,0,0
14,10,UL,0,0,0,0
14,11,DL,0,0,0,0
14,11,UL,0,0,0,0
14,12,DL,0,0,0,0
14,12,UL,0,0,0,0
14,13,DL,1.65162,0.0118161,1.79197,37.8151
14,13,UL,0,0,0,0
14,14,DL,0,0,0,0
14,14,UL,0,0,0,0
16,0,DL,5.02634,0.0115587,0.0397034,0.840336
16,0,UL,0,0,0,0
16,1,DL,0.012867,0.00129491,0.079216,1.68067
16,1,UL,0,0,0,0
16,2,DL,0,0,0,0
16,2,UL,0,0,0,0
16,3,DL,1.86908,0.00247264,4.18441,88.2353
16,3,UL,0,0,0,0
16,4,DL,0.253779,0.000463566,2.6295,55
16,4,UL,0.247032,0,0.244141,100
16,5,DL,0,0,0,0
16,5,UL,0,0,0,0
16,6,DL,0,0,0,0
16,6,UL,0,0,0,0
16,7,DL,0,0,0,0
16,7,UL,0,0,0,0
16,8,DL,5.73687,0.085729,0.956753,20
16,8,UL,0,0,0,0
16,9,DL,0,0,0,0
16,9,UL,0,0,0,0
16,10,DL,0,0,0,0
16,10,UL,0,0,0,0
16,11,DL,0,0,0,0
16,11,UL,0,0,0,0
16,12,DL,0,0,0,0
16,12,UL,0,0,0,0
16,13,DL,1.88116,0.00773352,2.35065,49.1667
16,13,UL,0,0,0,0
16,14,DL,0.0162922,0.00228597,4.22426,89.0756
16,14,UL,0,0,0,0
18,0,DL,6.60087,0.101261,0.717236,15.1261
18,0,UL,0,0,0,0
18,1,DL,0.0126391,0.000356755,0.239182,5.04202
18,1,UL,0,0,0,0
18,2,DL,0,0,0,0
18,2,UL,0,0,0,0
18,3,DL,2.12232,0.00340082,4.14314,86.6667
18,3,UL,0,0,0,0
18,4,DL,0.258696,0.00345612,2.3896,50
18,4,UL,0.247032,0,0.244141,100
18,5,DL,0,0,0,0
18,5,UL,0,0,0,0
18,6,DL,0,0,0,0
18,6,UL,0,0,0,0
18,7,DL,0,0,0,0
18,7,UL,0,0,0,0
18,8,DL,0,0,0,0
18,8,UL,0,0,0,0
18,9,DL,0,0,0,0
18,9,UL,0,0,0,0
18,10,DL,0,0,0,0
18,10,UL,0,0,0,0
18,11,DL,0,0,0,0
18,11,UL,0,0,0,0
18,12,DL,0,0,0,0
18,12,UL,0,0,0,0
18,13,DL,1.97988,0.00254129,0.518764,10.9244
18,13,UL,0,0,0,0
18,14,DL,0.012972,0.000441721,0.27924,5.83333
18,14,UL,0,0,0,0
20,0,DL,6.89654,0.0122651,1.39505,29.661
20,0,UL,0,0,0,0
20,1,DL,0.0275171,0.00630919,1.9915,41.6667
20,1,UL,0,0,0,0
20,2,DL,0,0,0,0
20,2,UL,0,0,0,0
20,3,DL,2.25788,0.00219042,0.518372,10.8333
20,3,UL,0,0,0,0
20,4,DL,0,0,0,0
20,4,UL,0.247032,0,0.244141,100
20,5,DL,0,0,0,0
20,5,UL,0,0,0,0
20,6,DL,0,0,0,0
20,6,UL,0,0,0,0
20,7,DL,0,0,0,0
20,7,UL,0,0,0,0
20,8,DL,0,0,0,0
20,8,UL,0,0,0,0
20,9,DL,0,0,0,0
20,9,UL,0,0,0,0
20,10,DL,0,0,0,0
20,10,UL,0,0,0,0
20,11,DL,0,0,0,0
20,11,UL,0,0,0,0
20,12,DL,0,0,0,0
20,12,UL,0,0,0,0
20,13,DL,0,0,0,0
20,13,UL,0,0,0,0
20,14,DL,0,0,0,0
20,14,UL,0,0,0,0
22,0,DL,8.17914,0.0407773,1.31599,27.5
22,0,UL,0,0,0,0
22,1,DL,0.018842,0.00461137,1.59317,33.6134
22,1,UL,0,0,0,0
22,2,DL,0,0,0,0
22,2,UL,0,0,0,0
22,3,DL,2.67325,0.0107949,2.31036,48.3333
22,3,UL,0,0,0,0
22,4,DL,0.253752,0.000470705,0.99625,20.4918
22,4,UL,0.247032,0,0.244141,100
22,5,DL,0,0,0,0
22,5,UL,0,0,0,0
22,6,DL,0,0,0,0
22,6,UL,0,0,0,0
22,7,DL,0,0,0,0
22,7,UL,0,0,0,0
22,8,DL,8.02557,0.131563,0.717384,14.876
22,8,UL,0,0,0,0
22,9,DL,0,0,0,0
22,9,UL,0,0,0,0
22,10,DL,0,0,0,0
22,10,UL,0,0,0,0
22,11,DL,0,0,0,0
22,11,UL,0,0,0,0
22,12,DL,0,0,0,0
22,12,UL,0,0,0,0
22,13,DL,0,0,0,0
22,13,UL,0,0,0,0
22,14,DL,0,0,0,0
22,14,UL,0,0,0,0
24,0,DL,9.0815,0.0428474,0.917122,19.3277
24,0,UL,0,0,0,0
24,1,DL,0,0,0,0
24,1,UL,0,0,0,0
24,2,DL,0,0,0,0
24,2,UL,0,0,0,0
24,3,DL,2.86839,0.00248644,4.1846,86.7769
24,3,UL,0,0,0,0
24,4,DL,0.276104,0.0449023,2.93089,62.1849
24,4,UL,0.247032,0,0.244141,100
24,5,DL,0,0,0,0
24,5,UL,0,0,0,0
24,6,DL,0,0,0,0
24,6,UL,0,0,0,0
24,7,DL,0,0,0,0
24,7,UL,0,0,0,0
24,8,DL,8.88883,0.0869346,0.438221,9.16667
24,8,UL,0,0,0,0
24,9,DL,0,0,0,0
24,9,UL,0,0,0,0
24,10,DL,0,0,0,0
24,10,UL,0,0,0,0
24,11,DL,0,0,0,0
24,11,UL,0,0,0,0
24,12,DL,0,0,0,0
24,12,UL,0,0,0,0
24,13,DL,0,0,0,0
24,13,UL,0,0,0,0
24,14,DL,0,0,0,0
24,14,UL,0,0,0,0
26,0,DL,9.68882,0.0156503,2.5499,53.7815
26,0,UL,0,0,0,0
26,1,DL,0,0,0,0
26,1,UL,0,0,0,0
26,2,DL,0,0,0,0
26,2,UL,0,0,0,0
26,3,DL,3.0778,0.00231173,2.62898,54.5455
26,3,UL,0,0,0,0
26,4,DL,0.253868,0.000524973,2.66788,55.3719
26,4,UL,0.247032,0,0.244141,100
26,5,DL,0,0,0,0
26,5,UL,0,0,0,0
26,6,DL,0,0,0,0
26,6,UL,0,0,0,0
26,7,DL,0,0,0,0
26,7,UL,0,0,0,0
26,8,DL,9.97913,0.0479342,1.15543,24.1667
26,8,UL,0,0,0,0
26,9,DL,0,0,0,0
26,9,UL,0,0,0,0
26,10,DL,0,0,0,0
26,10,UL,0,0,0,0
26,11,DL,0,0,0,0
26,11,UL,0,0,0,0
26,12,DL,0,0,0,0
26,12,UL,0,0,0,0
26,13,DL,0,0,0,0
26,13,UL,0,0,0,0
26,14,DL,0,0,0,0
26,14,UL,0,0,0,0
28,0,DL,0,0,0,0
28,0,UL,0,0,0,0
28,1,DL,0.733286,0.103533,0.279251,5.83333
28,1,UL,0,0,0,0
28,2,DL,0,0,0,0
28,2,UL,0,0,0,0
28,3,DL,3.37593,0.0375721,2.08146,43.8017
28,3,UL,0,0,0,0
28,4,DL,0,0,0,0
28,4,UL,0.247032,0,0.244141,100
28,5,DL,0,0,0,0
28,5,UL,0,0,0,0
28,6,DL,0,0,0,0
28,6,UL,0,0,0,0
28,7,DL,0,0,0,0
28,7,UL,0,0,0,0
28,8,DL,10.9803,0.849053,0.0399666,0.833333
28,8,UL,0,0,0,0
28,9,DL,0,0,0,0
28,9,UL,0,0,0,0
28,10,DL,0,0,0,0
28,10,UL,0,0,0,0
28,11,DL,0,0,0,0
28,11,UL,0,0,0,0
28,12,DL,0,0,0,0
28,12,UL,0,0,0,0
28,13,DL,0,0,0,0
28,13,UL,0,0,0,0
28,14,DL,0.198533,0.123041,0.0794373,1.62602
28,14,UL,0,0,0,0
30,0,DL,0,0,0,0
30,0,UL,0,0,0,0
30,1,DL,0,0,0,0
30,1,UL,0,0,0,0
30,2,DL,0,0,0,0
30,2,UL,0,0,0,0
30,3,DL,3.62174,0.0109569,1.91128,40
30,3,UL,0,0,0,0
30,4,DL,0,0,0,0
30,4,UL,0.247032,0,0.244141,100
30,5,DL,0,0,0,0
30,5,UL,0,0,0,0
30,6,DL,0,0,0,0
30,6,UL,0,0,0,0
30,7,DL,0,0,0,0
30,7,UL,0,0,0,0
30,8,DL,0,0,0,0
30,8,UL,0,0,0,0
30,9,DL,0,0,0,0
30,9,UL,0,0,0,0
30,10,DL,0,0,0,0
30,10,UL,0,0,0,0
30,11,DL,0,0,0,0
30,11,UL,0,0,0,0
30,12,DL,0,0,0,0
30,12,UL,0,0,0,0
30,13,DL,0,0,0,0
30,13,UL,0,0,0,0
30,14,DL,0,0,0,0
30,14,UL,0,0,0,0
32,0,DL,0,0,0,0
32,0,UL,0,0,0,0
32,1,DL,0,0,0,0
32,1,UL,0,0,0,0
32,2,DL,0,0,0,0
32,2,UL,0,0,0,0
32,3,DL,3.93036,0.00702555,3.58631,75
32,3,UL,0,0,0,0
32,4,DL,0.256036,0.00187604,4.46363,93.3333
32,4,UL,0.247032,0,0.244141,100
32,5,DL,0,0,0,0
32,5,UL,0,0,0,0
32,6,DL,0,0,0,0
32,6,UL,0,0,0,0
32,7,DL,0,0,0,0
32,7,UL,0,0,0,0
32,8,DL,0,0,0,0
32,8,UL,0,0,0,0
32,9,DL,0,0,0,0
32,9,UL,0,0,0,0
32,10,DL,0,0,0,0
32,10,UL,0,0,0,0
32,11,DL,0,0,0,0
32,11,UL,0,0,0,0
32,12,DL,0,0,0,0
32,12,UL,0,0,0,0
32,13,DL,3.91109,0.498166,0.15937,3.30579
32,13,UL,0,0,0,0
32,14,DL,0,0,0,0
32,14,UL,0,0,0,0
34,0,DL,0,0,0,0
34,0,UL,0,0,0,0
34,1,DL,0,0,0,0
34,1,UL,0,0,0,0
34,2,DL,0,0,0,0
34,2,UL,0,0,0,0
34,3,DL,4.16203,0.00241651,4.18255,87.5
34,3,UL,0,0,0,0
34,4,DL,0.269356,0.0060044,2.31097,48.3333
34,4,UL,0.247032,0,0.244141,100
34,5,DL,0,0,0,0
34,5,UL,0,0,0,0
34,6,DL,0,0,0,0
34,6,UL,0,0,0,0
34,7,DL,0.287649,0.0107467,0.318752,6.66667
34,7,UL,0,0,0,0
34,8,DL,0,0,0,0
34,8,UL,0,0,0,0
34,9,DL,0,0,0,0
34,9,UL,0,0,0,0
34,10,DL,0,0,0,0
34,10,UL,0,0,0,0
34,11,DL,0,0,0,0
34,11,UL,0,0,0,0
34,12,DL,0,0,0,0
34,12,UL,0,0,0,0
34,13,DL,0,0,0,0
34,13,UL,0,0,0,0
34,14,DL,0,0,0,0
34,14,UL,0,0,0,0
36,0,DL,0,0,0,0
36,0,UL,0,0,0,0
36,1,DL,0,0,0,0
36,1,UL,0,0,0,0
36,2,DL,0.0193257,0.00248152,2.15277,45.3782
36,2,UL,0,0,0,0
36,3,DL,4.41732,0.00228398,4.18231,87.5
36,3,UL,0,0,0,0
36,4,DL,0.25799,0.00315032,4.70116,98.3333
36,4,UL,0.247032,0,0.043457,17.8
36,5,DL,0,0,0,0
36,5,UL,0,0,0,0
36,6,DL,0,0,0,0
36,6,UL,0,0,0,0
36,7,DL,0,0,0,0
36,7,UL,0,0,0,0
36,8,DL,0,0,0,0
36,8,UL,0,0,0,0
36,9,DL,0,0,0,0
36,9,UL,0,0,0,0
36,10,DL,0,0,0,0
36,10,UL,0,0,0,0
36,11,DL,0,0,0,0
36,11,UL,0,0,0,0
36,12,DL,0,0,0,0
36,12,UL,0,0,0,0
36,13,DL,0,0,0,0
36,13,UL,0,0,0,0
36,14,DL,0,0,0,0
36,14,UL,0,0,0,0
38,0,DL,0,0,0,0
38,0,UL,0,0,0,0
38,1,DL,0,0,0,0
38,1,UL,0,0,0,0
38,2,DL,0.025177,0.00481038,4.1445,85.9504
38,2,UL,0,0,0,0
38,3,DL,4.61722,0.00254181,2.62922,55
38,3,UL,0,0,0,0
38,4,DL,0.27139,0.00664339,2.27184,47.1074
38,4,UL,0,0,0,0
38,5,DL,0,0,0,0
38,5,UL,0,0,0,0
38,6,DL,0,0,0,0
38,6,UL,0,0,0,0
38,7,DL,0,0,0,0
38,7,UL,0,0,0,0
38,8,DL,0,0,0,0
38,8,UL,0,0,0,0
38,9,DL,0,0,0,0
38,9,UL,0,0,0,0
38,10,DL,0,0,0,0
38,10,UL,0,0,0,0
38,11,DL,0,0,0,0
38,11,UL,0,0,0,0
38,12,DL,0,0,0,0
38,12,UL,0,0,0,0
38,13,DL,0,0,0,0
38,13,UL,0,0,0,0
38,14,DL,0,0,0,0
38,14,UL,0,0,0,0
40,0,DL,0,0,0,0
40,0,UL,0,0,0,0
40,1,DL,0,0,0,0
40,1,UL,0,0,0,0
40,2,DL,0.0127558,0.000468079,2.66948,55.3719
40,2,UL,0,0,0,0
40,3,DL,4.8872,0.0071992,2.3091,49.1525
40,3,UL,0,0,0,0
40,4,DL,0.297072,0.0587815,2.50117,52.0661
40,4,UL,0,0,0,0
40,5,DL,0,0,0,0
40,5,UL,0,0,0,0
40,6,DL,0,0,0,0
40,6,UL,0,0,0,0
40,7,DL,0,0,0,0
40,7,UL,0,0,0,0
40,8,DL,0,0,0,0
40,8,UL,0,0,0,0
40,9,DL,0,0,0,0
40,9,UL,0,0,0,0
40,10,DL,0,0,0,0
40,10,UL,0,0,0,0
40,11,DL,0,0,0,0
40,11,UL,0,0,0,0
40,12,DL,0.253822,0.000471895,1.83141,38.0165
40,12,UL,0,0,0,0
40,13,DL,0,0,0,0
40,13,UL,0,0,0,0
40,14,DL,0,0,0,0
40,14,UL,0,0,0,0
42,0,DL,0,0,0,0
42,0,UL,0,0,0,0
42,1,DL,0,0,0,0
42,1,UL,0,0,0,0
42,2,DL,0.0179742,0.0037941,2.03218,42.5
42,2,UL,0,0,0,0
42,3,DL,5.15548,0.0112945,1.67285,35
42,3,UL,0,0,0,0
42,4,DL,0.389714,0.248875,0.557644,11.5702
42,4,UL,0,0,0,0
42,5,DL,0,0,0,0
42,5,UL,0,0,0,0
42,6,DL,0,0,0,0
42,6,UL,0,0,0,0
42,7,DL,0,0,0,0
42,7,UL,0,0,0,0
42,8,DL,0,0,0,0
42,8,UL,0,0,0,0
42,9,DL,0,0,0,0
42,9,UL,0,0,0,0
42,10,DL,0,0,0,0
42,10,UL,0,0,0,0
42,11,DL,0,0,0,0
42,11,UL,0,0,0,0
42,12,DL,0,0,0,0
42,12,UL,0,0,0,0
42,13,DL,0,0,0,0
42,13,UL,0,0,0,0
42,14,DL,0,0,0,0
42,14,UL,0,0,0,0
44,0,DL,0,0,0,0
44,0,UL,0,0,0,0
44,1,DL,0,0,0,0
44,1,UL,0,0,0,0
44,2,DL,0.15462,0.0133947,1.23449,25.8333
44,2,UL,0,0,0,0
44,3,DL,5.4067,0.0143585,1.39401,28.9256
44,3,UL,0,0,0,0
44,4,DL,0.279747,0.0134213,0.478069,10.084
44,4,UL,0,0,0,0
44,5,DL,0,0,0,0
44,5,UL,0,0,0,0
44,6,DL,0,0,0,0
44,6,UL,0,0,0,0
44,7,DL,0,0,0,0
44,7,UL,0,0,0,0
44,8,DL,0,0,0,0
44,8,UL,0,0,0,0
44,9,DL,0,0,0,0
44,9,UL,0,0,0,0
44,10,DL,0,0,0,0
44,10,UL,0,0,0,0
44,11,DL,0,0,0,0
44,11,UL,0,0,0,0
44,12,DL,0,0,0,0
44,12,UL,0,0,0,0
44,13,DL,0,0,0,0
44,13,UL,0,0,0,0
44,14,DL,0,0,0,0
44,14,UL,0,0,0,0
46,0,DL,0,0,0,0
46,0,UL,0,0,0,0
46,1,DL,0,0,0,0
46,1,UL,0,0,0,0
46,2,DL,0.208087,0.00334733,0.198822,4.20168
46,2,UL,0,0,0,0
46,3,DL,5.62667,0.0105823,1.47401,31.0924
46,3,UL,0,0,0,0
46,4,DL,0,0,0,0
46,4,UL,0,0,0,0
46,5,DL,0,0,0,0
46,5,UL,0,0,0,0
46,6,DL,0,0,0,0
46,6,UL,0,0,0,0
46,7,DL,0,0,0,0
46,7,UL,0,0,0,0
46,8,DL,0,0,0,0
46,8,UL,0,0,0,0
46,9,DL,0,0,0,0
46,9,UL,0,0,0,0
46,10,DL,0,0,0,0
46,10,UL,0,0,0,0
46,11,DL,0,0,0,0
46,11,UL,0,0,0,0
46,12,DL,0,0,0,0
46,12,UL,0,0,0,0
46,13,DL,0,0,0,0
46,13,UL,0,0,0,0
46,14,DL,0,0,0,0
46,14,UL,0,0,0,0
48,0,DL,0,0,0,0
48,0,UL,0,0,0,0
48,1,DL,0,0,0,0
48,1,UL,0,0,0,0
48,2,DL,0.715145,0.0304901,0.955181,20
48,2,UL,0,0,0,0
48,3,DL,0,0,0,0
48,3,UL,0,0,0,0
48,4,DL,0,0,0,0
48,4,UL,0,0,0,0
48,5,DL,0.171488,0.0555621,0.158829,3.33333
48,5,UL,0,0,0,0
48,6,DL,0,0,0,0
48,6,UL,0,0,0,0
48,7,DL,0,0,0,0
48,7,UL,0,0,0,0
48,8,DL,0,0,0,0
48,8,UL,0,0,0,0
48,9,DL,0,0,0,0
48,9,UL,0,0,0,0
48,10,DL,0,0,0,0
48,10,UL,0,0,0,0
48,11,DL,0,0,0,0
48,11,UL,0,0,0,0
48,12,DL,0,0,0,0
48,12,UL,0,0,0,0
48,13,DL,5.76741,0.0967414,0.996147,20.6612
48,13,UL,0,0,0,0
48,14,DL,0,0,0,0
48,14,UL,0,0,0,0
50,0,DL,0,0,0,0
50,0,UL,0,0,0,0
50,1,DL,0,0,0,0
50,1,UL,0,0,0,0
50,2,DL,0.803402,0.00256109,2.38974,50
50,2,UL,0,0,0,0
50,3,DL,0,0,0,0
50,3,UL,0,0,0,0
50,4,DL,0,0,0,0
50,4,UL,0,0,0,0
50,5,DL,0,0,0,0
50,5,UL,0,0,0,0
50,6,DL,0,0,0,0
50,6,UL,0,0,0,0
50,7,DL,0,0,0,0
50,7,UL,0,0,0,0
50,8,DL,0,0,0,0
50,8,UL,0,0,0,0
50,9,DL,0,0,0,0
50,9,UL,0,0,0,0
50,10,DL,0,0,0,0
50,10,UL,0,0,0,0
50,11,DL,0,0,0,0
50,11,UL,0,0,0,0
50,12,DL,0,0,0,0
50,12,UL,0,0,0,0
50,13,DL,4.84305,0.00724332,8.40626,177.311
50,13,UL,0,0,0,0
50,14,DL,0,0,0,0
50,14,UL,0,0,0,0
52,0,DL,0,0,0,0
52,0,UL,0,0,0,0
52,1,DL,0,0,0,0
52,1,UL,0,0,0,0
52,2,DL,0,0,0,0
52,2,UL,0,0,0,0
52,3,DL,0,0,0,0
52,3,UL,0,0,0,0
52,4,DL,0,0,0,0
52,4,UL,0,0,0,0
52,5,DL,0,0,0,0
52,5,UL,0,0,0,0
52,6,DL,0,0,0,0
52,6,UL,0,0,0,0
52,7,DL,0,0,0,0
52,7,UL,0,0,0,0
52,8,DL,0,0,0,0
52,8,UL,0,0,0,0
52,9,DL,0,0,0,0
52,9,UL,0,0,0,0
52,10,DL,0,0,0,0
52,10,UL,0,0,0,0
52,11,DL,0,0,0,0
52,11,UL,0,0,0,0
52,12,DL,0,0,0,0
52,12,UL,0,0,0,0
52,13,DL,3.57089,0.00877228,4.78055,99.1736
52,13,UL,0,0,0,0
52,14,DL,0,0,0,0
52,14,UL,0,0,0,0
54,0,DL,0,0,0,0
54,0,UL,0,0,0,0
54,1,DL,0,0,0,0
54,1,UL,0,0,0,0
54,2,DL,0.434641,0.0158808,1.55442,32.7731
54,2,UL,0,0,0,0
54,3,DL,0,0,0,0
54,3,UL,0,0,0,0
54,4,DL,0,0,0,0
54,4,UL,0,0,0,0
54,5,DL,4.6158,0.386842,0.478027,9.91736
54,5,UL,0,0,0,0
54,6,DL,0,0,0,0
54,6,UL,0,0,0,0
54,7,DL,0,0,0,0
54,7,UL,0,0,0,0
54,8,DL,0.112761,1.39721,0.318417,6.66667
54,8,UL,0,0,0,0
54,9,DL,0,0,0,0
54,9,UL,0,0,0,0
54,10,DL,0,0,0,0
54,10,UL,0,0,0,0
54,11,DL,0,0,0,0
54,11,UL,0,0,0,0
54,12,DL,0,0,0,0
54,12,UL,0,0,0,0
54,13,DL,1.70948,0.0131358,7.21006,150.833
54,13,UL,0,0,0,0
54,14,DL,0,0,0,0
54,14,UL,0,0,0,0
56,0,DL,0,0,0,0
56,0,UL,0,0,0,0
56,1,DL,0,0,0,0
56,1,UL,0,0,0,0
56,2,DL,0.070831,0.00735045,3.14838,66.3866
56,2,UL,0,0,0,0
56,3,DL,0,0,0,0
56,3,UL,0,0,0,0
56,4,DL,1.36711,0.205857,0.238873,5
56,4,UL,0,0,0,0
56,5,DL,4.91127,0.0479515,0.0400162,0.840336
56,5,UL,0,0,0,0
56,6,DL,0,0,0,0
56,6,UL,0,0,0,0
56,7,DL,0,0,0,0
56,7,UL,0,0,0,0
56,8,DL,0,0,0,0
56,8,UL,0,0,0,0
56,9,DL,0,0,0,0
56,9,UL,0,0,0,0
56,10,DL,0,0,0,0
56,10,UL,0,0,0,0
56,11,DL,0,0,0,0
56,11,UL,0,0,0,0
56,12,DL,0,0,0,0
56,12,UL,0,0,0,0
56,13,DL,0.936631,0.0074332,1.11615,23.5294
56,13,UL,0,0,0,0
56,14,DL,0,0,0,0
56,14,UL,0,0,0,0
58,0,DL,0,0,0,0
58,0,UL,0,0,0,0
58,1,DL,0,0,0,0
58,1,UL,0,0,0,0
58,2,DL,0.0126893,0.000394422,0.678619,14.2857
58,2,UL,0,0,0,0
58,3,DL,0,0,0,0
58,3,UL,0,0,0,0
58,4,DL,0,0,0,0
58,4,UL,0,0,0,0
58,5,DL,7.76186,0.584002,0.198963,4.16667
58,5,UL,0,0,0,0
58,6,DL,0,0,0,0
58,6,UL,0,0,0,0
58,7,DL,0,0,0,0
58,7,UL,0,0,0,0
58,8,DL,0,0,0,0
58,8,UL,0,0,0,0
58,9,DL,0,0,0,0
58,9,UL,0,0,0,0
58,10,DL,0,0,0,0
58,10,UL,0,0,0,0
58,11,DL,0,0,0,0
58,11,UL,0,0,0,0
58,12,DL,0,0,0,0
58,12,UL,0,0,0,0
58,13,DL,0.262102,0.00852859,4.30144,90
58,13,UL,0,0,0,0
58,14,DL,0,0,0,0
58,14,UL,0,0,0,0
60,0,DL,0,0,0,0
60,0,UL,0,0,0,0
60,1,DL,0,0,0,0
60,1,UL,0,0,0,0
60,2,DL,0,0,0,0
60,2,UL,0,0,0,0
60,3,DL,0.371171,0.104851,2.0709,43.3333
60,3,UL,0,0,0,0
60,4,DL,0,0,0,0
60,4,UL,0,0,0,0
60,5,DL,8.70631,0.0523747,0.955856,20
60,5,UL,0,0,0,0
60,6,DL,0,0,0,0
60,6,UL,0,0,0,0
60,7,DL,0,0,0,0
60,7,UL,0,0,0,0
60,8,DL,0,0,0,0
60,8,UL,0,0,0,0
60,9,DL,0,0,0,0
60,9,UL,0,0,0,0
60,10,DL,0,0,0,0
60,10,UL,0,0,0,0
60,11,DL,0,0,0,0
60,11,UL,0,0,0,0
60,12,DL,0,0,0,0
60,12,UL,0,0,0,0
60,13,DL,0.428192,0.00246519,4.18219,86.7769
60,13,UL,0,0,0,0
60,14,DL,0,0,0,0
60,14,UL,0,0,0,0
62,0,DL,0,0,0,0
62,0,UL,0,0,0,0
62,1,DL,0,0,0,0
62,1,UL,0,0,0,0
62,2,DL,0,0,0,0
62,2,UL,0,0,0,0
62,3,DL,0,0,0,0
62,3,UL,0,0,0,0
62,4,DL,2.1303,0.0292254,1.71381,35.8333
62,4,UL,0,0,0,0
62,5,DL,9.62489,0.0254712,1.87245,39.1667
62,5,UL,0,0,0,0
62,6,DL,0,0,0,0
62,6,UL,0,0,0,0
62,7,DL,0,0,0,0
62,7,UL,0,0,0,0
62,8,DL,6.30577,0.525683,0.47797,9.91736
62,8,UL,0,0,0,0
62,9,DL,0,0,0,0
62,9,UL,0,0,0,0
62,10,DL,0,0,0,0
62,10,UL,0,0,0,0
62,11,DL,0,0,0,0
62,11,UL,0,0,0,0
62,12,DL,0,0,0,0
62,12,UL,0,0,0,0
62,13,DL,0.634764,0.0023801,2.66893,55.3719
62,13,UL,0,0,0,0
62,14,DL,0,0,0,0
62,14,UL,0,0,0,0
64,0,DL,0,0,0,0
64,0,UL,0,0,0,0
64,1,DL,0,0,0,0
64,1,UL,0,0,0,0
64,2,DL,0.182002,0.0145206,1.15487,24.3697
64,2,UL,0,0,0,0
64,3,DL,1.35721,1.01713,0.13858,3.36134
64,3,UL,0,0,0,0
64,4,DL,2.2488,0.00275529,2.11211,44.1667
64,4,UL,0,0,0,0
64,5,DL,0,0,0,0
64,5,UL,0,0,0,0
64,6,DL,0,0,0,0
64,6,UL,0,0,0,0
64,7,DL,0,0,0,0
64,7,UL,0,0,0,0
64,8,DL,7.03031,0.0519558,0.557663,11.8644
64,8,UL,0,0,0,0
64,9,DL,0,0,0,0
64,9,UL,0,0,0,0
64,10,DL,0,0,0,0
64,10,UL,0,0,0,0
64,11,DL,0,0,0,0
64,11,UL,0,0,0,0
64,12,DL,0,0,0,0
64,12,UL,0,0,0,0
64,13,DL,1.07567,0.111506,1.39402,29.661
64,13,UL,0,0,0,0
64,14,DL,0,0,0,0
64,14,UL,0,0,0,0
66,0,DL,0,0,0,0
66,0,UL,0,0,0,0
66,1,DL,0,0,0,0
66,1,UL,0,0,0,0
66,2,DL,0.348782,0.00281633,4.14365,85.9504
66,2,UL,0,0,0,0
66,3,DL,0,0,0,0
66,3,UL,0,0,0,0
66,4,DL,0,0,0,0
66,4,UL,0,0,0,0
66,5,DL,0,0,0,0
66,5,UL,0,0,0,0
66,6,DL,0,0,0,0
66,6,UL,0,0,0,0
66,7,DL,0,0,0,0
66,7,UL,0,0,0,0
66,8,DL,0,0,0,0
66,8,UL,0,0,0,0
66,9,DL,0,0,0,0
66,9,UL,0,0,0,0
66,10,DL,0,0,0,0
66,10,UL,0,0,0,0
66,11,DL,10.2602,0.00592585,1.59495,33.6134
66,11,UL,0,0,0,0
66,12,DL,0,0,0,0
66,12,UL,0,0,0,0
66,13,DL,1.17039,0.00215556,4.18392,88.2353
66,13,UL,0,0,0,0
66,14,DL,0,0,0,0
66,14,UL,0,0,0,0
68,0,DL,0,0,0,0
68,0,UL,0,0,0,0
68,1,DL,0,0,0,0
68,1,UL,0,0,0,0
68,2,DL,0.709042,0.0164259,1.23466,25.8333
68,2,UL,0,0,0,0
68,3,DL,0,0,0,0
68,3,UL,0,0,0,0
68,4,DL,0,0,0,0
68,4,UL,0,0,0,0
68,5,DL,0,0,0,0
68,5,UL,0,0,0,0
68,6,DL,0,0,0,0
68,6,UL,0,0,0,0
68,7,DL,0,0,0,0
68,7,UL,0,0,0,0
68,8,DL,0,0,0,0
68,8,UL,0,0,0,0
68,9,DL,0,0,0,0
68,9,UL,0,0,0,0
68,10,DL,0,0,0,0
68,10,UL,0,0,0,0
68,11,DL,10.6799,0.0222201,0.676712,14.1667
68,11,UL,0,0,0,0
68,12,DL,0,0,0,0
68,12,UL,0,0,0,0
68,13,DL,1.39958,0.00219021,4.18476,88.2353
68,13,UL,0,0,0,0
68,14,DL,0,0,0,0
68,14,UL,0,0,0,0
70,0,DL,0,0,0,0
70,0,UL,0,0,0,0
70,1,DL,0,0,0,0
70,1,UL,0,0,0,0
70,2,DL,0.911763,0.00488671,4.06351,84.2975
70,2,UL,0,0,0,0
70,3,DL,1.72171,0.089758,1.9315,41.1765
70,3,UL,0,0,0,0
70,4,DL,3.17973,0.182505,2.11209,44.1667
70,4,UL,0,0,0,0
70,5,DL,0,0,0,0
70,5,UL,0,0,0,0
70,6,DL,0,0,0,0
70,6,UL,0,0,0,0
70,7,DL,0,0,0,0
70,7,UL,0,0,0,0
70,8,DL,0,0,0,0
70,8,UL,0,0,0,0
70,9,DL,0,0,0,0
70,9,UL,0,0,0,0
70,10,DL,0,0,0,0
70,10,UL,0,0,0,0
70,11,DL,10.903,0.0391948,0.199112,4.16667
70,11,UL,0,0,0,0
70,12,DL,0,0,0,0
70,12,UL,0,0,0,0
70,13,DL,1.67102,0.00790579,2.3111,48.3333
70,13,UL,0,0,0,0
70,14,DL,0,0,0,0
70,14,UL,0,0,0,0
72,0,DL,0,0,0,0
72,0,UL,0,0,0,0
72,1,DL,0,0,0,0
72,1,UL,0,0,0,0
72,2,DL,1.23924,0.00769641,2.03184,42.8571
72,2,UL,0,0,0,0
72,3,DL,1.91354,0.0148933,1.75315,36.9748
72,3,UL,0,0,0,0
72,4,DL,0,0,0,0
72,4,UL,0,0,0,0
72,5,DL,0,0,0,0
72,5,UL,0,0,0,0
72,6,DL,0,0,0,0
72,6,UL,0,0,0,0
72,7,DL,0,0,0,0
72,7,UL,0,0,0,0
72,8,DL,0,0,0,0
72,8,UL,0,0,0,0
72,9,DL,0,0,0,0
72,9,UL,0,0,0,0
72,10,DL,0,0,0,0
72,10,UL,0,0,0,0
72,11,DL,0,0,0,0
72,11,UL,0,0,0,0
72,12,DL,0,0,0,0
72,12,UL,0,0,0,0
72,13,DL,1.87863,0.0023435,4.18715,88.2353
72,13,UL,0,0,0,0
72,14,DL,0,0,0,0
72,14,UL,0,0,0,0
74,0,DL,0,0,0,0
74,0,UL,0,0,0,0
74,1,DL,0,0,0,0
74,1,UL,0,0,0,0
74,2,DL,1.26348,0.00551263,3.38459,70.8333
74,2,UL,0,0,0,0
74,3,DL,2.125,0.0244719,0.876972,18.3333
74,3,UL,0,0,0,0
74,4,DL,0,0,0,0
74,4,UL,0,0,0,0
74,5,DL,0,0,0,0
74,5,UL,0,0,0,0
74,6,DL,0,0,0,0
74,6,UL,0,0,0,0
74,7,DL,0,0,0,0
74,7,UL,0,0,0,0
74,8,DL,0.439516,3.44857,0.0796051,1.66667
74,8,UL,0,0,0,0
74,9,DL,0,0,0,0
74,9,UL,0,0,0,0
74,10,DL,0,0,0,0
74,10,UL,0,0,0,0
74,11,DL,0,0,0,0
74,11,UL,0,0,0,0
74,12,DL,0,0,0,0
74,12,UL,0,0,0,0
74,13,DL,2.14806,0.00399259,3.86561,80.8333
74,13,UL,0,0,0,0
74,14,DL,0,0,0,0
74,14,UL,0,0,0,0
76,0,DL,0,0,0,0
76,0,UL,0,0,0,0
76,1,DL,0,0,0,0
76,1,UL,0,0,0,0
76,2,DL,0.0822287,0.0203993,4.58141,95.8333
76,2,UL,0,0,0,0
76,3,DL,2.58007,0.00868145,2.03301,42.1488
76,3,UL,0,0,0,0
76,4,DL,4.08721,0.0738699,0.597389,12.5
76,4,UL,0,0,0,0
76,5,DL,0,0,0,0
76,5,UL,0,0,0,0
76,6,DL,0,0,0,0
76,6,UL,0,0,0,0
76,7,DL,0,0,0,0
76,7,UL,0,0,0,0
76,8,DL,0,0,0,0
76,8,UL,0,0,0,0
76,9,DL,0,0,0,0
76,9,UL,0,0,0,0
76,10,DL,0,0,0,0
76,10,UL,0,0,0,0
76,11,DL,0,0,0,0
76,11,UL,0,0,0,0
76,12,DL,0,0,0,0
76,12,UL,0,0,0,0
76,13,DL,2.81323,0.0222695,1.43395,29.7521
76,13,UL,0,0,0,0
76,14,DL,0,0,0,0
76,14,UL,0,0,0,0
78,0,DL,0,0,0,0
78,0,UL,0,0,0,0
78,1,DL,0,0,0,0
78,1,UL,0,0,0,0
78,2,DL,0.0224037,0.00483648,2.39101,49.5868
78,2,UL,0,0,0,0
78,3,DL,3.59031,0.0214884,2.23088,45.9016
78,3,UL,0,0,0,0
78,4,DL,4.09404,0.0028848,0.358498,7.5
78,4,UL,0,0,0,0
78,5,DL,0,0,0,0
78,5,UL,0,0,0,0
78,6,DL,0,0,0,0
78,6,UL,0,0,0,0
78,7,DL,0,0,0,0
78,7,UL,0,0,0,0
78,8,DL,0,0,0,0
78,8,UL,0,0,0,0
78,9,DL,0,0,0,0
78,9,UL,0,0,0,0
78,10,DL,0,0,0,0
78,10,UL,0,0,0,0
78,11,DL,0,0,0,0
78,11,UL,0,0,0,0
78,12,DL,0,0,0,0
78,12,UL,0,0,0,0
78,13,DL,3.51466,0.0111407,2.86867,60
78,13,UL,0,0,0,0
78,14,DL,0,0,0,0
78,14,UL,0,0,0,0
80,0,DL,0,0,0,0
80,0,UL,0,0,0,0
80,1,DL,0,0,0,0
80,1,UL,0,0,0,0
80,2,DL,0.125184,0.225502,0.568123,12.5
80,2,UL,0,0,0,0
80,3,DL,4.29023,0.0109587,2.86897,60.5042
80,3,UL,0,0,0,0
80,4,DL,0,0,0,0
80,4,UL,0,0,0,0
80,5,DL,0,0,0,0
80,5,UL,0,0,0,0
80,6,DL,0,0,0,0
80,6,UL,0,0,0,0
80,7,DL,0,0,0,0
80,7,UL,0,0,0,0
80,8,DL,0,0,0,0
80,8,UL,0,0,0,0
80,9,DL,0,0,0,0
80,9,UL,0,0,0,0
80,10,DL,0,0,0,0
80,10,UL,0,0,0,0
80,11,DL,0,0,0,0
80,11,UL,0,0,0,0
80,12,DL,0,0,0,0
80,12,UL,0,0,0,0
80,13,DL,4.31631,0.0111292,2.86769,60
80,13,UL,0,0,0,0
80,14,DL,0,0,0,0
80,14,UL,0,0,0,0
82,0,DL,0,0,0,0
82,0,UL,0,0,0,0
82,1,DL,0,0,0,0
82,1,UL,0,0,0,0
82,2,DL,0.012743,0.000463997,2.74929,57.5
82,2,UL,0,0,0,0
82,3,DL,5.16857,0.0253944,1.43441,29.7521
82,3,UL,0,0,0,0
82,4,DL,0,0,0,0
82,4,UL,0,0,0,0
82,5,DL,0,0,0,0
82,5,UL,0,0,0,0
82,6,DL,0,0,0,0
82,6,UL,0,0,0,0
82,7,DL,0,0,0,0
82,7,UL,0,0,0,0
82,8,DL,4.16765,1.83749,0.0796204,1.66667
82,8,UL,0,0,0,0
82,9,DL,0,0,0,0
82,9,UL,0,0,0,0
82,10,DL,0,0,0,0
82,10,UL,0,0,0,0
82,11,DL,0,0,0,0
82,11,UL,0,0,0,0
82,12,DL,0,0,0,0
82,12,UL,0,0,0,0
82,13,DL,5.11779,0.0114249,2.86664,60
82,13,UL,0,0,0,0
82,14,DL,0,0,0,0
82,14,UL,0,0,0,0
84,0,DL,0,0,0,0
84,0,UL,0,0,0,0
84,1,DL,0,0,0,0
84,1,UL,0,0,0,0
84,2,DL,0,0,0,0
84,2,UL,0,0,0,0
84,3,DL,5.73446,0.0724634,0.358555,7.56303
84,3,UL,0,0,0,0
84,4,DL,0,0,0,0
84,4,UL,0,0,0,0
84,5,DL,0,0,0,0
84,5,UL,0,0,0,0
84,6,DL,0,0,0,0
84,6,UL,0,0,0,0
84,7,DL,0,0,0,0
84,7,UL,0,0,0,0
84,8,DL,0,0,0,0
84,8,UL,0,0,0,0
84,9,DL,0,0,0,0
84,9,UL,0,0,0,0
84,10,DL,0,0,0,0
84,10,UL,0,0,0,0
84,11,DL,0,0,0,0
84,11,UL,0,0,0,0
84,12,DL,0,0,0,0
84,12,UL,0,0,0,0
84,13,DL,5.78669,0.0130028,1.55414,32.2314
84,13,UL,0,0,0,0
84,14,DL,0,0,0,0
84,14,UL,0,0,0,0
86,0,DL,0,0,0,0
86,0,UL,0,0,0,0
86,1,DL,0,0,0,0
86,1,UL,0,0,0,0
86,2,DL,0.0125654,0.000348594,0.438423,9.16667
86,2,UL,0,0,0,0
86,3,DL,7.272,0.17054,0.775864,16.6667
86,3,UL,0,0,0,0
86,4,DL,0,0,0,0
86,4,UL,0,0,0,0
86,5,DL,0,0,0,0
86,5,UL,0,0,0,0
86,6,DL,0,0,0,0
86,6,UL,0,0,0,0
86,7,DL,0,0,0,0
86,7,UL,0,0,0,0
86,8,DL,0,0,0,0
86,8,UL,0,0,0,0
86,9,DL,0,0,0,0
86,9,UL,0,0,0,0
86,10,DL,0,0,0,0
86,10,UL,0,0,0,0
86,11,DL,0,0,0,0
86,11,UL,0,0,0,0
86,12,DL,0,0,0,0
86,12,UL,0,0,0,0
86,13,DL,6.83014,0.0364943,1.27432,26.6667
86,13,UL,0,0,0,0
86,14,DL,0,0,0,0
86,14,UL,0,0,0,0
88,0,DL,0,0,0,0
88,0,UL,0,0,0,0
88,1,DL,0,0,0,0
88,1,UL,0,0,0,0
88,2,DL,0.0330425,0.00930259,2.11235,44.1667
88,2,UL,0,0,0,0
88,3,DL,7.48134,0.019085,0.319214,6.61157
88,3,UL,0,0,0,0
88,4,DL,5.61142,0.114019,0.597469,12.5
88,4,UL,0,0,0,0
88,5,DL,0,0,0,0
88,5,UL,0,0,0,0
88,6,DL,0,0,0,0
88,6,UL,0,0,0,0
88,7,DL,0,0,0,0
88,7,UL,0,0,0,0
88,8,DL,0,0,0,0
88,8,UL,0,0,0,0
88,9,DL,0,0,0,0
88,9,UL,0,0,0,0
88,10,DL,0,0,0,0
88,10,UL,0,0,0,0
88,11,DL,0,0,0,0
88,11,UL,0,0,0,0
88,12,DL,0,0,0,0
88,12,UL,0,0,0,0
88,13,DL,7.84262,0.0399267,1.11409,23.3333
88,13,UL,0,0,0,0
88,14,DL,0,0,0,0
88,14,UL,0,0,0,0
90,0,DL,0,0,0,0
90,0,UL,0,0,0,0
90,1,DL,0,0,0,0
90,1,UL,0,0,0,0
90,2,DL,0,0,0,0
90,2,UL,0,0,0,0
90,3,DL,9.20901,0.842474,0.0797043,1.68067
90,3,UL,0,0,0,0
90,4,DL,0,0,0,0
90,4,UL,0,0,0,0
90,5,DL,0,0,0,0
90,5,UL,0,0,0,0
90,6,DL,0,0,0,0
90,6,UL,0,0,0,0
90,7,DL,0,0,0,0
90,7,UL,0,0,0,0
90,8,DL,0,0,0,0
90,8,UL,0,0,0,0
90,9,DL,0,0,0,0
90,9,UL,0,0,0,0
90,10,DL,0,0,0,0
90,10,UL,0,0,0,0
90,11,DL,0,0,0,0
90,11,UL,0,0,0,0
90,12,DL,0,0,0,0
90,12,UL,0,0,0,0
90,13,DL,9.363,0.0783671,0.757347,15.8333
90,13,UL,0,0,0,0
90,14,DL,0,0,0,0
90,14,UL,0,0,0,0
92,0,DL,0,0,0,0
92,0,UL,0,0,0,0
92,1,DL,0,0,0,0
92,1,UL,0,0,0,0
92,2,DL,0,0,0,0
92,2,UL,0,0,0,0
92,3,DL,0,0,0,0
92,3,UL,0,0,0,0
92,4,DL,0,0,0,0
92,4,UL,0,0,0,0
92,5,DL,0,0,0,0
92,5,UL,0,0,0,0
92,6,DL,0,0,0,0
92,6,UL,0,0,0,0
92,7,DL,1.88608,0.186118,0.358292,7.62712
92,7,UL,0,0,0,0
92,8,DL,0,0,0,0
92,8,UL,0,0,0,0
92,9,DL,0,0,0,0
92,9,UL,0,0,0,0
92,10,DL,0,0,0,0
92,10,UL,0,0,0,0
92,11,DL,0,0,0,0
92,11,UL,0,0,0,0
92,12,DL,0,0,0,0
92,12,UL,0,0,0,0
92,13,DL,9.8096,0.0192526,1.11634,23.3333
92,13,UL,0,0,0,0
92,14,DL,0,0,0,0
92,14,UL,0,0,0,0
94,0,DL,0,0,0,0
94,0,UL,0,0,0,0
94,1,DL,0,0,0,0
94,1,UL,0,0,0,0
94,2,DL,0,0,0,0
94,2,UL,0,0,0,0
94,3,DL,0.322996,0.150986,2.3902,50
94,3,UL,0,0,0,0
94,4,DL,1.75312,0.0489662,3.38547,71.4286
94,4,UL,0,0,0,0
94,5,DL,0,0,0,0
94,5,UL,0,0,0,0
94,6,DL,0,0,0,0
94,6,UL,0,0,0,0
94,7,DL,3.35785,0.0967434,0.67704,14.1667
94,7,UL,0,0,0,0
94,8,DL,0,0,0,0
94,8,UL,0,0,0,0
94,9,DL,0,0,0,0
94,9,UL,0,0,0,0
94,10,DL,0,0,0,0
94,10,UL,0,0,0,0
94,11,DL,0,0,0,0
94,11,UL,0,0,0,0
94,12,DL,0,0,0,0
94,12,UL,0,0,0,0
94,13,DL,0,0,0,0
94,13,UL,0,0,0,0
94,14,DL,0,0,0,0
94,14,UL,0,0,0,0
96,0,DL,0,0,0,0
96,0,UL,0,0,0,0
96,1,DL,0,0,0,0
96,1,UL,0,0,0,0
96,2,DL,0,0,0,0
96,2,UL,0,0,0,0
96,3,DL,0.448414,0.0196005,0.557323,11.6667
96,3,UL,0,0,0,0
96,4,DL,0.32316,0.053149,1.15389,23.9669
96,4,UL,0,0,0,0
96,5,DL,0,0,0,0
96,5,UL,0,0,0,0
96,6,DL,0,0,0,0
96,6,UL,0,0,0,0
96,7,DL,3.53424,0.0194293,0.119442,2.47934
96,7,UL,0,0,0,0
96,8,DL,0,0,0,0
96,8,UL,0,0,0,0
96,9,DL,0,0,0,0
96,9,UL,0,0,0,0
96,10,DL,0,0,0,0
96,10,UL,0,0,0,0
96,11,DL,0,0,0,0
96,11,UL,0,0,0,0
96,12,DL,0,0,0,0
96,12,UL,0,0,0,0
96,13,DL,0,0,0,0
96,13,UL,0,0,0,0
96,14,DL,0,0,0,0
96,14,UL,0,0,0,0
98,0,DL,0,0,0,0
98,0,UL,0,0,0,0
98,1,DL,0,0,0,0
98,1,UL,0,0,0,0
98,2,DL,0,0,0,0
98,2,UL,0,0,0,0
98,3,DL,0.710929,0.00678686,2.11145,44.1667
98,3,UL,0,0,0,0
98,4,DL,0,0,0,0
98,4,UL,0,0,0,0
98,5,DL,0,0,0,0
98,5,UL,0,0,0,0
98,6,DL,0,0,0,0
98,6,UL,0,0,0,0
98,7,DL,0,0,0,0
98,7,UL,0,0,0,0
98,8,DL,0,0,0,0
98,8,UL,0,0,0,0
98,9,DL,0,0,0,0
98,9,UL,0,0,0,0
98,10,DL,0,0,0,0
98,10,UL,0,0,0,0
98,11,DL,0,0,0,0
98,11,UL,0,0,0,0
98,12,DL,0,0,0,0
98,12,UL,0,0,0,0
98,13,DL,0,0,0,0
98,13,UL,0,0,0,0
98,14,DL,0,0,0,0
98,14,UL,0,0,0,0
100,0,DL,0,0,0,0
100,0,UL,0,0,0,0
100,1,DL,0,0,0,0
100,1,UL,0,0,0,0
100,2,DL,0,0,0,0
100,2,UL,0,0,0,0
100,3,DL,0.974918,0.0130446,1.51324,31.6667
100,3,UL,0,0,0,0
100,4,DL,0,0,0,0
100,4,UL,0,0,0,0
100,5,DL,0,0,0,0
100,5,UL,0,0,0,0
100,6,DL,0,0,0,0
100,6,UL,0,0,0,0
100,7,DL,7.69804,4.14377,0.0397263,0.833333
100,7,UL,0,0,0,0
100,8,DL,0,0,0,0
100,8,UL,0,0,0,0
100,9,DL,0,0,0,0
100,9,UL,0,0,0,0
100,10,DL,0,0,0,0
100,10,UL,0,0,0,0
100,11,DL,0,0,0,0
100,11,UL,0,0,0,0
100,12,DL,0,0,0,0
100,12,UL,0,0,0,0
100,13,DL,0,0,0,0
100,13,UL,0,0,0,0
100,14,DL,0,0,0,0
100,14,UL,0,0,0,0
102,0,DL,0,0,0,0
102,0,UL,0,0,0,0
102,1,DL,0,0,0,0
102,1,UL,0,0,0,0
102,2,DL,2.12763,0.252225,0.35857,7.5
102,2,UL,0,0,0,0
102,3,DL,0,0,0,0
102,3,UL,0,0,0,0
102,4,DL,0,0,0,0
102,4,UL,0,0,0,0
102,5,DL,0,0,0,0
102,5,UL,0,0,0,0
102,6,DL,0,0,0,0
102,6,UL,0,0,0,0
102,7,DL,0,0,0,0
102,7,UL,0,0,0,0
102,8,DL,0,0,0,0
102,8,UL,0,0,0,0
102,9,DL,0,0,0,0
102,9,UL,0,0,0,0
102,10,DL,0,0,0,0
102,10,UL,0,0,0,0
102,11,DL,0,0,0,0
102,11,UL,0,0,0,0
102,12,DL,0,0,0,0
102,12,UL,0,0,0,0
102,13,DL,0,0,0,0
102,13,UL,0,0,0,0
102,14,DL,0,0,0,0
102,14,UL,0,0,0,0
104,0,DL,0,0,0,0
104,0,UL,0,0,0,0
104,1,DL,0,0,0,0
104,1,UL,0,0,0,0
104,2,DL,0,0,0,0
104,2,UL,0,0,0,0
104,3,DL,1.35544,0.0352248,0.716339,15
104,3,UL,0,0,0,0
104,4,DL,0,0,0,0
104,4,UL,0,0,0,0
104,5,DL,0,0,0,0
104,5,UL,0,0,0,0
104,6,DL,0,0,0,0
104,6,UL,0,0,0,0
104,7,DL,0,0,0,0
104,7,UL,0,0,0,0
104,8,DL,0,0,0,0
104,8,UL,0,0,0,0
104,9,DL,0,0,0,0
104,9,UL,0,0,0,0
104,10,DL,0,0,0,0
104,10,UL,0,0,0,0
104,11,DL,0,0,0,0
104,11,UL,0,0,0,0
104,12,DL,0,0,0,0
104,12,UL,0,0,0,0
104,13,DL,0,0,0,0
104,13,UL,0,0,0,0
104,14,DL,0,0,0,0
104,14,UL,0,0,0,0
106,0,DL,0,0,0,0
106,0,UL,0,0,0,0
106,1,DL,0,0,0,0
106,1,UL,0,0,0,0
106,2,DL,0,0,0,0
106,2,UL,0,0,0,0
106,3,DL,1.64489,0.0466807,0.278843,5.7377
106,3,UL,0,0,0,0
106,4,DL,0,0,0,0
106,4,UL,0,0,0,0
106,5,DL,0,0,0,0
106,5,UL,0,0,0,0
106,6,DL,0,0,0,0
106,6,UL,0,0,0,0
106,7,DL,0,0,0,0
106,7,UL,0,0,0,0
106,8,DL,0,0,0,0
106,8,UL,0,0,0,0
106,9,DL,0,0,0,0
106,9,UL,0,0,0,0
106,10,DL,0,0,0,0
106,10,UL,0,0,0,0
106,11,DL,0,0,0,0
106,11,UL,0,0,0,0
106,12,DL,0,0,0,0
106,12,UL,0,0,0,0
106,13,DL,0,0,0,0
106,13,UL,0,0,0,0
106,14,DL,0,0,0,0
106,14,UL,0,0,0,0
108,0,DL,0,0,0,0
108,0,UL,0,0,0,0
108,1,DL,0,0,0,0
108,1,UL,0,0,0,0
108,2,DL,0,0,0,0
108,2,UL,0,0,0,0
108,3,DL,0,0,0,0
108,3,UL,0,0,0,0
108,4,DL,0,0,0,0
108,4,UL,0,0,0,0
108,5,DL,0,0,0,0
108,5,UL,0,0,0,0
108,6,DL,0,0,0,0
108,6,UL,0,0,0,0
108,7,DL,0,0,0,0
108,7,UL,0,0,0,0
108,8,DL,0,0,0,0
108,8,UL,0,0,0,0
108,9,DL,0,0,0,0
108,9,UL,0,0,0,0
108,10,DL,0,0,0,0
108,10,UL,0,0,0,0
108,11,DL,0,0,0,0
108,11,UL,0,0,0,0
108,12,DL,0,0,0,0
108,12,UL,0,0,0,0
108,13,DL,0,0,0,0
108,13,UL,0,0,0,0
108,14,DL,0,0,0,0
108,14,UL,0,0,0,0
110,0,DL,0,0,0,0
110,0,UL,0,0,0,0
110,1,DL,0,0,0,0
110,1,UL,0,0,0,0
110,2,DL,0,0,0,0
110,2,UL,0,0,0,0
110,3,DL,0,0,0,0
110,3,UL,0,0,0,0
110,4,DL,0,0,0,0
110,4,UL,0,0,0,0
110,5,DL,0,0,0,0
110,5,UL,0,0,0,0
110,6,DL,0,0,0,0
110,6,UL,0,0,0,0
110,7,DL,0,0,0,0
110,7,UL,0,0,0,0
110,8,DL,0,0,0,0
110,8,UL,0,0,0,0
110,9,DL,0,0,0,0
110,9,UL,0,0,0,0
110,10,DL,0,0,0,0
110,10,UL,0,0,0,0
110,11,DL,0,0,0,0
110,11,UL,0,0,0,0
110,12,DL,0,0,0,0
110,12,UL,0,0,0,0
110,13,DL,0,0,0,0
110,13,UL,0,0,0,0
110,14,DL,0,0,0,0
110,14,UL,0,0,0,0
112,0,DL,0,0,0,0
112,0,UL,0,0,0,0
112,1,DL,0,0,0,0
112,1,UL,0,0,0,0
112,2,DL,0,0,0,0
112,2,UL,0,0,0,0
112,3,DL,0,0,0,0
112,3,UL,0,0,0,0
112,4,DL,0,0,0,0
112,4,UL,0,0,0,0
112,5,DL,0,0,0,0
112,5,UL,0,0,0,0
112,6,DL,0,0,0,0
112,6,UL,0,0,0,0
112,7,DL,0,0,0,0
112,7,UL,0,0,0,0
112,8,DL,0,0,0,0
112,8,UL,0,0,0,0
112,9,DL,0,0,0,0
112,9,UL,0,0,0,0
112,10,DL,0,0,0,0
112,10,UL,0,0,0,0
112,11,DL,0,0,0,0
112,11,UL,0,0,0,0
112,12,DL,0,0,0,0
112,12,UL,0,0,0,0
112,13,DL,0,0,0,0
112,13,UL,0,0,0,0
112,14,DL,0,0,0,0
112,14,UL,0,0,0,0
114,0,DL,0,0,0,0
114,0,UL,0,0,0,0
114,1,DL,0,0,0,0
114,1,UL,0,0,0,0
114,2,DL,0,0,0,0
114,2,UL,0,0,0,0
114,3,DL,0,0,0,0
114,3,UL,0,0,0,0
114,4,DL,0,0,0,0
114,4,UL,0,0,0,0
114,5,DL,0,0,0,0
114,5,UL,0,0,0,0
114,6,DL,0,0,0,0
114,6,UL,0,0,0,0
114,7,DL,0,0,0,0
114,7,UL,0,0,0,0
114,8,DL,0,0,0,0
114,8,UL,0,0,0,0
114,9,DL,0,0,0,0
114,9,UL,0,0,0,0
114,10,DL,0,0,0,0
114,10,UL,0,0,0,0
114,11,DL,0,0,0,0
114,11,UL,0,0,0,0
114,12,DL,0,0,0,0
114,12,UL,0,0,0,0
114,13,DL,0,0,0,0
114,13,UL,0,0,0,0
114,14,DL,0,0,0,0
114,14,UL,0,0,0,0
116,0,DL,0,0,0,0
116,0,UL,0,0,0,0
116,1,DL,0,0,0,0
116,1,UL,0,0,0,0
116,2,DL,0,0,0,0
116,2,UL,0,0,0,0
116,3,DL,2.93165,0.161473,0.358646,7.5
116,3,UL,0,0,0,0
116,4,DL,0,0,0,0
116,4,UL,0,0,0,0
116,5,DL,0,0,0,0
116,5,UL,0,0,0,0
116,6,DL,0,0,0,0
116,6,UL,0,0,0,0
116,7,DL,0,0,0,0
116,7,UL,0,0,0,0
116,8,DL,0,0,0,0
116,8,UL,0,0,0,0
116,9,DL,0,0,0,0
116,9,UL,0,0,0,0
116,10,DL,0,0,0,0
116,10,UL,0,0,0,0
116,11,DL,0,0,0,0
116,11,UL,0,0,0,0
116,12,DL,0,0,0,0
116,12,UL,0,0,0,0
116,13,DL,0,0,0,0
116,13,UL,0,0,0,0
116,14,DL,0,0,0,0
116,14,UL,0,0,0,0
118,0,DL,0,0,0,0
118,0,UL,0,0,0,0
118,1,DL,0,0,0,0
118,1,UL,0,0,0,0
118,2,DL,0,0,0,0
118,2,UL,0,0,0,0
118,3,DL,2.90494,0.00281402,0.398983,8.33333
118,3,UL,0,0,0,0
118,4,DL,0,0,0,0
118,4,UL,0,0,0,0
118,5,DL,0,0,0,0
118,5,UL,0,0,0,0
118,6,DL,0,0,0,0
118,6,UL,0,0,0,0
118,7,DL,0,0,0,0
118,7,UL,0,0,0,0
118,8,DL,0,0,0,0
118,8,UL,0,0,0,0
118,9,DL,0,0,0,0
118,9,UL,0,0,0,0
118,10,DL,0,0,0,0
118,10,UL,0,0,0,0
118,11,DL,0,0,0,0
118,11,UL,0,0,0,0
118,12,DL,0,0,0,0
118,12,UL,0,0,0,0
118,13,DL,10.2214,0.0139521,2.98788,62.5
118,13,UL,0,0,0,0
118,14,DL,0,0,0,0
118,14,UL,0,0,0,0
