Time,CellId,ServiceDlSnrDb,ServiceUlSnrDb,FeederDlSnrDb,FeederUlSnrDb,BackhaulDlSnrDb,BackhaulUlSnrDb,BackhaulHealthy
0.100000,9,10.453695,5.933095,8.794592,17.273992,8.794592,5.933095,1
0.100000,10,11.852546,7.331946,8.794592,17.273992,8.794592,7.331946,1
0.100000,11,12.356159,7.835559,8.794592,17.273992,8.794592,7.835559,1
0.100000,12,9.246007,4.725407,8.794592,17.273992,8.794592,4.725407,1
0.100000,13,9.779366,5.258766,8.794592,17.273992,8.794592,5.258766,1
0.100000,14,14.337710,9.817110,8.794592,17.273992,8.794592,9.817110,1
0.600000,9,10.453695,5.933095,8.794592,17.273992,8.794592,5.933095,1
0.600000,10,11.852546,7.331946,8.794592,17.273992,8.794592,7.331946,1
0.600000,11,12.356159,7.835559,8.794592,17.273992,8.794592,7.835559,1
0.600000,12,9.246007,4.725407,8.794592,17.273992,8.794592,4.725407,1
0.600000,13,9.779366,5.258766,8.794592,17.273992,8.794592,5.258766,1
0.600000,14,14.337710,9.817110,8.794592,17.273992,8.794592,9.817110,1
1.100000,9,12.926267,8.405667,17.854397,26.333797,12.926267,8.405667,1
1.100000,10,7.875475,3.354875,17.854397,26.333797,7.875475,3.354875,1
1.100000,11,13.281481,8.760881,17.854397,26.333797,13.281481,8.760881,1
1.100000,12,12.791681,8.271081,17.854397,26.333797,12.791681,8.271081,1
1.100000,13,8.866434,4.345834,17.854397,26.333797,8.866434,4.345834,1
1.100000,14,9.054876,4.534276,17.854397,26.333797,9.054876,4.534276,1
1.600000,9,12.926267,8.405667,17.854397,26.333797,12.926267,8.405667,1
1.600000,10,7.875475,3.354875,17.854397,26.333797,7.875475,3.354875,1
1.600000,11,13.281481,8.760881,17.854397,26.333797,13.281481,8.760881,1
1.600000,12,12.791681,8.271081,17.854397,26.333797,12.791681,8.271081,1
1.600000,13,8.866434,4.345834,17.854397,26.333797,8.866434,4.345834,1
1.600000,14,9.054876,4.534276,17.854397,26.333797,9.054876,4.534276,1
2.100000,9,12.926267,8.405667,17.854397,26.333797,12.926267,8.405667,1
2.100000,10,7.875475,3.354875,17.854397,26.333797,7.875475,3.354875,1
2.100000,11,13.281481,8.760881,17.854397,26.333797,13.281481,8.760881,1
2.100000,12,12.791681,8.271081,17.854397,26.333797,12.791681,8.271081,1
2.100000,13,8.866434,4.345834,17.854397,26.333797,8.866434,4.345834,1
2.100000,14,9.054876,4.534276,17.854397,26.333797,9.054876,4.534276,1
2.600000,9,13.838211,9.317611,16.613048,25.092448,13.838211,9.317611,1
2.600000,10,13.402077,8.881477,16.613048,25.092448,13.402077,8.881477,1
2.600000,11,11.281370,6.760770,16.613048,25.092448,11.281370,6.760770,1
2.600000,12,13.366468,8.845869,16.613048,25.092448,13.366468,8.845869,1
2.600000,13,11.227704,6.707104,16.613048,25.092448,11.227704,6.707104,1
2.600000,14,12.336135,7.815535,16.613048,25.092448,12.336135,7.815535,1
3.100000,9,13.838211,9.317611,16.613048,25.092448,13.838211,9.317611,1
3.100000,10,13.402077,8.881477,16.613048,25.092448,13.402077,8.881477,1
3.100000,11,11.281370,6.760770,16.613048,25.092448,11.281370,6.760770,1
3.100000,12,13.366468,8.845869,16.613048,25.092448,13.366468,8.845869,1
3.100000,13,11.227704,6.707104,16.613048,25.092448,11.227704,6.707104,1
3.100000,14,12.336135,7.815535,16.613048,25.092448,12.336135,7.815535,1
3.600000,9,13.838211,9.317611,16.613048,25.092448,13.838211,9.317611,1
3.600000,10,13.402077,8.881477,16.613048,25.092448,13.402077,8.881477,1
3.600000,11,11.281370,6.760770,16.613048,25.092448,11.281370,6.760770,1
3.600000,12,13.366468,8.845869,16.613048,25.092448,13.366468,8.845869,1
3.600000,13,11.227704,6.707104,16.613048,25.092448,11.227704,6.707104,1
3.600000,14,12.336135,7.815535,16.613048,25.092448,12.336135,7.815535,1
4.100000,9,10.484233,5.963634,18.030770,26.510170,10.484233,5.963634,1
4.100000,10,11.329737,6.809137,18.030770,26.510170,11.329737,6.809137,1
4.100000,11,14.154744,9.634144,18.030770,26.510170,14.154744,9.634144,1
4.100000,12,13.116903,8.596303,18.030770,26.510170,13.116903,8.596303,1
4.100000,13,13.554212,9.033612,18.030770,26.510170,13.554212,9.033612,1
4.100000,14,11.554383,7.033783,18.030770,26.510170,11.554383,7.033783,1
4.600000,9,10.484233,5.963634,18.030770,26.510170,10.484233,5.963634,1
4.600000,10,11.329737,6.809137,18.030770,26.510170,11.329737,6.809137,1
4.600000,11,14.154744,9.634144,18.030770,26.510170,14.154744,9.634144,1
4.600000,12,13.116903,8.596303,18.030770,26.510170,13.116903,8.596303,1
4.600000,13,13.554212,9.033612,18.030770,26.510170,13.554212,9.033612,1
4.600000,14,11.554383,7.033783,18.030770,26.510170,11.554383,7.033783,1
5.100000,9,10.484233,5.963634,18.030770,26.510170,10.484233,5.963634,1
5.100000,10,11.329737,6.809137,18.030770,26.510170,11.329737,6.809137,1
5.100000,11,14.154744,9.634144,18.030770,26.510170,14.154744,9.634144,1
5.100000,12,13.116903,8.596303,18.030770,26.510170,13.116903,8.596303,1
5.100000,13,13.554212,9.033612,18.030770,26.510170,13.554212,9.033612,1
5.100000,14,11.554383,7.033783,18.030770,26.510170,11.554383,7.033783,1
5.600000,9,15.543215,11.022615,18.607756,27.087156,15.543215,11.022615,1
5.600000,10,13.291641,8.771042,18.607756,27.087156,13.291641,8.771042,1
5.600000,11,12.006849,7.486249,18.607756,27.087156,12.006849,7.486249,1
5.600000,12,13.035673,8.515073,18.607756,27.087156,13.035673,8.515073,1
5.600000,13,15.045864,10.525264,18.607756,27.087156,15.045864,10.525264,1
5.600000,14,11.612251,7.091651,18.607756,27.087156,11.612251,7.091651,1
6.100000,9,15.543215,11.022615,18.607756,27.087156,15.543215,11.022615,1
6.100000,10,13.291641,8.771042,18.607756,27.087156,13.291641,8.771042,1
6.100000,11,12.006849,7.486249,18.607756,27.087156,12.006849,7.486249,1
6.100000,12,13.035673,8.515073,18.607756,27.087156,13.035673,8.515073,1
6.100000,13,15.045864,10.525264,18.607756,27.087156,15.045864,10.525264,1
6.100000,14,11.612251,7.091651,18.607756,27.087156,11.612251,7.091651,1
6.600000,9,15.543215,11.022615,18.607756,27.087156,15.543215,11.022615,1
6.600000,10,13.291641,8.771042,18.607756,27.087156,13.291641,8.771042,1
6.600000,11,12.006849,7.486249,18.607756,27.087156,12.006849,7.486249,1
6.600000,12,13.035673,8.515073,18.607756,27.087156,13.035673,8.515073,1
6.600000,13,15.045864,10.525264,18.607756,27.087156,15.045864,10.525264,1
6.600000,14,11.612251,7.091651,18.607756,27.087156,11.612251,7.091651,1
7.100000,9,13.179038,8.658438,16.033615,24.513015,13.179038,8.658438,1
7.100000,10,13.709576,9.188977,16.033615,24.513015,13.709576,9.188977,1
7.100000,11,12.256687,7.736087,16.033615,24.513015,12.256687,7.736087,1
7.100000,12,12.214300,7.693700,16.033615,24.513015,12.214300,7.693700,1
7.100000,13,13.868805,9.348205,16.033615,24.513015,13.868805,9.348205,1
7.100000,14,14.658995,10.138395,16.033615,24.513015,14.658995,10.138395,1
7.600000,9,13.179038,8.658438,16.033615,24.513015,13.179038,8.658438,1
7.600000,10,13.709576,9.188977,16.033615,24.513015,13.709576,9.188977,1
7.600000,11,12.256687,7.736087,16.033615,24.513015,12.256687,7.736087,1
7.600000,12,12.214300,7.693700,16.033615,24.513015,12.214300,7.693700,1
7.600000,13,13.868805,9.348205,16.033615,24.513015,13.868805,9.348205,1
7.600000,14,14.658995,10.138395,16.033615,24.513015,14.658995,10.138395,1
8.100000,9,13.179038,8.658438,16.033615,24.513015,13.179038,8.658438,1
8.100000,10,13.709576,9.188977,16.033615,24.513015,13.709576,9.188977,1
8.100000,11,12.256687,7.736087,16.033615,24.513015,12.256687,7.736087,1
8.100000,12,12.214300,7.693700,16.033615,24.513015,12.214300,7.693700,1
8.100000,13,13.868805,9.348205,16.033615,24.513015,13.868805,9.348205,1
8.100000,14,14.658995,10.138395,16.033615,24.513015,14.658995,10.138395,1
8.600000,9,12.705828,8.185228,18.705945,27.185345,12.705828,8.185228,1
8.600000,10,13.887452,9.366852,18.705945,27.185345,13.887452,9.366852,1
8.600000,11,9.493270,4.972670,18.705945,27.185345,9.493270,4.972670,1
8.600000,12,10.878459,6.357859,18.705945,27.185345,10.878459,6.357859,1
8.600000,13,11.145229,6.624629,18.705945,27.185345,11.145229,6.624629,1
8.600000,14,12.565321,8.044721,18.705945,27.185345,12.565321,8.044721,1
9.100000,9,12.705828,8.185228,18.705945,27.185345,12.705828,8.185228,1
9.100000,10,13.887452,9.366852,18.705945,27.185345,13.887452,9.366852,1
9.100000,11,9.493270,4.972670,18.705945,27.185345,9.493270,4.972670,1
9.100000,12,10.878459,6.357859,18.705945,27.185345,10.878459,6.357859,1
9.100000,13,11.145229,6.624629,18.705945,27.185345,11.145229,6.624629,1
9.100000,14,12.565321,8.044721,18.705945,27.185345,12.565321,8.044721,1
9.600000,9,12.705828,8.185228,18.705945,27.185345,12.705828,8.185228,1
9.600000,10,13.887452,9.366852,18.705945,27.185345,13.887452,9.366852,1
9.600000,11,9.493270,4.972670,18.705945,27.185345,9.493270,4.972670,1
9.600000,12,10.878459,6.357859,18.705945,27.185345,10.878459,6.357859,1
9.600000,13,11.145229,6.624629,18.705945,27.185345,11.145229,6.624629,1
9.600000,14,12.565321,8.044721,18.705945,27.185345,12.565321,8.044721,1
10.100000,9,13.825909,9.305309,19.356116,27.835516,13.825909,9.305309,1
10.100000,10,11.752309,7.231709,19.356116,27.835516,11.752309,7.231709,1
10.100000,11,12.934275,8.413675,19.356116,27.835516,12.934275,8.413675,1
10.100000,12,12.592154,8.071554,19.356116,27.835516,12.592154,8.071554,1
10.100000,13,14.083149,9.562549,19.356116,27.835516,14.083149,9.562549,1
10.100000,14,14.796331,10.275731,19.356116,27.835516,14.796331,10.275731,1
10.600000,9,13.825909,9.305309,19.356116,27.835516,13.825909,9.305309,1
10.600000,10,11.752309,7.231709,19.356116,27.835516,11.752309,7.231709,1
10.600000,11,12.934275,8.413675,19.356116,27.835516,12.934275,8.413675,1
10.600000,12,12.592154,8.071554,19.356116,27.835516,12.592154,8.071554,1
10.600000,13,14.083149,9.562549,19.356116,27.835516,14.083149,9.562549,1
10.600000,14,14.796331,10.275731,19.356116,27.835516,14.796331,10.275731,1
11.100000,9,13.825909,9.305309,19.356116,27.835516,13.825909,9.305309,1
11.100000,10,11.752309,7.231709,19.356116,27.835516,11.752309,7.231709,1
11.100000,11,12.934275,8.413675,19.356116,27.835516,12.934275,8.413675,1
11.100000,12,12.592154,8.071554,19.356116,27.835516,12.592154,8.071554,1
11.100000,13,14.083149,9.562549,19.356116,27.835516,14.083149,9.562549,1
11.100000,14,14.796331,10.275731,19.356116,27.835516,14.796331,10.275731,1
11.600000,9,12.028070,7.507471,16.458849,24.938249,12.028070,7.507471,1
11.600000,10,14.317876,9.797276,16.458849,24.938249,14.317876,9.797276,1
11.600000,11,11.687992,7.167392,16.458849,24.938249,11.687992,7.167392,1
11.600000,12,13.456587,8.935987,16.458849,24.938249,13.456587,8.935987,1
11.600000,13,10.419210,5.898610,16.458849,24.938249,10.419210,5.898610,1
11.600000,14,14.592289,10.071689,16.458849,24.938249,14.592289,10.071689,1
12.100000,9,12.028070,7.507471,16.458849,24.938249,12.028070,7.507471,1
12.100000,10,14.317876,9.797276,16.458849,24.938249,14.317876,9.797276,1
12.100000,11,11.687992,7.167392,16.458849,24.938249,11.687992,7.167392,1
12.100000,12,13.456587,8.935987,16.458849,24.938249,13.456587,8.935987,1
12.100000,13,10.419210,5.898610,16.458849,24.938249,10.419210,5.898610,1
12.100000,14,14.592289,10.071689,16.458849,24.938249,14.592289,10.071689,1
12.600000,9,12.028070,7.507471,16.458849,24.938249,12.028070,7.507471,1
12.600000,10,14.317876,9.797276,16.458849,24.938249,14.317876,9.797276,1
12.600000,11,11.687992,7.167392,16.458849,24.938249,11.687992,7.167392,1
12.600000,12,13.456587,8.935987,16.458849,24.938249,13.456587,8.935987,1
12.600000,13,10.419210,5.898610,16.458849,24.938249,10.419210,5.898610,1
12.600000,14,14.592289,10.071689,16.458849,24.938249,14.592289,10.071689,1
13.100000,9,14.079695,9.559095,15.949883,24.429283,14.079695,9.559095,1
13.100000,10,14.251307,9.730707,15.949883,24.429283,14.251307,9.730707,1
13.100000,11,14.088617,9.568017,15.949883,24.429283,14.088617,9.568017,1
13.100000,12,11.463656,6.943056,15.949883,24.429283,11.463656,6.943056,1
13.100000,13,11.596842,7.076242,15.949883,24.429283,11.596842,7.076242,1
13.100000,14,13.023270,8.502670,15.949883,24.429283,13.023270,8.502670,1
13.600000,9,14.079695,9.559095,15.949883,24.429283,14.079695,9.559095,1
13.600000,10,14.251307,9.730707,15.949883,24.429283,14.251307,9.730707,1
13.600000,11,14.088617,9.568017,15.949883,24.429283,14.088617,9.568017,1
13.600000,12,11.463656,6.943056,15.949883,24.429283,11.463656,6.943056,1
13.600000,13,11.596842,7.076242,15.949883,24.429283,11.596842,7.076242,1
13.600000,14,13.023270,8.502670,15.949883,24.429283,13.023270,8.502670,1
14.100000,9,14.079695,9.559095,15.949883,24.429283,14.079695,9.559095,1
14.100000,10,14.251307,9.730707,15.949883,24.429283,14.251307,9.730707,1
14.100000,11,14.088617,9.568017,15.949883,24.429283,14.088617,9.568017,1
14.100000,12,11.463656,6.943056,15.949883,24.429283,11.463656,6.943056,1
14.100000,13,11.596842,7.076242,15.949883,24.429283,11.596842,7.076242,1
14.100000,14,13.023270,8.502670,15.949883,24.429283,13.023270,8.502670,1
14.600000,9,15.788556,11.267956,17.629959,26.109360,15.788556,11.267956,1
14.600000,10,13.969934,9.449334,17.629959,26.109360,13.969934,9.449334,1
14.600000,11,12.217900,7.697300,17.629959,26.109360,12.217900,7.697300,1
14.600000,12,11.054099,6.533499,17.629959,26.109360,11.054099,6.533499,1
14.600000,13,14.096905,9.576305,17.629959,26.109360,14.096905,9.576305,1
14.600000,14,10.448568,5.927969,17.629959,26.109360,10.448568,5.927969,1
15.100000,9,15.788556,11.267956,17.629959,26.109360,15.788556,11.267956,1
15.100000,10,13.969934,9.449334,17.629959,26.109360,13.969934,9.449334,1
15.100000,11,12.217900,7.697300,17.629959,26.109360,12.217900,7.697300,1
15.100000,12,11.054099,6.533499,17.629959,26.109360,11.054099,6.533499,1
15.100000,13,14.096905,9.576305,17.629959,26.109360,14.096905,9.576305,1
15.100000,14,10.448568,5.927969,17.629959,26.109360,10.448568,5.927969,1
15.600000,9,15.788556,11.267956,17.629959,26.109360,15.788556,11.267956,1
15.600000,10,13.969934,9.449334,17.629959,26.109360,13.969934,9.449334,1
15.600000,11,12.217900,7.697300,17.629959,26.109360,12.217900,7.697300,1
15.600000,12,11.054099,6.533499,17.629959,26.109360,11.054099,6.533499,1
15.600000,13,14.096905,9.576305,17.629959,26.109360,14.096905,9.576305,1
15.600000,14,10.448568,5.927969,17.629959,26.109360,10.448568,5.927969,1
16.100000,9,12.482787,7.962187,18.581546,27.060946,12.482787,7.962187,1
16.100000,10,15.902568,11.381968,18.581546,27.060946,15.902568,11.381968,1
16.100000,11,12.363369,7.842769,18.581546,27.060946,12.363369,7.842769,1
16.100000,12,11.303789,6.783189,18.581546,27.060946,11.303789,6.783189,1
16.100000,13,10.381192,5.860592,18.581546,27.060946,10.381192,5.860592,1
16.100000,14,13.574219,9.053619,18.581546,27.060946,13.574219,9.053619,1
16.600000,9,12.482787,7.962187,18.581546,27.060946,12.482787,7.962187,1
16.600000,10,15.902568,11.381968,18.581546,27.060946,15.902568,11.381968,1
16.600000,11,12.363369,7.842769,18.581546,27.060946,12.363369,7.842769,1
16.600000,12,11.303789,6.783189,18.581546,27.060946,11.303789,6.783189,1
16.600000,13,10.381192,5.860592,18.581546,27.060946,10.381192,5.860592,1
16.600000,14,13.574219,9.053619,18.581546,27.060946,13.574219,9.053619,1
17.100000,9,12.482787,7.962187,18.581546,27.060946,12.482787,7.962187,1
17.100000,10,15.902568,11.381968,18.581546,27.060946,15.902568,11.381968,1
17.100000,11,12.363369,7.842769,18.581546,27.060946,12.363369,7.842769,1
17.100000,12,11.303789,6.783189,18.581546,27.060946,11.303789,6.783189,1
17.100000,13,10.381192,5.860592,18.581546,27.060946,10.381192,5.860592,1
17.100000,14,13.574219,9.053619,18.581546,27.060946,13.574219,9.053619,1
17.600000,9,11.737000,7.216400,18.527871,27.007271,11.737000,7.216400,1
17.600000,10,11.416572,6.895972,18.527871,27.007271,11.416572,6.895972,1
17.600000,11,14.774951,10.254352,18.527871,27.007271,14.774951,10.254352,1
17.600000,12,9.352017,4.831417,18.527871,27.007271,9.352017,4.831417,1
17.600000,13,11.159290,6.638690,18.527871,27.007271,11.159290,6.638690,1
17.600000,14,14.795131,10.274531,18.527871,27.007271,14.795131,10.274531,1
18.100000,9,11.737000,7.216400,18.527871,27.007271,11.737000,7.216400,1
18.100000,10,11.416572,6.895972,18.527871,27.007271,11.416572,6.895972,1
18.100000,11,14.774951,10.254352,18.527871,27.007271,14.774951,10.254352,1
18.100000,12,9.352017,4.831417,18.527871,27.007271,9.352017,4.831417,1
18.100000,13,11.159290,6.638690,18.527871,27.007271,11.159290,6.638690,1
18.100000,14,14.795131,10.274531,18.527871,27.007271,14.795131,10.274531,1
18.600000,9,11.737000,7.216400,18.527871,27.007271,11.737000,7.216400,1
18.600000,10,11.416572,6.895972,18.527871,27.007271,11.416572,6.895972,1
18.600000,11,14.774951,10.254352,18.527871,27.007271,14.774951,10.254352,1
18.600000,12,9.352017,4.831417,18.527871,27.007271,9.352017,4.831417,1
18.600000,13,11.159290,6.638690,18.527871,27.007271,11.159290,6.638690,1
18.600000,14,14.795131,10.274531,18.527871,27.007271,14.795131,10.274531,1
19.100000,9,11.723833,7.203233,16.909649,25.389049,11.723833,7.203233,1
19.100000,10,13.674422,9.153822,16.909649,25.389049,13.674422,9.153822,1
19.100000,11,10.154231,5.633631,16.909649,25.389049,10.154231,5.633631,1
19.100000,12,13.759156,9.238557,16.909649,25.389049,13.759156,9.238557,1
19.100000,13,13.657722,9.137122,16.909649,25.389049,13.657722,9.137122,1
19.100000,14,11.642691,7.122091,16.909649,25.389049,11.642691,7.122091,1
19.600000,9,11.723833,7.203233,16.909649,25.389049,11.723833,7.203233,1
19.600000,10,13.674422,9.153822,16.909649,25.389049,13.674422,9.153822,1
19.600000,11,10.154231,5.633631,16.909649,25.389049,10.154231,5.633631,1
19.600000,12,13.759156,9.238557,16.909649,25.389049,13.759156,9.238557,1
19.600000,13,13.657722,9.137122,16.909649,25.389049,13.657722,9.137122,1
19.600000,14,11.642691,7.122091,16.909649,25.389049,11.642691,7.122091,1
20.100000,9,11.723833,7.203233,16.909649,25.389049,11.723833,7.203233,1
20.100000,10,13.674422,9.153822,16.909649,25.389049,13.674422,9.153822,1
20.100000,11,10.154231,5.633631,16.909649,25.389049,10.154231,5.633631,1
20.100000,12,13.987943,9.467344,16.909649,25.389049,13.987943,9.467344,1
20.100000,13,13.521011,9.000411,16.909649,25.389049,13.521011,9.000411,1
20.100000,14,11.642691,7.122091,16.909649,25.389049,11.642691,7.122091,1
20.600000,9,12.521521,8.000921,17.028228,25.507628,12.521521,8.000921,1
20.600000,10,10.736817,6.216217,17.028228,25.507628,10.736817,6.216217,1
20.600000,11,7.987755,3.467155,17.028228,25.507628,7.987755,3.467155,1
20.600000,12,11.485570,6.964970,17.028228,25.507628,11.485570,6.964970,1
20.600000,13,12.979578,8.458979,17.028228,25.507628,12.979578,8.458979,1
20.600000,14,11.750884,7.230284,17.028228,25.507628,11.750884,7.230284,1
21.100000,9,12.521521,8.000921,17.028228,25.507628,12.521521,8.000921,1
21.100000,10,10.736817,6.216217,17.028228,25.507628,10.736817,6.216217,1
21.100000,11,7.987755,3.467155,17.028228,25.507628,7.987755,3.467155,1
21.100000,12,11.209966,6.689366,17.028228,25.507628,11.209966,6.689366,1
21.100000,13,12.979578,8.458979,17.028228,25.507628,12.979578,8.458979,1
21.100000,14,11.750884,7.230284,17.028228,25.507628,11.750884,7.230284,1
21.600000,9,12.521521,8.000921,17.028228,25.507628,12.521521,8.000921,1
21.600000,10,10.736817,6.216217,17.028228,25.507628,10.736817,6.216217,1
21.600000,11,7.987755,3.467155,17.028228,25.507628,7.987755,3.467155,1
21.600000,12,11.209966,6.689366,17.028228,25.507628,11.209966,6.689366,1
21.600000,13,12.979578,8.458979,17.028228,25.507628,12.979578,8.458979,1
21.600000,14,11.750884,7.230284,17.028228,25.507628,11.750884,7.230284,1
22.100000,9,13.769975,9.249375,19.912510,28.391910,13.769975,9.249375,1
22.100000,10,7.657207,3.136607,19.912510,28.391910,7.657207,3.136607,1
22.100000,11,14.989473,10.468873,19.912510,28.391910,14.989473,10.468873,1
22.100000,12,8.584933,4.064334,19.912510,28.391910,8.584933,4.064334,1
22.100000,13,12.302553,7.781953,19.912510,28.391910,12.302553,7.781953,1
22.100000,14,9.539945,5.019345,19.912510,28.391910,9.539945,5.019345,1
22.600000,9,13.769975,9.249375,19.912510,28.391910,13.769975,9.249375,1
22.600000,10,7.657207,3.136607,19.912510,28.391910,7.657207,3.136607,1
22.600000,11,14.989473,10.468873,19.912510,28.391910,14.989473,10.468873,1
22.600000,12,8.584933,4.064334,19.912510,28.391910,8.584933,4.064334,1
22.600000,13,12.302553,7.781953,19.912510,28.391910,12.302553,7.781953,1
22.600000,14,9.539945,5.019345,19.912510,28.391910,9.539945,5.019345,1
23.100000,9,13.337874,8.817274,19.912510,28.391910,13.337874,8.817274,1
23.100000,10,7.986247,3.465647,19.912510,28.391910,7.986247,3.465647,1
23.100000,11,15.210267,10.689667,19.912510,28.391910,15.210267,10.689667,1
23.100000,12,8.687813,4.167213,19.912510,28.391910,8.687813,4.167213,1
23.100000,13,11.814580,7.293980,19.912510,28.391910,11.814580,7.293980,1
23.100000,14,9.466819,4.946219,19.912510,28.391910,9.466819,4.946219,1
23.600000,9,12.843627,8.323027,19.228795,27.708195,12.843627,8.323027,1
23.600000,10,9.410646,4.890046,19.228795,27.708195,9.410646,4.890046,1
23.600000,11,12.018050,7.497450,19.228795,27.708195,12.018050,7.497450,1
23.600000,12,10.737055,6.216455,19.228795,27.708195,10.737055,6.216455,1
23.600000,13,11.269766,6.749166,19.228795,27.708195,11.269766,6.749166,1
23.600000,14,10.417840,5.897240,19.228795,27.708195,10.417840,5.897240,1
24.100000,9,13.111230,8.590630,19.228795,27.708195,13.111230,8.590630,1
24.100000,10,8.927023,4.406423,19.228795,27.708195,8.927023,4.406423,1
24.100000,11,11.881246,7.360646,19.228795,27.708195,11.881246,7.360646,1
24.100000,12,11.060033,6.539433,19.228795,27.708195,11.060033,6.539433,1
24.100000,13,11.139012,6.618412,19.228795,27.708195,11.139012,6.618412,1
24.100000,14,10.750552,6.229952,19.228795,27.708195,10.750552,6.229952,1
24.600000,9,13.111230,8.590630,19.228795,27.708195,13.111230,8.590630,1
24.600000,10,8.927023,4.406423,19.228795,27.708195,8.927023,4.406423,1
24.600000,11,11.881246,7.360646,19.228795,27.708195,11.881246,7.360646,1
24.600000,12,11.060033,6.539433,19.228795,27.708195,11.060033,6.539433,1
24.600000,13,11.139012,6.618412,19.228795,27.708195,11.139012,6.618412,1
24.600000,14,10.750552,6.229952,19.228795,27.708195,10.750552,6.229952,1
25.100000,9,15.713640,11.193040,18.874266,27.353666,15.713640,11.193040,1
25.100000,10,11.288813,6.768213,18.874266,27.353666,11.288813,6.768213,1
25.100000,11,11.926455,7.405855,18.874266,27.353666,11.926455,7.405855,1
25.100000,12,14.563485,10.042886,18.874266,27.353666,14.563485,10.042886,1
25.100000,13,9.760604,5.240005,18.874266,27.353666,9.760604,5.240005,1
25.100000,14,10.607835,6.087235,18.874266,27.353666,10.607835,6.087235,1
25.600000,9,15.713640,11.193040,18.874266,27.353666,15.713640,11.193040,1
25.600000,10,11.288813,6.768213,18.874266,27.353666,11.288813,6.768213,1
25.600000,11,11.926455,7.405855,18.874266,27.353666,11.926455,7.405855,1
25.600000,12,14.563485,10.042886,18.874266,27.353666,14.563485,10.042886,1
25.600000,13,9.760604,5.240005,18.874266,27.353666,9.760604,5.240005,1
25.600000,14,10.607835,6.087235,18.874266,27.353666,10.607835,6.087235,1
26.100000,9,15.243015,10.722415,18.874266,27.353666,15.243015,10.722415,1
26.100000,10,11.288813,6.768213,18.874266,27.353666,11.288813,6.768213,1
26.100000,11,11.926455,7.405855,18.874266,27.353666,11.926455,7.405855,1
26.100000,12,14.832352,10.311753,18.874266,27.353666,14.832352,10.311753,1
26.100000,13,9.757531,5.236931,18.874266,27.353666,9.757531,5.236931,1
26.100000,14,10.354468,5.833868,18.874266,27.353666,10.354468,5.833868,1
26.600000,9,13.126089,8.605489,19.147837,27.627237,13.126089,8.605489,1
26.600000,10,9.892332,5.371732,19.147837,27.627237,9.892332,5.371732,1
26.600000,11,9.631523,5.110923,19.147837,27.627237,9.631523,5.110923,1
26.600000,12,14.402739,9.882139,19.147837,27.627237,14.402739,9.882139,1
26.600000,13,13.669839,9.149239,19.147837,27.627237,13.669839,9.149239,1
26.600000,14,12.595405,8.074805,19.147837,27.627237,12.595405,8.074805,1
27.100000,9,13.117323,8.596723,19.147837,27.627237,13.117323,8.596723,1
27.100000,10,9.892332,5.371732,19.147837,27.627237,9.892332,5.371732,1
27.100000,11,9.631523,5.110923,19.147837,27.627237,9.631523,5.110923,1
27.100000,12,14.627196,10.106597,19.147837,27.627237,14.627196,10.106597,1
27.100000,13,13.538216,9.017616,19.147837,27.627237,13.538216,9.017616,1
27.100000,14,12.652129,8.131529,19.147837,27.627237,12.652129,8.131529,1
27.600000,9,13.117323,8.596723,19.147837,27.627237,13.117323,8.596723,1
27.600000,10,9.892332,5.371732,19.147837,27.627237,9.892332,5.371732,1
27.600000,11,9.631523,5.110923,19.147837,27.627237,9.631523,5.110923,1
27.600000,12,14.627196,10.106597,19.147837,27.627237,14.627196,10.106597,1
27.600000,13,13.538216,9.017616,19.147837,27.627237,13.538216,9.017616,1
27.600000,14,12.652129,8.131529,19.147837,27.627237,12.652129,8.131529,1
28.100000,9,12.656426,8.135826,18.063412,26.542812,12.656426,8.135826,1
28.100000,10,12.228632,7.708032,18.063412,26.542812,12.228632,7.708032,1
28.100000,11,14.045604,9.525004,18.063412,26.542812,14.045604,9.525004,1
28.100000,12,13.297994,8.777394,18.063412,26.542812,13.297994,8.777394,1
28.100000,13,12.065570,7.544970,18.063412,26.542812,12.065570,7.544970,1
28.100000,14,10.764244,6.243644,18.063412,26.542812,10.764244,6.243644,1
28.600000,9,12.656426,8.135826,18.063412,26.542812,12.656426,8.135826,1
28.600000,10,12.228632,7.708032,18.063412,26.542812,12.228632,7.708032,1
28.600000,11,14.045604,9.525004,18.063412,26.542812,14.045604,9.525004,1
28.600000,12,13.297994,8.777394,18.063412,26.542812,13.297994,8.777394,1
28.600000,13,12.065570,7.544970,18.063412,26.542812,12.065570,7.544970,1
28.600000,14,10.764244,6.243644,18.063412,26.542812,10.764244,6.243644,1
29.100000,9,12.465655,7.945055,18.063412,26.542812,12.465655,7.945055,1
29.100000,10,12.269842,7.749242,18.063412,26.542812,12.269842,7.749242,1
29.100000,11,14.045604,9.525004,18.063412,26.542812,14.045604,9.525004,1
29.100000,12,13.105373,8.584773,18.063412,26.542812,13.105373,8.584773,1
29.100000,13,12.027620,7.507020,18.063412,26.542812,12.027620,7.507020,1
29.100000,14,10.657760,6.137160,18.063412,26.542812,10.657760,6.137160,1
29.600000,9,11.150443,6.629843,18.483628,26.963028,11.150443,6.629843,1
29.600000,10,11.866377,7.345778,18.483628,26.963028,11.866377,7.345778,1
29.600000,11,14.561288,10.040688,18.483628,26.963028,14.561288,10.040688,1
29.600000,12,11.899169,7.378569,18.483628,26.963028,11.899169,7.378569,1
29.600000,13,9.964776,5.444176,18.483628,26.963028,9.964776,5.444176,1
29.600000,14,13.234474,8.713874,18.483628,26.963028,13.234474,8.713874,1
30.100000,9,11.638702,7.118102,18.483628,26.963028,11.638702,7.118102,1
30.100000,10,12.150732,7.630132,18.483628,26.963028,12.150732,7.630132,1
30.100000,11,14.561288,10.040688,18.483628,26.963028,14.561288,10.040688,1
30.100000,12,12.033868,7.513268,18.483628,26.963028,12.033868,7.513268,1
30.100000,13,10.303971,5.783371,18.483628,26.963028,10.303971,5.783371,1
30.100000,14,12.854841,8.334241,18.483628,26.963028,12.854841,8.334241,1
30.600000,9,11.638702,7.118102,18.483628,26.963028,11.638702,7.118102,1
30.600000,10,12.150732,7.630132,18.483628,26.963028,12.150732,7.630132,1
30.600000,11,14.561288,10.040688,18.483628,26.963028,14.561288,10.040688,1
30.600000,12,12.033868,7.513268,18.483628,26.963028,12.033868,7.513268,1
30.600000,13,10.303971,5.783371,18.483628,26.963028,10.303971,5.783371,1
30.600000,14,12.854841,8.334241,18.483628,26.963028,12.854841,8.334241,1
31.100000,9,14.598426,10.077827,19.487805,27.967206,14.598426,10.077827,1
31.100000,10,15.372006,10.851406,19.487805,27.967206,15.372006,10.851406,1
31.100000,11,12.640274,8.119674,19.487805,27.967206,12.640274,8.119674,1
31.100000,12,8.251944,3.731344,19.487805,27.967206,8.251944,3.731344,1
31.100000,13,13.542450,9.021850,19.487805,27.967206,13.542450,9.021850,1
31.100000,14,13.051297,8.530698,19.487805,27.967206,13.051297,8.530698,1
31.600000,9,14.598426,10.077827,19.487805,27.967206,14.598426,10.077827,1
31.600000,10,15.372006,10.851406,19.487805,27.967206,15.372006,10.851406,1
31.600000,11,12.640274,8.119674,19.487805,27.967206,12.640274,8.119674,1
31.600000,12,8.251944,3.731344,19.487805,27.967206,8.251944,3.731344,1
31.600000,13,13.542450,9.021850,19.487805,27.967206,13.542450,9.021850,1
31.600000,14,13.051297,8.530698,19.487805,27.967206,13.051297,8.530698,1
32.100000,9,14.787365,10.266765,19.487805,27.967206,14.787365,10.266765,1
32.100000,10,14.933462,10.412862,19.487805,27.967206,14.933462,10.412862,1
32.100000,11,12.640274,8.119674,19.487805,27.967206,12.640274,8.119674,1
32.100000,12,8.095368,3.574768,19.487805,27.967206,8.095368,3.574768,1
32.100000,13,13.800086,9.279486,19.487805,27.967206,13.800086,9.279486,1
32.100000,14,13.051297,8.530698,19.487805,27.967206,13.051297,8.530698,1
32.600000,9,13.560840,9.040240,12.922531,21.401931,12.922531,9.040240,1
32.600000,10,13.287632,8.767032,12.922531,21.401931,12.922531,8.767032,1
32.600000,11,15.634009,11.113409,12.922531,21.401931,12.922531,11.113409,1
32.600000,12,11.654120,7.133520,12.922531,21.401931,11.654120,7.133520,1
32.600000,13,13.578687,9.058088,12.922531,21.401931,12.922531,9.058088,1
32.600000,14,10.446296,5.925696,12.922531,21.401931,10.446296,5.925696,1
33.100000,9,13.560840,9.040240,12.922531,21.401931,12.922531,9.040240,1
33.100000,10,13.287632,8.767032,12.922531,21.401931,12.922531,8.767032,1
33.100000,11,15.634009,11.113409,12.922531,21.401931,12.922531,11.113409,1
33.100000,12,12.033075,7.512475,12.922531,21.401931,12.033075,7.512475,1
33.100000,13,13.831620,9.311020,12.922531,21.401931,12.922531,9.311020,1
33.100000,14,10.633523,6.112923,12.922531,21.401931,10.633523,6.112923,1
33.600000,9,13.560840,9.040240,12.922531,21.401931,12.922531,9.040240,1
33.600000,10,13.287632,8.767032,12.922531,21.401931,12.922531,8.767032,1
33.600000,11,15.634009,11.113409,12.922531,21.401931,12.922531,11.113409,1
33.600000,12,12.033075,7.512475,12.922531,21.401931,12.033075,7.512475,1
33.600000,13,13.831620,9.311020,12.922531,21.401931,12.922531,9.311020,1
33.600000,14,10.633523,6.112923,12.922531,21.401931,10.633523,6.112923,1
34.100000,9,12.356034,7.835434,18.281914,26.761314,12.356034,7.835434,1
34.100000,10,15.183289,10.662690,18.281914,26.761314,15.183289,10.662690,1
34.100000,11,12.949578,8.428978,18.281914,26.761314,12.949578,8.428978,1
34.100000,12,13.188956,8.668356,18.281914,26.761314,13.188956,8.668356,1
34.100000,13,14.431747,9.911148,18.281914,26.761314,14.431747,9.911148,1
34.100000,14,12.312415,7.791815,18.281914,26.761314,12.312415,7.791815,1
34.600000,9,12.356034,7.835434,18.281914,26.761314,12.356034,7.835434,1
34.600000,10,15.183289,10.662690,18.281914,26.761314,15.183289,10.662690,1
34.600000,11,12.949578,8.428978,18.281914,26.761314,12.949578,8.428978,1
34.600000,12,13.188956,8.668356,18.281914,26.761314,13.188956,8.668356,1
34.600000,13,14.431747,9.911148,18.281914,26.761314,14.431747,9.911148,1
34.600000,14,12.312415,7.791815,18.281914,26.761314,12.312415,7.791815,1
35.100000,9,12.356034,7.835434,18.281914,26.761314,12.356034,7.835434,1
35.100000,10,15.183289,10.662690,18.281914,26.761314,15.183289,10.662690,1
35.100000,11,12.949578,8.428978,18.281914,26.761314,12.949578,8.428978,1
35.100000,12,13.080341,8.559741,18.281914,26.761314,13.080341,8.559741,1
35.100000,13,14.329768,9.809168,18.281914,26.761314,14.329768,9.809168,1
35.100000,14,12.312415,7.791815,18.281914,26.761314,12.312415,7.791815,1
35.600000,9,10.946064,6.425464,15.840856,24.320256,10.946064,6.425464,1
35.600000,10,11.502269,6.981669,15.840856,24.320256,11.502269,6.981669,1
35.600000,11,8.719360,4.198760,15.840856,24.320256,8.719360,4.198760,1
35.600000,12,12.814495,8.293895,15.840856,24.320256,12.814495,8.293895,1
35.600000,13,13.873477,9.352877,15.840856,24.320256,13.873477,9.352877,1
35.600000,14,10.733475,6.212875,15.840856,24.320256,10.733475,6.212875,1
36.100000,9,10.946064,6.425464,15.840856,24.320256,10.946064,6.425464,1
36.100000,10,11.502269,6.981669,15.840856,24.320256,11.502269,6.981669,1
36.100000,11,8.719360,4.198760,15.840856,24.320256,8.719360,4.198760,1
36.100000,12,12.852131,8.331531,15.840856,24.320256,12.852131,8.331531,1
36.100000,13,13.835759,9.315159,15.840856,24.320256,13.835759,9.315159,1
36.100000,14,10.733475,6.212875,15.840856,24.320256,10.733475,6.212875,1
36.600000,9,10.946064,6.425464,15.840856,24.320256,10.946064,6.425464,1
36.600000,10,11.502269,6.981669,15.840856,24.320256,11.502269,6.981669,1
36.600000,11,8.719360,4.198760,15.840856,24.320256,8.719360,4.198760,1
36.600000,12,12.852131,8.331531,15.840856,24.320256,12.852131,8.331531,1
36.600000,13,13.835759,9.315159,15.840856,24.320256,13.835759,9.315159,1
36.600000,14,10.733475,6.212875,15.840856,24.320256,10.733475,6.212875,1
37.100000,9,12.444917,7.924317,19.529674,28.009074,12.444917,7.924317,1
37.100000,10,11.201452,6.680852,19.529674,28.009074,11.201452,6.680852,1
37.100000,11,12.271200,7.750600,19.529674,28.009074,12.271200,7.750600,1
37.100000,12,10.110957,5.590357,19.529674,28.009074,10.110957,5.590357,1
37.100000,13,15.349658,10.829058,19.529674,28.009074,15.349658,10.829058,1
37.100000,14,13.299720,8.779120,19.529674,28.009074,13.299720,8.779120,1
37.600000,9,12.444917,7.924317,19.529674,28.009074,12.444917,7.924317,1
37.600000,10,11.201452,6.680852,19.529674,28.009074,11.201452,6.680852,1
37.600000,11,12.271200,7.750600,19.529674,28.009074,12.271200,7.750600,1
37.600000,12,10.110957,5.590357,19.529674,28.009074,10.110957,5.590357,1
37.600000,13,15.349658,10.829058,19.529674,28.009074,15.349658,10.829058,1
37.600000,14,13.299720,8.779120,19.529674,28.009074,13.299720,8.779120,1
38.100000,9,12.444917,7.924317,19.529674,28.009074,12.444917,7.924317,1
38.100000,10,11.201452,6.680852,19.529674,28.009074,11.201452,6.680852,1
38.100000,11,12.271200,7.750600,19.529674,28.009074,12.271200,7.750600,1
38.100000,12,10.210385,5.689785,19.529674,28.009074,10.210385,5.689785,1
38.100000,13,15.408849,10.888249,19.529674,28.009074,15.408849,10.888249,1
38.100000,14,13.299720,8.779120,19.529674,28.009074,13.299720,8.779120,1
38.600000,9,10.305440,5.784840,18.341201,26.820601,10.305440,5.784840,1
38.600000,10,13.811231,9.290631,18.341201,26.820601,13.811231,9.290631,1
38.600000,11,12.987909,8.467309,18.341201,26.820601,12.987909,8.467309,1
38.600000,12,12.297697,7.777097,18.341201,26.820601,12.297697,7.777097,1
38.600000,13,14.360599,9.839999,18.341201,26.820601,14.360599,9.839999,1
38.600000,14,9.389538,4.868938,18.341201,26.820601,9.389538,4.868938,1
39.100000,9,10.460657,5.940057,18.341201,26.820601,10.460657,5.940057,1
39.100000,10,13.858034,9.337434,18.341201,26.820601,13.858034,9.337434,1
39.100000,11,12.987909,8.467309,18.341201,26.820601,12.987909,8.467309,1
39.100000,12,12.590255,8.069655,18.341201,26.820601,12.590255,8.069655,1
39.100000,13,14.291141,9.770541,18.341201,26.820601,14.291141,9.770541,1
39.100000,14,9.389538,4.868938,18.341201,26.820601,9.389538,4.868938,1
39.600000,9,10.460657,5.940057,18.341201,26.820601,10.460657,5.940057,1
39.600000,10,13.858034,9.337434,18.341201,26.820601,13.858034,9.337434,1
39.600000,11,12.987909,8.467309,18.341201,26.820601,12.987909,8.467309,1
39.600000,12,12.590255,8.069655,18.341201,26.820601,12.590255,8.069655,1
39.600000,13,14.291141,9.770541,18.341201,26.820601,14.291141,9.770541,1
39.600000,14,9.389538,4.868938,18.341201,26.820601,9.389538,4.868938,1
40.100000,9,13.773713,9.253113,17.605790,26.085190,13.773713,9.253113,1
40.100000,10,12.639237,8.118637,17.605790,26.085190,12.639237,8.118637,1
40.100000,11,12.332923,7.812323,17.605790,26.085190,12.332923,7.812323,1
40.100000,12,14.417902,9.897302,17.605790,26.085190,14.417902,9.897302,1
40.100000,13,11.694004,7.173404,17.605790,26.085190,11.694004,7.173404,1
40.100000,14,15.161605,10.641005,17.605790,26.085190,15.161605,10.641005,1
40.600000,9,13.773713,9.253113,17.605790,26.085190,13.773713,9.253113,1
40.600000,10,12.639237,8.118637,17.605790,26.085190,12.639237,8.118637,1
40.600000,11,12.332923,7.812323,17.605790,26.085190,12.332923,7.812323,1
40.600000,12,14.417902,9.897302,17.605790,26.085190,14.417902,9.897302,1
40.600000,13,11.694004,7.173404,17.605790,26.085190,11.694004,7.173404,1
40.600000,14,15.161605,10.641005,17.605790,26.085190,15.161605,10.641005,1
41.100000,9,13.716989,9.196389,17.605790,26.085190,13.716989,9.196389,1
41.100000,10,12.944230,8.423630,17.605790,26.085190,12.944230,8.423630,1
41.100000,11,12.332923,7.812323,17.605790,26.085190,12.332923,7.812323,1
41.100000,12,14.376265,9.855666,17.605790,26.085190,14.376265,9.855666,1
41.100000,13,11.467544,6.946944,17.605790,26.085190,11.467544,6.946944,1
41.100000,14,15.161605,10.641005,17.605790,26.085190,15.161605,10.641005,1
41.600000,9,13.274205,8.753605,18.721723,27.201123,13.274205,8.753605,1
41.600000,10,11.520579,6.999979,18.721723,27.201123,11.520579,6.999979,1
41.600000,11,12.012301,7.491701,18.721723,27.201123,12.012301,7.491701,1
41.600000,12,12.179905,7.659305,18.721723,27.201123,12.179905,7.659305,1
41.600000,13,10.024705,5.504105,18.721723,27.201123,10.024705,5.504105,1
41.600000,14,12.602343,8.081743,18.721723,27.201123,12.602343,8.081743,1
42.100000,9,12.736508,8.215908,18.721723,27.201123,12.736508,8.215908,1
42.100000,10,11.902113,7.381513,18.721723,27.201123,11.902113,7.381513,1
42.100000,11,12.012301,7.491701,18.721723,27.201123,12.012301,7.491701,1
42.100000,12,12.137490,7.616890,18.721723,27.201123,12.137490,7.616890,1
42.100000,13,10.021621,5.501021,18.721723,27.201123,10.021621,5.501021,1
42.100000,14,12.602343,8.081743,18.721723,27.201123,12.602343,8.081743,1
42.600000,9,12.736508,8.215908,18.721723,27.201123,12.736508,8.215908,1
42.600000,10,11.902113,7.381513,18.721723,27.201123,11.902113,7.381513,1
42.600000,11,12.012301,7.491701,18.721723,27.201123,12.012301,7.491701,1
42.600000,12,12.137490,7.616890,18.721723,27.201123,12.137490,7.616890,1
42.600000,13,10.021621,5.501021,18.721723,27.201123,10.021621,5.501021,1
42.600000,14,12.602343,8.081743,18.721723,27.201123,12.602343,8.081743,1
43.100000,9,9.136903,4.616303,18.475421,26.954821,9.136903,4.616303,1
43.100000,10,11.407366,6.886766,18.475421,26.954821,11.407366,6.886766,1
43.100000,11,11.927984,7.407384,18.475421,26.954821,11.927984,7.407384,1
43.100000,12,12.892120,8.371520,18.475421,26.954821,12.892120,8.371520,1
43.100000,13,11.177934,6.657334,18.475421,26.954821,11.177934,6.657334,1
43.100000,14,16.483547,11.962947,18.475421,26.954821,16.483547,11.962947,1
43.600000,9,9.136903,4.616303,18.475421,26.954821,9.136903,4.616303,1
43.600000,10,11.407366,6.886766,18.475421,26.954821,11.407366,6.886766,1
43.600000,11,11.927984,7.407384,18.475421,26.954821,11.927984,7.407384,1
43.600000,12,12.892120,8.371520,18.475421,26.954821,12.892120,8.371520,1
43.600000,13,11.177934,6.657334,18.475421,26.954821,11.177934,6.657334,1
43.600000,14,16.483547,11.962947,18.475421,26.954821,16.483547,11.962947,1
44.100000,9,9.375623,4.855023,18.475421,26.954821,9.375623,4.855023,1
44.100000,10,12.170685,7.650085,18.475421,26.954821,12.170685,7.650085,1
44.100000,11,11.927984,7.407384,18.475421,26.954821,11.927984,7.407384,1
44.100000,12,12.933066,8.412467,18.475421,26.954821,12.933066,8.412467,1
44.100000,13,11.224243,6.703643,18.475421,26.954821,11.224243,6.703643,1
44.100000,14,16.797253,12.276653,18.475421,26.954821,16.797253,12.276653,1
44.600000,9,12.653081,8.132481,18.140242,26.619642,12.653081,8.132481,1
44.600000,10,12.169588,7.648988,18.140242,26.619642,12.169588,7.648988,1
44.600000,11,11.872787,7.352187,18.140242,26.619642,11.872787,7.352187,1
44.600000,12,12.083715,7.563115,18.140242,26.619642,12.083715,7.563115,1
44.600000,13,12.342658,7.822058,18.140242,26.619642,12.342658,7.822058,1
44.600000,14,13.871078,9.350478,18.140242,26.619642,13.871078,9.350478,1
45.100000,9,12.889626,8.369026,18.140242,26.619642,12.889626,8.369026,1
45.100000,10,12.198122,7.677522,18.140242,26.619642,12.198122,7.677522,1
45.100000,11,11.872787,7.352187,18.140242,26.619642,11.872787,7.352187,1
45.100000,12,12.195311,7.674711,18.140242,26.619642,12.195311,7.674711,1
45.100000,13,12.122766,7.602166,18.140242,26.619642,12.122766,7.602166,1
45.100000,14,14.014738,9.494138,18.140242,26.619642,14.014738,9.494138,1
45.600000,9,12.889626,8.369026,18.140242,26.619642,12.889626,8.369026,1
45.600000,10,12.198122,7.677522,18.140242,26.619642,12.198122,7.677522,1
45.600000,11,11.872787,7.352187,18.140242,26.619642,11.872787,7.352187,1
45.600000,12,12.195311,7.674711,18.140242,26.619642,12.195311,7.674711,1
45.600000,13,12.122766,7.602166,18.140242,26.619642,12.122766,7.602166,1
45.600000,14,14.014738,9.494138,18.140242,26.619642,14.014738,9.494138,1
46.100000,9,13.058813,8.538213,16.276540,24.755940,13.058813,8.538213,1
46.100000,10,12.526013,8.005413,16.276540,24.755940,12.526013,8.005413,1
46.100000,11,14.501568,9.980968,16.276540,24.755940,14.501568,9.980968,1
46.100000,12,11.810967,7.290367,16.276540,24.755940,11.810967,7.290367,1
46.100000,13,12.340320,7.819720,16.276540,24.755940,12.340320,7.819720,1
46.100000,14,12.384186,7.863586,16.276540,24.755940,12.384186,7.863586,1
46.600000,9,13.058813,8.538213,16.276540,24.755940,13.058813,8.538213,1
46.600000,10,12.526013,8.005413,16.276540,24.755940,12.526013,8.005413,1
46.600000,11,14.501568,9.980968,16.276540,24.755940,14.501568,9.980968,1
46.600000,12,11.810967,7.290367,16.276540,24.755940,11.810967,7.290367,1
46.600000,13,12.340320,7.819720,16.276540,24.755940,12.340320,7.819720,1
46.600000,14,12.384186,7.863586,16.276540,24.755940,12.384186,7.863586,1
47.100000,9,13.058813,8.538213,16.276540,24.755940,13.058813,8.538213,1
47.100000,10,12.526013,8.005413,16.276540,24.755940,12.526013,8.005413,1
47.100000,11,14.501568,9.980968,16.276540,24.755940,14.501568,9.980968,1
47.100000,12,11.946678,7.426078,16.276540,24.755940,11.946678,7.426078,1
47.100000,13,12.271119,7.750519,16.276540,24.755940,12.271119,7.750519,1
47.100000,14,12.384186,7.863586,16.276540,24.755940,12.384186,7.863586,1
47.600000,9,10.025631,5.505031,18.729462,27.208862,10.025631,5.505031,1
47.600000,10,6.426427,1.905827,18.729462,27.208862,6.426427,1.905827,1
47.600000,11,9.414972,4.894372,18.729462,27.208862,9.414972,4.894372,1
47.600000,12,10.916822,6.396222,18.729462,27.208862,10.916822,6.396222,1
47.600000,13,8.875481,4.354881,18.729462,27.208862,8.875481,4.354881,1
47.600000,14,13.765128,9.244528,18.729462,27.208862,13.765128,9.244528,1
48.100000,9,10.025631,5.505031,18.729462,27.208862,10.025631,5.505031,1
48.100000,10,6.426427,1.905827,18.729462,27.208862,6.426427,1.905827,1
48.100000,11,9.414972,4.894372,18.729462,27.208862,9.414972,4.894372,1
48.100000,12,10.709716,6.189116,18.729462,27.208862,10.709716,6.189116,1
48.100000,13,8.647269,4.126669,18.729462,27.208862,8.647269,4.126669,1
48.100000,14,13.765128,9.244528,18.729462,27.208862,13.765128,9.244528,1
48.600000,9,10.025631,5.505031,18.729462,27.208862,10.025631,5.505031,1
48.600000,10,6.426427,1.905827,18.729462,27.208862,6.426427,1.905827,1
48.600000,11,9.414972,4.894372,18.729462,27.208862,9.414972,4.894372,1
48.600000,12,10.709716,6.189116,18.729462,27.208862,10.709716,6.189116,1
48.600000,13,8.647269,4.126669,18.729462,27.208862,8.647269,4.126669,1
48.600000,14,13.765128,9.244528,18.729462,27.208862,13.765128,9.244528,1
49.100000,9,13.126189,8.605589,20.391250,28.870650,13.126189,8.605589,1
49.100000,10,14.275726,9.755126,20.391250,28.870650,14.275726,9.755126,1
49.100000,11,13.811888,9.291288,20.391250,28.870650,13.811888,9.291288,1
49.100000,12,10.425080,5.904480,20.391250,28.870650,10.425080,5.904480,1
49.100000,13,15.004911,10.484311,20.391250,28.870650,15.004911,10.484311,1
49.100000,14,14.699163,10.178563,20.391250,28.870650,14.699163,10.178563,1
49.600000,9,13.126189,8.605589,20.391250,28.870650,13.126189,8.605589,1
49.600000,10,14.275726,9.755126,20.391250,28.870650,14.275726,9.755126,1
49.600000,11,13.811888,9.291288,20.391250,28.870650,13.811888,9.291288,1
49.600000,12,10.425080,5.904480,20.391250,28.870650,10.425080,5.904480,1
49.600000,13,15.004911,10.484311,20.391250,28.870650,15.004911,10.484311,1
49.600000,14,14.699163,10.178563,20.391250,28.870650,14.699163,10.178563,1
50.100000,9,13.126189,8.605589,20.391250,28.870650,13.126189,8.605589,1
50.100000,10,14.275726,9.755126,20.391250,28.870650,14.275726,9.755126,1
50.100000,11,13.811888,9.291288,20.391250,28.870650,13.811888,9.291288,1
50.100000,12,10.587827,6.067227,20.391250,28.870650,10.587827,6.067227,1
50.100000,13,14.907080,10.386480,20.391250,28.870650,14.907080,10.386480,1
50.100000,14,14.699163,10.178563,20.391250,28.870650,14.699163,10.178563,1
50.600000,9,12.661193,8.140593,14.873138,23.352538,12.661193,8.140593,1
50.600000,10,13.591249,9.070649,14.873138,23.352538,13.591249,9.070649,1
50.600000,11,14.234296,9.713696,14.873138,23.352538,14.234296,9.713696,1
50.600000,12,11.360947,6.840347,14.873138,23.352538,11.360947,6.840347,1
50.600000,13,12.718421,8.197821,14.873138,23.352538,12.718421,8.197821,1
50.600000,14,13.203622,8.683022,14.873138,23.352538,13.203622,8.683022,1
51.100000,9,12.661193,8.140593,14.873138,23.352538,12.661193,8.140593,1
51.100000,10,13.591249,9.070649,14.873138,23.352538,13.591249,9.070649,1
51.100000,11,14.234296,9.713696,14.873138,23.352538,14.234296,9.713696,1
51.100000,12,11.360947,6.840347,14.873138,23.352538,11.360947,6.840347,1
51.100000,13,12.531916,8.011316,14.873138,23.352538,12.531916,8.011316,1
51.100000,14,13.203622,8.683022,14.873138,23.352538,13.203622,8.683022,1
51.600000,9,12.661193,8.140593,14.873138,23.352538,12.661193,8.140593,1
51.600000,10,13.591249,9.070649,14.873138,23.352538,13.591249,9.070649,1
51.600000,11,14.234296,9.713696,14.873138,23.352538,14.234296,9.713696,1
51.600000,12,11.360947,6.840347,14.873138,23.352538,11.360947,6.840347,1
51.600000,13,12.531916,8.011316,14.873138,23.352538,12.531916,8.011316,1
51.600000,14,13.203622,8.683022,14.873138,23.352538,13.203622,8.683022,1
52.100000,9,14.318329,9.797729,18.337519,26.816919,14.318329,9.797729,1
52.100000,10,12.340864,7.820264,18.337519,26.816919,12.340864,7.820264,1
52.100000,11,13.334397,8.813797,18.337519,26.816919,13.334397,8.813797,1
52.100000,12,12.448118,7.927518,18.337519,26.816919,12.448118,7.927518,1
52.100000,13,15.208023,10.687423,18.337519,26.816919,15.208023,10.687423,1
52.100000,14,10.478405,5.957805,18.337519,26.816919,10.478405,5.957805,1
52.600000,9,14.318329,9.797729,18.337519,26.816919,14.318329,9.797729,1
52.600000,10,12.340864,7.820264,18.337519,26.816919,12.340864,7.820264,1
52.600000,11,13.334397,8.813797,18.337519,26.816919,13.334397,8.813797,1
52.600000,12,12.448118,7.927518,18.337519,26.816919,12.448118,7.927518,1
52.600000,13,15.208023,10.687423,18.337519,26.816919,15.208023,10.687423,1
52.600000,14,10.478405,5.957805,18.337519,26.816919,10.478405,5.957805,1
53.100000,9,14.253993,9.733393,18.337519,26.816919,14.253993,9.733393,1
53.100000,10,12.340864,7.820264,18.337519,26.816919,12.340864,7.820264,1
53.100000,11,13.334397,8.813797,18.337519,26.816919,13.334397,8.813797,1
53.100000,12,12.448118,7.927518,18.337519,26.816919,12.448118,7.927518,1
53.100000,13,15.237077,10.716477,18.337519,26.816919,15.237077,10.716477,1
53.100000,14,10.478405,5.957805,18.337519,26.816919,10.478405,5.957805,1
53.600000,9,14.366452,9.845852,20.653043,29.132443,14.366452,9.845852,1
53.600000,10,11.265286,6.744686,20.653043,29.132443,11.265286,6.744686,1
53.600000,11,14.758692,10.238092,20.653043,29.132443,14.758692,10.238092,1
53.600000,12,12.131383,7.610783,20.653043,29.132443,12.131383,7.610783,1
53.600000,13,11.500860,6.980260,20.653043,29.132443,11.500860,6.980260,1
53.600000,14,11.654827,7.134227,20.653043,29.132443,11.654827,7.134227,1
54.100000,9,14.623286,10.102686,20.653043,29.132443,14.623286,10.102686,1
54.100000,10,11.265286,6.744686,20.653043,29.132443,11.265286,6.744686,1
54.100000,11,14.758692,10.238092,20.653043,29.132443,14.758692,10.238092,1
54.100000,12,12.131383,7.610783,20.653043,29.132443,12.131383,7.610783,1
54.100000,13,11.379267,6.858667,20.653043,29.132443,11.379267,6.858667,1
54.100000,14,11.654827,7.134227,20.653043,29.132443,11.654827,7.134227,1
54.600000,9,14.623286,10.102686,20.653043,29.132443,14.623286,10.102686,1
54.600000,10,11.265286,6.744686,20.653043,29.132443,11.265286,6.744686,1
54.600000,11,14.758692,10.238092,20.653043,29.132443,14.758692,10.238092,1
54.600000,12,12.131383,7.610783,20.653043,29.132443,12.131383,7.610783,1
54.600000,13,11.379267,6.858667,20.653043,29.132443,11.379267,6.858667,1
54.600000,14,11.654827,7.134227,20.653043,29.132443,11.654827,7.134227,1
55.100000,9,13.954282,9.433682,19.093951,27.573351,13.954282,9.433682,1
55.100000,10,11.936950,7.416350,19.093951,27.573351,11.936950,7.416350,1
55.100000,11,14.675694,10.155094,19.093951,27.573351,14.675694,10.155094,1
55.100000,12,11.059172,6.538572,19.093951,27.573351,11.059172,6.538572,1
55.100000,13,14.268201,9.747601,19.093951,27.573351,14.268201,9.747601,1
55.100000,14,9.754421,5.233822,19.093951,27.573351,9.754421,5.233822,1
55.600000,9,13.954282,9.433682,19.093951,27.573351,13.954282,9.433682,1
55.600000,10,11.936950,7.416350,19.093951,27.573351,11.936950,7.416350,1
55.600000,11,14.675694,10.155094,19.093951,27.573351,14.675694,10.155094,1
55.600000,12,11.059172,6.538572,19.093951,27.573351,11.059172,6.538572,1
55.600000,13,14.268201,9.747601,19.093951,27.573351,14.268201,9.747601,1
55.600000,14,9.754421,5.233822,19.093951,27.573351,9.754421,5.233822,1
56.100000,9,13.954282,9.433682,19.093951,27.573351,13.954282,9.433682,1
56.100000,10,11.936950,7.416350,19.093951,27.573351,11.936950,7.416350,1
56.100000,11,14.675694,10.155094,19.093951,27.573351,14.675694,10.155094,1
56.100000,12,11.059172,6.538572,19.093951,27.573351,11.059172,6.538572,1
56.100000,13,14.261349,9.740749,19.093951,27.573351,14.261349,9.740749,1
56.100000,14,9.754421,5.233822,19.093951,27.573351,9.754421,5.233822,1
56.600000,9,13.338930,8.818330,17.905002,26.384402,13.338930,8.818330,1
56.600000,10,14.118742,9.598142,17.905002,26.384402,14.118742,9.598142,1
56.600000,11,13.712038,9.191439,17.905002,26.384402,13.712038,9.191439,1
56.600000,12,13.970348,9.449748,17.905002,26.384402,13.970348,9.449748,1
56.600000,13,7.686102,3.165502,17.905002,26.384402,7.686102,3.165502,1
56.600000,14,13.089535,8.568935,17.905002,26.384402,13.089535,8.568935,1
57.100000,9,13.338930,8.818330,17.905002,26.384402,13.338930,8.818330,1
57.100000,10,14.118742,9.598142,17.905002,26.384402,14.118742,9.598142,1
57.100000,11,13.712038,9.191439,17.905002,26.384402,13.712038,9.191439,1
57.100000,12,13.970348,9.449748,17.905002,26.384402,13.970348,9.449748,1
57.100000,13,8.012972,3.492372,17.905002,26.384402,8.012972,3.492372,1
57.100000,14,13.089535,8.568935,17.905002,26.384402,13.089535,8.568935,1
57.600000,9,13.338930,8.818330,17.905002,26.384402,13.338930,8.818330,1
57.600000,10,14.118742,9.598142,17.905002,26.384402,14.118742,9.598142,1
57.600000,11,13.712038,9.191439,17.905002,26.384402,13.712038,9.191439,1
57.600000,12,13.970348,9.449748,17.905002,26.384402,13.970348,9.449748,1
57.600000,13,8.012972,3.492372,17.905002,26.384402,8.012972,3.492372,1
57.600000,14,13.089535,8.568935,17.905002,26.384402,13.089535,8.568935,1
58.100000,9,12.684076,8.163477,15.010479,23.489879,12.684076,8.163477,1
58.100000,10,13.000158,8.479558,15.010479,23.489879,13.000158,8.479558,1
58.100000,11,12.661945,8.141345,15.010479,23.489879,12.661945,8.141345,1
58.100000,12,10.973656,6.453057,15.010479,23.489879,10.973656,6.453057,1
58.100000,13,12.037381,7.516781,15.010479,23.489879,12.037381,7.516781,1
58.100000,14,12.942647,8.422047,15.010479,23.489879,12.942647,8.422047,1
58.600000,9,12.684076,8.163477,15.010479,23.489879,12.684076,8.163477,1
58.600000,10,13.000158,8.479558,15.010479,23.489879,13.000158,8.479558,1
58.600000,11,12.661945,8.141345,15.010479,23.489879,12.661945,8.141345,1
58.600000,12,10.973656,6.453057,15.010479,23.489879,10.973656,6.453057,1
58.600000,13,12.037381,7.516781,15.010479,23.489879,12.037381,7.516781,1
58.600000,14,12.942647,8.422047,15.010479,23.489879,12.942647,8.422047,1
59.100000,9,12.684076,8.163477,15.010479,23.489879,12.684076,8.163477,1
59.100000,10,13.000158,8.479558,15.010479,23.489879,13.000158,8.479558,1
59.100000,11,12.661945,8.141345,15.010479,23.489879,12.661945,8.141345,1
59.100000,12,10.775101,6.254501,15.010479,23.489879,10.775101,6.254501,1
59.100000,13,12.176577,7.655977,15.010479,23.489879,12.176577,7.655977,1
59.100000,14,13.316658,8.796058,15.010479,23.489879,13.316658,8.796058,1
59.600000,9,9.939547,5.418947,19.960179,28.439579,9.939547,5.418947,1
59.600000,10,12.744672,8.224072,19.960179,28.439579,12.744672,8.224072,1
59.600000,11,13.426855,8.906256,19.960179,28.439579,13.426855,8.906256,1
59.600000,12,13.635838,9.115238,19.960179,28.439579,13.635838,9.115238,1
59.600000,13,12.618879,8.098279,19.960179,28.439579,12.618879,8.098279,1
59.600000,14,12.483740,7.963140,19.960179,28.439579,12.483740,7.963140,1
60.100000,9,9.939547,5.418947,19.960179,28.439579,9.939547,5.418947,1
60.100000,10,12.744672,8.224072,19.960179,28.439579,12.744672,8.224072,1
60.100000,11,13.426855,8.906256,19.960179,28.439579,13.426855,8.906256,1
60.100000,12,13.911908,9.391308,19.960179,28.439579,13.911908,9.391308,1
60.100000,13,12.830091,8.309491,19.960179,28.439579,12.830091,8.309491,1
60.100000,14,12.509315,7.988715,19.960179,28.439579,12.509315,7.988715,1
60.600000,9,9.939547,5.418947,19.960179,28.439579,9.939547,5.418947,1
60.600000,10,12.744672,8.224072,19.960179,28.439579,12.744672,8.224072,1
60.600000,11,13.426855,8.906256,19.960179,28.439579,13.426855,8.906256,1
60.600000,12,13.911908,9.391308,19.960179,28.439579,13.911908,9.391308,1
60.600000,13,12.830091,8.309491,19.960179,28.439579,12.830091,8.309491,1
60.600000,14,12.509315,7.988715,19.960179,28.439579,12.509315,7.988715,1
61.100000,9,12.033991,7.513391,17.204691,25.684091,12.033991,7.513391,1
61.100000,10,12.912845,8.392245,17.204691,25.684091,12.912845,8.392245,1
61.100000,11,13.887749,9.367149,17.204691,25.684091,13.887749,9.367149,1
61.100000,12,12.030721,7.510121,17.204691,25.684091,12.030721,7.510121,1
61.100000,13,11.964063,7.443463,17.204691,25.684091,11.964063,7.443463,1
61.100000,14,12.108772,7.588172,17.204691,25.684091,12.108772,7.588172,1
61.600000,9,12.033991,7.513391,17.204691,25.684091,12.033991,7.513391,1
61.600000,10,12.912845,8.392245,17.204691,25.684091,12.912845,8.392245,1
61.600000,11,13.887749,9.367149,17.204691,25.684091,13.887749,9.367149,1
61.600000,12,12.030721,7.510121,17.204691,25.684091,12.030721,7.510121,1
61.600000,13,11.964063,7.443463,17.204691,25.684091,11.964063,7.443463,1
61.600000,14,12.108772,7.588172,17.204691,25.684091,12.108772,7.588172,1
62.100000,9,12.033991,7.513391,17.204691,25.684091,12.033991,7.513391,1
62.100000,10,12.912845,8.392245,17.204691,25.684091,12.912845,8.392245,1
62.100000,11,13.887749,9.367149,17.204691,25.684091,13.887749,9.367149,1
62.100000,12,11.668564,7.147964,17.204691,25.684091,11.668564,7.147964,1
62.100000,13,11.312296,6.791696,17.204691,25.684091,11.312296,6.791696,1
62.100000,14,12.386528,7.865928,17.204691,25.684091,12.386528,7.865928,1
62.600000,9,10.536407,6.015808,18.841685,27.321085,10.536407,6.015808,1
62.600000,10,14.230403,9.709803,18.841685,27.321085,14.230403,9.709803,1
62.600000,11,10.789488,6.268888,18.841685,27.321085,10.789488,6.268888,1
62.600000,12,13.631053,9.110453,18.841685,27.321085,13.631053,9.110453,1
62.600000,13,13.173684,8.653084,18.841685,27.321085,13.173684,8.653084,1
62.600000,14,14.125009,9.604409,18.841685,27.321085,14.125009,9.604409,1
63.100000,9,10.629831,6.109231,18.841685,27.321085,10.629831,6.109231,1
63.100000,10,13.870920,9.350320,18.841685,27.321085,13.870920,9.350320,1
63.100000,11,10.789488,6.268888,18.841685,27.321085,10.789488,6.268888,1
63.100000,12,14.017625,9.497025,18.841685,27.321085,14.017625,9.497025,1
63.100000,13,13.396036,8.875436,18.841685,27.321085,13.396036,8.875436,1
63.100000,14,13.363630,8.843030,18.841685,27.321085,13.363630,8.843030,1
63.600000,9,10.629831,6.109231,18.841685,27.321085,10.629831,6.109231,1
63.600000,10,13.870920,9.350320,18.841685,27.321085,13.870920,9.350320,1
63.600000,11,10.789488,6.268888,18.841685,27.321085,10.789488,6.268888,1
63.600000,12,14.017625,9.497025,18.841685,27.321085,14.017625,9.497025,1
63.600000,13,13.396036,8.875436,18.841685,27.321085,13.396036,8.875436,1
63.600000,14,13.363630,8.843030,18.841685,27.321085,13.363630,8.843030,1
64.100000,9,12.441231,7.920632,15.366580,23.845980,12.441231,7.920632,1
64.100000,10,14.415251,9.894651,15.366580,23.845980,14.415251,9.894651,1
64.100000,11,10.345394,5.824794,15.366580,23.845980,10.345394,5.824794,1
64.100000,12,11.248525,6.727925,15.366580,23.845980,11.248525,6.727925,1
64.100000,13,12.113061,7.592461,15.366580,23.845980,12.113061,7.592461,1
64.100000,14,11.117754,6.597154,15.366580,23.845980,11.117754,6.597154,1
64.600000,9,12.441231,7.920632,15.366580,23.845980,12.441231,7.920632,1
64.600000,10,14.415251,9.894651,15.366580,23.845980,14.415251,9.894651,1
64.600000,11,10.345394,5.824794,15.366580,23.845980,10.345394,5.824794,1
64.600000,12,11.248525,6.727925,15.366580,23.845980,11.248525,6.727925,1
64.600000,13,12.113061,7.592461,15.366580,23.845980,12.113061,7.592461,1
64.600000,14,11.117754,6.597154,15.366580,23.845980,11.117754,6.597154,1
65.100000,9,12.903665,8.383065,15.366580,23.845980,12.903665,8.383065,1
65.100000,10,14.196562,9.675962,15.366580,23.845980,14.196562,9.675962,1
65.100000,11,10.345394,5.824794,15.366580,23.845980,10.345394,5.824794,1
65.100000,12,11.540934,7.020334,15.366580,23.845980,11.540934,7.020334,1
65.100000,13,11.751804,7.231204,15.366580,23.845980,11.751804,7.231204,1
65.100000,14,11.030371,6.509771,15.366580,23.845980,11.030371,6.509771,1
65.600000,9,13.185685,8.665085,20.449568,28.928968,13.185685,8.665085,1
65.600000,10,10.131226,5.610626,20.449568,28.928968