Time,CellId,ServiceDlSnrDb,ServiceUlSnrDb,FeederDlSnrDb,FeederUlSnrDb,BackhaulDlSnrDb,BackhaulUlSnrDb,BackhaulHealthy
0.100000,5,11.652189,7.131589,16.709358,25.188758,11.652189,7.131589,1
0.100000,6,11.275330,6.754730,16.709358,25.188758,11.275330,6.754730,1
0.100000,7,10.286575,5.765975,16.709358,25.188758,10.286575,5.765975,1
0.600000,5,12.784829,8.264229,17.696351,26.175751,12.784829,8.264229,1
0.600000,6,11.565178,7.044578,17.696351,26.175751,11.565178,7.044578,1
0.600000,7,10.843071,6.322471,17.696351,26.175751,10.843071,6.322471,1
1.100000,5,10.508467,5.987867,16.468172,24.947572,10.508467,5.987867,1
1.100000,6,10.468202,5.947602,16.468172,24.947572,10.468202,5.947602,1
1.100000,7,15.208766,10.688166,16.468172,24.947572,15.208766,10.688166,1
1.600000,5,12.281027,7.760427,18.163908,26.643308,12.281027,7.760427,1
1.600000,6,12.246440,7.725840,18.163908,26.643308,12.246440,7.725840,1
1.600000,7,7.607606,3.087006,18.163908,26.643308,7.607606,3.087006,1
2.100000,5,12.645254,8.124654,17.295131,25.774531,12.645254,8.124654,1
2.100000,6,13.156396,8.635796,17.295131,25.774531,13.156396,8.635796,1
2.100000,7,11.962336,7.441736,17.295131,25.774531,11.962336,7.441736,1
2.600000,5,14.270252,9.749652,17.592275,26.071675,14.270252,9.749652,1
2.600000,6,3.792165,-0.728435,17.592275,26.071675,3.792165,-0.728435,0
2.600000,7,13.882468,9.361868,17.592275,26.071675,13.882468,9.361868,1
3.100000,5,13.088987,8.568387,16.800537,25.279938,13.088987,8.568387,1
3.100000,6,12.808845,8.288246,16.800537,25.279938,12.808845,8.288246,1
3.100000,7,12.893586,8.372986,16.800537,25.279938,12.893586,8.372986,1
3.600000,5,12.852025,8.331425,17.576079,26.055479,12.852025,8.331425,1
3.600000,6,11.655857,7.135257,17.576079,26.055479,11.655857,7.135257,1
3.600000,7,11.071550,6.550950,17.576079,26.055479,11.071550,6.550950,1
4.100000,5,11.265444,6.744844,17.482822,25.962222,11.265444,6.744844,1
4.100000,6,11.548327,7.027727,17.482822,25.962222,11.548327,7.027727,1
4.100000,7,11.740990,7.220390,17.482822,25.962222,11.740990,7.220390,1
4.600000,5,11.731438,7.210838,17.398328,25.877728,11.731438,7.210838,1
4.600000,6,14.819726,10.299126,17.398328,25.877728,14.819726,10.299126,1
4.600000,7,12.858602,8.338002,17.398328,25.877728,12.858602,8.338002,1
5.100000,5,13.971892,9.451292,17.557671,26.037071,13.971892,9.451292,1
5.100000,6,12.118631,7.598031,17.557671,26.037071,12.118631,7.598031,1
5.100000,7,12.606586,8.085986,17.557671,26.037071,12.606586,8.085986,1
5.600000,5,9.165886,4.645286,17.831050,26.310450,9.165886,4.645286,1
5.600000,6,11.922602,7.402002,17.831050,26.310450,11.922602,7.402002,1
5.600000,7,13.797389,9.276789,17.831050,26.310450,13.797389,9.276789,1
6.100000,5,13.206947,8.686347,18.004901,26.484301,13.206947,8.686347,1
6.100000,6,14.647269,10.126669,18.004901,26.484301,14.647269,10.126669,1
6.100000,7,15.593611,11.073011,18.004901,26.484301,15.593611,11.073011,1
6.600000,5,9.092905,4.572305,18.740044,27.219444,9.092905,4.572305,1
6.600000,6,11.007474,6.486875,18.740044,27.219444,11.007474,6.486875,1
6.600000,7,12.046220,7.525620,18.740044,27.219444,12.046220,7.525620,1
7.100000,5,13.458644,8.938044,19.758240,28.237641,13.458644,8.938044,1
7.100000,6,11.959594,7.438994,19.758240,28.237641,11.959594,7.438994,1
7.100000,7,13.357154,8.836554,19.758240,28.237641,13.357154,8.836554,1
7.600000,5,13.855391,9.334791,19.827432,28.306832,13.855391,9.334791,1
7.600000,6,12.644919,8.124319,19.827432,28.306832,12.644919,8.124319,1
7.600000,7,8.657779,4.137180,19.827432,28.306832,8.657779,4.137180,1
8.100000,5,14.233499,9.712899,17.468605,25.948005,14.233499,9.712899,1
8.100000,6,11.741085,7.220485,17.468605,25.948005,11.741085,7.220485,1
8.100000,7,12.889928,8.369328,17.468605,25.948005,12.889928,8.369328,1
8.600000,5,11.347502,6.826902,22.104083,30.583484,11.347502,6.826902,1
8.600000,6,12.176289,7.655689,22.104083,30.583484,12.176289,7.655689,1
8.600000,7,13.290817,8.770217,22.104083,30.583484,13.290817,8.770217,1
9.100000,5,10.049127,5.528527,18.962513,27.441913,10.049127,5.528527,1
9.100000,6,14.159656,9.639056,18.962513,27.441913,14.159656,9.639056,1
9.100000,7,14.420822,9.900222,18.962513,27.441913,14.420822,9.900222,1
9.600000,5,11.579676,7.059076,15.988876,24.468276,11.579676,7.059076,1
9.600000,6,13.389452,8.868852,15.988876,24.468276,13.389452,8.868852,1
9.600000,7,14.753140,10.232540,15.988876,24.468276,14.753140,10.232540,1
10.100000,5,9.898623,5.378023,18.046571,26.525971,9.898623,5.378023,1
10.100000,6,8.680441,4.159841,18.046571,26.525971,8.680441,4.159841,1
10.100000,7,12.803783,8.283184,18.046571,26.525971,12.803783,8.283184,1
10.600000,5,10.899431,6.378831,16.749199,25.228599,10.899431,6.378831,1
10.600000,6,13.082031,8.561431,16.749199,25.228599,13.082031,8.561431,1
10.600000,7,11.449306,6.928706,16.749199,25.228599,11.449306,6.928706,1
11.100000,5,11.595788,7.075188,20.749099,29.228499,11.595788,7.075188,1
11.100000,6,12.774803,8.254203,20.749099,29.228499,12.774803,8.254203,1
11.100000,7,12.940655,8.420055,20.749099,29.228499,12.940655,8.420055,1
11.600000,5,12.964160,8.443560,19.082824,27.562224,12.964160,8.443560,1
11.600000,6,13.239519,8.718919,19.082824,27.562224,13.239519,8.718919,1
11.600000,7,14.281451,9.760851,19.082824,27.562224,14.281451,9.760851,1
12.100000,5,13.347945,8.827346,16.535991,25.015391,13.347945,8.827346,1
12.100000,6,11.083863,6.563263,16.535991,25.015391,11.083863,6.563263,1
12.100000,7,8.823875,4.303275,16.535991,25.015391,8.823875,4.303275,1
12.600000,5,13.156079,8.635479,18.662824,27.142225,13.156079,8.635479,1
12.600000,6,11.580884,7.060284,18.662824,27.142225,11.580884,7.060284,1
12.600000,7,9.147028,4.626428,18.662824,27.142225,9.147028,4.626428,1
13.100000,5,10.552832,6.032232,16.692662,25.172062,10.552832,6.032232,1
13.100000,6,14.652124,10.131524,16.692662,25.172062,14.652124,10.131524,1
13.100000,7,11.176819,6.656219,16.692662,25.172062,11.176819,6.656219,1
13.600000,5,9.322218,4.801618,17.545192,26.024592,9.322218,4.801618,1
13.600000,6,13.088865,8.568265,17.545192,26.024592,13.088865,8.568265,1
13.600000,7,14.897923,10.377323,17.545192,26.024592,14.897923,10.377323,1
14.100000,5,13.709655,9.189056,16.845236,25.324636,13.709655,9.189056,1
14.100000,6,8.987434,4.466834,16.845236,25.324636,8.987434,4.466834,1
14.100000,7,14.174372,9.653772,16.845236,25.324636,14.174372,9.653772,1
14.600000,5,13.946599,9.425999,15.294729,23.774129,13.946599,9.425999,1
14.600000,6,11.949020,7.428420,15.294729,23.774129,11.949020,7.428420,1
14.600000,7,13.934034,9.413435,15.294729,23.774129,13.934034,9.413435,1
15.100000,5,10.186671,5.666071,20.465925,28.945325,10.186671,5.666071,1
15.100000,6,10.810651,6.290051,20.465925,28.945325,10.810651,6.290051,1
15.100000,7,11.990446,7.469846,20.465925,28.945325,11.990446,7.469846,1
15.600000,5,13.804157,9.283558,18.184204,26.663604,13.804157,9.283558,1
15.600000,6,9.801170,5.280570,18.184204,26.663604,9.801170,5.280570,1
15.600000,7,9.542115,5.021515,18.184204,26.663604,9.542115,5.021515,1
16.100000,5,12.550048,8.029448,19.959035,28.438435,12.550048,8.029448,1
16.100000,6,13.261437,8.740837,19.959035,28.438435,13.261437,8.740837,1
16.100000,7,12.699071,8.178471,19.959035,28.438435,12.699071,8.178471,1
16.600000,5,13.152198,8.631598,20.146744,28.626144,13.152198,8.631598,1
16.600000,6,13.139635,8.619035,20.146744,28.626144,13.139635,8.619035,1
16.600000,7,9.438255,4.917656,20.146744,28.626144,9.438255,4.917656,1
17.100000,5,13.845793,9.325193,14.709132,23.188532,13.845793,9.325193,1
17.100000,6,9.359917,4.839317,14.709132,23.188532,9.359917,4.839317,1
17.100000,7,9.140599,4.619999,14.709132,23.188532,9.140599,4.619999,1
17.600000,5,12.627562,8.106962,17.586576,26.065976,12.627562,8.106962,1
17.600000,6,14.320557,9.799957,17.586576,26.065976,14.320557,9.799957,1
17.600000,7,13.323117,8.802517,17.586576,26.065976,13.323117,8.802517,1
18.100000,5,15.854022,11.333422,16.373195,24.852595,15.854022,11.333422,1
18.100000,6,12.186099,7.665499,16.373195,24.852595,12.186099,7.665499,1
18.100000,7,15.007183,10.486583,16.373195,24.852595,15.007183,10.486583,1
18.600000,5,13.318386,8.797786,15.564293,24.043693,13.318386,8.797786,1
18.600000,6,12.247834,7.727234,15.564293,24.043693,12.247834,7.727234,1
18.600000,7,15.169177,10.648577,15.564293,24.043693,15.169177,10.648577,1
19.100000,5,10.952966,6.432366,17.090039,25.569439,10.952966,6.432366,1
19.100000,6,11.791604,7.271004,17.090039,25.569439,11.791604,7.271004,1
19.100000,7,13.441015,8.920415,17.090039,25.569439,13.441015,8.920415,1
19.600000,5,14.695648,10.175048,17.441266,25.920666,14.695648,10.175048,1
19.600000,6,11.929838,7.409238,17.441266,25.920666,11.929838,7.409238,1
19.600000,7,13.047154,8.526554,17.441266,25.920666,13.047154,8.526554,1
20.100000,5,11.950114,7.429514,15.910125,24.389526,11.950114,7.429514,1
20.100000,6,14.450953,9.930353,15.910125,24.389526,14.450953,9.930353,1
20.100000,7,11.326293,6.805693,15.910125,24.389526,11.326293,6.805693,1
20.600000,5,13.406376,8.885777,15.706612,24.186012,13.406376,8.885777,1
20.600000,6,14.329135,9.808535,15.706612,24.186012,14.329135,9.808535,1
20.600000,7,14.274981,9.754381,15.706612,24.186012,14.274981,9.754381,1
21.100000,5,13.021459,8.500859,17.043810,25.523210,13.021459,8.500859,1
21.100000,6,12.481314,7.960714,17.043810,25.523210,12.481314,7.960714,1
21.100000,7,9.793483,5.272884,17.043810,25.523210,9.793483,5.272884,1
21.600000,5,12.374270,7.853670,18.366415,26.845815,12.374270,7.853670,1
21.600000,6,12.106759,7.586160,18.366415,26.845815,12.106759,7.586160,1
21.600000,7,11.102759,6.582159,18.366415,26.845815,11.102759,6.582159,1
22.100000,5,13.718229,9.197629,18.756263,27.235663,13.718229,9.197629,1
22.100000,6,13.042833,8.522233,18.756263,27.235663,13.042833,8.522233,1
22.100000,7,14.160521,9.639921,18.756263,27.235663,14.160521,9.639921,1
22.600000,5,5.436244,0.915644,15.515892,23.995292,5.436244,0.915644,1
22.600000,6,9.885011,5.364411,15.515892,23.995292,9.885011,5.364411,1
22.600000,7,11.248214,6.727614,15.515892,23.995292,11.248214,6.727614,1
23.100000,5,11.243825,6.723225,17.386152,25.865552,11.243825,6.723225,1
23.100000,6,12.211484,7.690884,17.386152,25.865552,12.211484,7.690884,1
23.100000,7,11.877993,7.357393,17.386152,25.865552,11.877993,7.357393,1
23.600000,5,13.193372,8.672772,18.114531,26.593931,13.193372,8.672772,1
23.600000,6,10.859346,6.338746,18.114531,26.593931,10.859346,6.338746,1
23.600000,7,11.912784,7.392184,18.114531,26.593931,11.912784,7.392184,1
24.100000,5,10.652472,6.131873,13.763382,22.242782,10.652472,6.131873,1
24.100000,6,13.972850,9.452250,13.763382,22.242782,13.763382,9.452250,1
24.100000,7,14.258506,9.737906,13.763382,22.242782,13.763382,9.737906,1
24.600000,5,9.054916,4.534317,18.756841,27.236241,9.054916,4.534317,1
24.600000,6,10.184446,5.663846,18.756841,27.236241,10.184446,5.663846,1
24.600000,7,12.545029,8.024429,18.756841,27.236241,12.545029,8.024429,1
25.100000,5,12.973664,8.453064,17.666574,26.145974,12.973664,8.453064,1
25.100000,6,11.899514,7.378914,17.666574,26.145974,11.899514,7.378914,1
25.100000,7,11.406046,6.885447,17.666574,26.145974,11.406046,6.885447,1
25.600000,5,13.601747,9.081147,13.677666,22.157066,13.601747,9.081147,1
25.600000,6,12.609116,8.088516,13.677666,22.157066,12.609116,8.088516,1
25.600000,7,12.005650,7.485050,13.677666,22.157066,12.005650,7.485050,1
26.100000,5,13.821212,9.300612,17.556449,26.035849,13.821212,9.300612,1
26.100000,6,12.790363,8.269763,17.556449,26.035849,12.790363,8.269763,1
26.100000,7,11.591888,7.071288,17.556449,26.035849,11.591888,7.071288,1
26.600000,5,12.230842,7.710242,18.129101,26.608501,12.230842,7.710242,1
26.600000,6,10.748261,6.227661,18.129101,26.608501,10.748261,6.227661,1
26.600000,7,13.164566,8.643967,18.129101,26.608501,13.164566,8.643967,1
27.100000,5,10.153661,5.633061,19.118272,27.597672,10.153661,5.633061,1
27.100000,6,10.507476,5.986876,19.118272,27.597672,10.507476,5.986876,1
27.100000,7,13.203905,8.683305,19.118272,27.597672,13.203905,8.683305,1
27.600000,5,7.108597,2.587997,17.466829,25.946229,7.108597,2.587997,1
27.600000,6,8.730217,4.209617,17.466829,25.946229,8.730217,4.209617,1
27.600000,7,13.851297,9.330697,17.466829,25.946229,13.851297,9.330697,1
28.100000,5,11.025715,6.505115,17.652449,26.131849,11.025715,6.505115,1
28.100000,6,12.220940,7.700340,17.652449,26.131849,12.220940,7.700340,1
28.100000,7,13.407197,8.886597,17.652449,26.131849,13.407197,8.886597,1
28.600000,5,11.819639,7.299040,17.838709,26.318109,11.819639,7.299040,1
28.600000,6,9.834768,5.314168,17.838709,26.318109,9.834768,5.314168,1
28.600000,7,13.550910,9.030310,17.838709,26.318109,13.550910,9.030310,1
29.100000,5,10.297354,5.776754,17.292744,25.772145,10.297354,5.776754,1
29.100000,6,13.323362,8.802762,17.292744,25.772145,13.323362,8.802762,1
29.100000,7,12.176005,7.655405,17.292744,25.772145,12.176005,7.655405,1
29.600000,5,9.302469,4.781869,17.358418,25.837818,9.302469,4.781869,1
29.600000,6,13.108274,8.587674,17.358418,25.837818,13.108274,8.587674,1
29.600000,7,13.670642,9.150042,17.358418,25.837818,13.670642,9.150042,1
30.100000,5,12.954781,8.434181,16.300036,24.779436,12.954781,8.434181,1
30.100000,6,12.878958,8.358358,16.300036,24.779436,12.878958,8.358358,1
30.100000,7,13.366897,8.846297,16.300036,24.779436,13.366897,8.846297,1
30.600000,5,10.725710,6.205110,18.924918,27.404318,10.725710,6.205110,1
30.600000,6,11.373622,6.853022,18.924918,27.404318,11.373622,6.853022,1
30.600000,7,10.334211,5.813611,18.924918,27.404318,10.334211,5.813611,1
31.100000,5,12.609278,8.088678,18.621325,27.100725,12.609278,8.088678,1
31.100000,6,8.006879,3.486279,18.621325,27.100725,8.006879,3.486279,1
31.100000,7,11.838392,7.317792,18.621325,27.100725,11.838392,7.317792,1
31.600000,5,15.042698,10.522098,16.823874,25.303275,15.042698,10.522098,1
31.600000,6,12.744953,8.224353,16.823874,25.303275,12.744953,8.224353,1
31.600000,7,13.744921,9.224321,16.823874,25.303275,13.744921,9.224321,1
32.100000,5,13.286090,8.765490,17.896589,26.375989,13.286090,8.765490,1
32.100000,6,10.943027,6.422427,17.896589,26.375989,10.943027,6.422427,1
32.100000,7,9.277491,4.756892,17.896589,26.375989,9.277491,4.756892,1
32.600000,5,14.246947,9.726347,14.887393,23.366793,14.246947,9.726347,1
32.600000,6,10.866883,6.346283,14.887393,23.366793,10.866883,6.346283,1
32.600000,7,9.235777,4.715177,14.887393,23.366793,9.235777,4.715177,1
33.100000,5,14.093051,9.572451,17.867752,26.347152,14.093051,9.572451,1
33.100000,6,13.933478,9.412878,17.867752,26.347152,13.933478,9.412878,1
33.100000,7,13.611652,9.091052,17.867752,26.347152,13.611652,9.091052,1
33.600000,5,13.735228,9.214628,19.022441,27.501841,13.735228,9.214628,1
33.600000,6,12.159131,7.638532,19.022441,27.501841,12.159131,7.638532,1
33.600000,7,13.115104,8.594504,19.022441,27.501841,13.115104,8.594504,1
34.100000,5,14.366016,9.845416,16.260248,24.739648,14.366016,9.845416,1
34.100000,6,14.085372,9.564772,16.260248,24.739648,14.085372,9.564772,1
34.100000,7,10.665853,6.145253,16.260248,24.739648,10.665853,6.145253,1
34.600000,5,12.202157,7.681557,18.957690,27.437090,12.202157,7.681557,1
34.600000,6,10.871065,6.350465,18.957690,27.437090,10.871065,6.350465,1
34.600000,7,9.936091,5.415491,18.957690,27.437090,9.936091,5.415491,1
35.100000,5,11.579509,7.058909,17.586502,26.065902,11.579509,7.058909,1
35.100000,6,11.110707,6.590107,17.586502,26.065902,11.110707,6.590107,1
35.100000,7,12.820870,8.300270,17.586502,26.065902,12.820870,8.300270,1
35.600000,5,11.955871,7.435272,17.048845,25.528245,11.955871,7.435272,1
35.600000,6,14.860253,10.339653,17.048845,25.528245,14.860253,10.339653,1
35.600000,7,13.415570,8.894970,17.048845,25.528245,13.415570,8.894970,1
36.100000,5,11.641365,7.120765,16.873119,25.352519,11.641365,7.120765,1
36.100000,6,10.682761,6.162161,16.873119,25.352519,10.682761,6.162161,1
36.100000,7,12.450193,7.929593,16.873119,25.352519,12.450193,7.929593,1
36.600000,5,14.019657,9.499057,12.754857,21.234258,12.754857,9.499057,1
36.600000,6,11.004900,6.484300,12.754857,21.234258,11.004900,6.484300,1
36.600000,7,13.587694,9.067094,12.754857,21.234258,12.754857,9.067094,1
37.100000,5,11.001660,6.481060,19.324363,27.803763,11.001660,6.481060,1
37.100000,6,13.411155,8.890555,19.324363,27.803763,13.411155,8.890555,1
37.100000,7,12.063860,7.543260,19.324363,27.803763,12.063860,7.543260,1
37.600000,5,11.624833,7.104233,20.295600,28.775000,11.624833,7.104233,1
37.600000,6,10.374800,5.854200,20.295600,28.775000,10.374800,5.854200,1
37.600000,7,10.931021,6.410421,20.295600,28.775000,10.931021,6.410421,1
38.100000,5,13.453128,8.932528,17.472682,25.952082,13.453128,8.932528,1
38.100000,6,12.652812,8.132212,17.472682,25.952082,12.652812,8.132212,1
38.100000,7,14.692268,10.171668,17.472682,25.952082,14.692268,10.171668,1
38.600000,5,11.966661,7.446061,16.427469,24.906869,11.966661,7.446061,1
38.600000,6,14.992429,10.471829,16.427469,24.906869,14.992429,10.471829,1
38.600000,7,14.657554,10.136954,16.427469,24.906869,14.657554,10.136954,1
39.100000,5,10.889120,6.368520,19.365320,27.844720,10.889120,6.368520,1
39.100000,6,11.114414,6.593815,19.365320,27.844720,11.114414,6.593815,1
39.100000,7,12.927433,8.406833,19.365320,27.844720,12.927433,8.406833,1
39.600000,5,13.117009,8.596409,16.276063,24.755463,13.117009,8.596409,1
39.600000,6,10.625032,6.104433,16.276063,24.755463,10.625032,6.104433,1
39.600000,7,11.004671,6.484071,16.276063,24.755463,11.004671,6.484071,1
40.100000,5,11.962449,7.441849,19.314140,27.793540,11.962449,7.441849,1
40.100000,6,12.931891,8.411291,19.314140,27.793540,12.931891,8.411291,1
40.100000,7,13.743740,9.223140,19.314140,27.793540,13.743740,9.223140,1
40.600000,5,12.575697,8.055097,18.664208,27.143609,12.575697,8.055097,1
40.600000,6,13.489207,8.968607,18.664208,27.143609,13.489207,8.968607,1
40.600000,7,12.245021,7.724422,18.664208,27.143609,12.245021,7.724422,1
41.100000,5,10.055878,5.535278,17.333822,25.813222,10.055878,5.535278,1
41.100000,6,13.520410,8.999810,17.333822,25.813222,13.520410,8.999810,1
41.100000,7,13.006097,8.485497,17.333822,25.813222,13.006097,8.485497,1
41.600000,5,12.842931,8.322331,15.139418,23.618818,12.842931,8.322331,1
41.600000,6,11.319712,6.799112,15.139418,23.618818,11.319712,6.799112,1
41.600000,7,11.427394,6.906794,15.139418,23.618818,11.427394,6.906794,1
42.100000,5,11.877771,7.357171,17.203414,25.682814,11.877771,7.357171,1
42.100000,6,12.236322,7.715722,17.203414,25.682814,12.236322,7.715722,1
42.100000,7,11.985130,7.464530,17.203414,25.682814,11.985130,7.464530,1
42.600000,5,11.624330,7.103730,19.816839,28.296239,11.624330,7.103730,1
42.600000,6,12.036701,7.516101,19.816839,28.296239,12.036701,7.516101,1
42.600000,7,10.642207,6.121607,19.816839,28.296239,10.642207,6.121607,1
43.100000,5,11.761779,7.241179,11.992383,20.471783,11.761779,7.241179,1
43.100000,6,12.042102,7.521502,11.992383,20.471783,11.992383,7.521502,1
43.100000,7,11.219560,6.698960,11.992383,20.471783,11.219560,6.698960,1
43.600000,5,12.391135,7.870535,20.848876,29.328276,12.391135,7.870535,1
43.600000,6,11.272344,6.751744,20.848876,29.328276,11.272344,6.751744,1
43.600000,7,12.776161,8.255561,20.848876,29.328276,12.776161,8.255561,1
44.100000,5,11.183832,6.663232,18.635705,27.115105,11.183832,6.663232,1
44.100000,6,15.060189,10.539589,18.635705,27.115105,15.060189,10.539589,1
44.100000,7,14.515363,9.994763,18.635705,27.115105,14.515363,9.994763,1
44.600000,5,12.479185,7.958585,17.581058,26.060458,12.479185,7.958585,1
44.600000,6,10.690622,6.170022,17.581058,26.060458,10.690622,6.170022,1
44.600000,7,14.301929,9.781329,17.581058,26.060458,14.301929,9.781329,1
45.100000,5,8.005263,3.484663,18.122293,26.601694,8.005263,3.484663,1
45.100000,6,12.142547,7.621947,18.122293,26.601694,12.142547,7.621947,1
45.100000,7,12.798910,8.278310,18.122293,26.601694,12.798910,8.278310,1
45.600000,5,10.716572,6.195972,16.157584,24.636984,10.716572,6.195972,1
45.600000,6,10.716078,6.195478,16.157584,24.636984,10.716078,6.195478,1
45.600000,7,13.540298,9.019698,16.157584,24.636984,13.540298,9.019698,1
46.100000,5,10.069106,5.548507,14.954678,23.434079,10.069106,5.548507,1
46.100000,6,13.876816,9.356216,14.954678,23.434079,13.876816,9.356216,1
46.100000,7,14.707103,10.186503,14.954678,23.434079,14.707103,10.186503,1
46.600000,5,10.290874,5.770274,16.201559,24.680959,10.290874,5.770274,1
46.600000,6,13.123801,8.603201,16.201559,24.680959,13.123801,8.603201,1
46.600000,7,12.092298,7.571698,16.201559,24.680959,12.092298,7.571698,1
47.100000,5,8.351273,3.830673,18.688721,27.168121,8.351273,3.830673,1
47.100000,6,14.799135,10.278535,18.688721,27.168121,14.799135,10.278535,1
47.100000,7,13.341174,8.820574,18.688721,27.168121,13.341174,8.820574,1
47.600000,5,13.154176,8.633576,17.139456,25.618857,13.154176,8.633576,1
47.600000,6,13.477693,8.957093,17.139456,25.618857,13.477693,8.957093,1
47.600000,7,15.198178,10.677578,17.139456,25.618857,15.198178,10.677578,1
48.100000,5,14.180408,9.659808,14.154841,22.634241,14.154841,9.659808,1
48.100000,6,12.072048,7.551448,14.154841,22.634241,12.072048,7.551448,1
48.100000,7,12.064271,7.543672,14.154841,22.634241,12.064271,7.543672,1
48.600000,5,13.676956,9.156356,18.750643,27.230043,13.676956,9.156356,1
48.600000,6,10.790041,6.269441,18.750643,27.230043,10.790041,6.269441,1
48.600000,7,11.716225,7.195625,18.750643,27.230043,11.716225,7.195625,1
49.100000,5,11.309163,6.788563,16.589620,25.069020,11.309163,6.788563,1
49.100000,6,14.435822,9.915222,16.589620,25.069020,14.435822,9.915222,1
49.100000,7,10.126580,5.605980,16.589620,25.069020,10.126580,5.605980,1
49.600000,5,13.781080,9.260480,16.737447,25.216847,13.781080,9.260480,1
49.600000,6,12.203967,7.683367,16.737447,25.216847,12.203967,7.683367,1
49.600000,7,13.391167,8.870567,16.737447,25.216847,13.391167,8.870567,1
50.100000,5,9.125393,4.604793,18.623155,27.102555,9.125393,4.604793,1
50.100000,6,10.481686,5.961086,18.623155,27.102555,10.481686,5.961086,1
50.100000,7,15.282379,10.761779,18.623155,27.102555,15.282379,10.761779,1
50.600000,5,14.024222,9.503622,18.425784,26.905184,14.024222,9.503622,1
50.600000,6,9.877902,5.357302,18.425784,26.905184,9.877902,5.357302,1
50.600000,7,9.775843,5.255243,18.425784,26.905184,9.775843,5.255243,1
51.100000,5,11.508803,6.988203,18.007369,26.486769,11.508803,6.988203,1
51.100000,6,9.735074,5.214474,18.007369,26.486769,9.735074,5.214474,1
51.100000,7,12.125902,7.605302,18.007369,26.486769,12.125902,7.605302,1
51.600000,5,11.462260,6.941660,17.744145,26.223546,11.462260,6.941660,1
51.600000,6,15.249334,10.728734,17.744145,26.223546,15.249334,10.728734,1
51.600000,7,10.713105,6.192505,17.744145,26.223546,10.713105,6.192505,1
52.100000,5,10.432592,5.911992,14.763601,23.243001,10.432592,5.911992,1
52.100000,6,10.178333,5.657733,14.763601,23.243001,10.178333,5.657733,1
52.100000,7,11.465442,6.944842,14.763601,23.243001,11.465442,6.944842,1
52.600000,5,14.216534,9.695934,17.117624,25.597024,14.216534,9.695934,1
52.600000,6,12.291707,7.771107,17.117624,25.597024,12.291707,7.771107,1
52.600000,7,11.338976,6.818376,17.117624,25.597024,11.338976,6.818376,1
53.100000,5,16.595806,12.075207,19.547466,28.026866,16.595806,12.075207,1
53.100000,6,10.077994,5.557394,19.547466,28.026866,10.077994,5.557394,1
53.100000,7,11.885682,7.365083,19.547466,28.026866,11.885682,7.365083,1
53.600000,5,8.302395,3.781795,16.135490,24.614890,8.302395,3.781795,1
53.600000,6,11.566656,7.046056,16.135490,24.614890,11.566656,7.046056,1
53.600000,7,11.604396,7.083796,16.135490,24.614890,11.604396,7.083796,1
54.100000,5,12.458182,7.937582,14.027220,22.506620,12.458182,7.937582,1
54.100000,6,12.553603,8.033004,14.027220,22.506620,12.553603,8.033004,1
54.100000,7,12.661312,8.140712,14.027220,22.506620,12.661312,8.140712,1
54.600000,5,14.050471,9.529871,17.817859,26.297259,14.050471,9.529871,1
54.600000,6,10.777937,6.257338,17.817859,26.297259,10.777937,6.257338,1
54.600000,7,11.587767,7.067167,17.817859,26.297259,11.587767,7.067167,1
55.100000,5,12.450461,7.929861,16.513648,24.993048,12.450461,7.929861,1
55.100000,6,12.422598,7.901998,16.513648,24.993048,12.422598,7.901998,1
55.100000,7,14.334673,9.814073,16.513648,24.993048,14.334673,9.814073,1
55.600000,5,12.863046,8.342447,17.872929,26.352329,12.863046,8.342447,1
55.600000,6,13.428964,8.908364,17.872929,26.352329,13.428964,8.908364,1
55.600000,7,13.341366,8.820766,17.872929,26.352329,13.341366,8.820766,1
56.100000,5,12.649471,8.128871,17.281775,25.761175,12.649471,8.128871,1
56.100000,6,15.057233,10.536633,17.281775,25.761175,15.057233,10.536633,1
56.100000,7,15.720946,11.200346,17.281775,25.761175,15.720946,11.200346,1
56.600000,5,14.686000,10.165400,18.250873,26.730273,14.686000,10.165400,1
56.600000,6,15.220181,10.699581,18.250873,26.730273,15.220181,10.699581,1
56.600000,7,11.151162,6.630562,18.250873,26.730273,11.151162,6.630562,1
57.100000,5,13.486978,8.966378,17.099017,25.578417,13.486978,8.966378,1
57.100000,6,13.308154,8.787554,17.099017,25.578417,13.308154,8.787554,1
57.100000,7,12.922023,8.401423,17.099017,25.578417,12.922023,8.401423,1
57.600000,5,8.301748,3.781148,19.470167,27.949567,8.301748,3.781148,1
57.600000,6,13.996886,9.476286,19.470167,27.949567,13.996886,9.476286,1
57.600000,7,12.155022,7.634422,19.470167,27.949567,12.155022,7.634422,1
58.100000,5,12.610131,8.089531,16.749580,25.228980,12.610131,8.089531,1
58.100000,6,14.654749,10.134149,16.749580,25.228980,14.654749,10.134149,1
58.100000,7,11.743069,7.222469,16.749580,25.228980,11.743069,7.222469,1
58.600000,5,13.831842,9.311242,20.362490,28.841890,13.831842,9.311242,1
58.600000,6,14.998165,10.477565,20.362490,28.841890,14.998165,10.477565,1
58.600000,7,12.653883,8.133283,20.362490,28.841890,12.653883,8.133283,1
59.100000,5,14.102339,9.581739,20.341573,28.820973,14.102339,9.581739,1
59.100000,6,13.958608,9.438008,20.341573,28.820973,13.958608,9.438008,1
59.100000,7,8.259652,3.739052,20.341573,28.820973,8.259652,3.739052,1
59.600000,5,12.677449,8.156849,16.143031,24.622431,12.677449,8.156849,1
59.600000,6,13.608324,9.087724,16.143031,24.622431,13.608324,9.087724,1
59.600000,7,12.691412,8.170812,16.143031,24.622431,12.691412,8.170812,1
60.100000,5,9.976043,5.455444,20.094934,28.574335,9.976043,5.455444,1
60.100000,6,12.333843,7.813243,20.094934,28.574335,12.333843,7.813243,1
60.100000,7,14.087663,9.567063,20.094934,28.574335,14.087663,9.567063,1
60.600000,5,12.031587,7.510987,17.433259,25.912659,12.031587,7.510987,1
60.600000,6,12.233333,7.712733,17.433259,25.912659,12.233333,7.712733,1
60.600000,7,7.564956,3.044356,17.433259,25.912659,7.564956,3.044356,1
61.100000,5,10.917157,6.396557,18.217716,26.697116,10.917157,6.396557,1
61.100000,6,14.174348,9.653748,18.217716,26.697116,14.174348,9.653748,1
61.100000,7,13.780174,9.259574,18.217716,26.697116,13.780174,9.259574,1
61.600000,5,14.117005,9.596405,16.060435,24.539835,14.117005,9.596405,1
61.600000,6,11.526307,7.005707,16.060435,24.539835,11.526307,7.005707,1
61.600000,7,13.360810,8.840210,16.060435,24.539835,13.360810,8.840210,1
62.100000,5,7.064204,2.543604,19.337020,27.816420,7.064204,2.543604,1
62.100000,6,11.226658,6.706058,19.337020,27.816420,11.226658,6.706058,1
62.100000,7,11.534954,7.014354,19.337020,27.816420,11.534954,7.014354,1
62.600000,5,11.908765,7.388165,15.108746,23.588146,11.908765,7.388165,1
62.600000,6,14.444997,9.924397,15.108746,23.588146,14.444997,9.924397,1
62.600000,7,11.391107,6.870507,15.108746,23.588146,11.391107,6.870507,1
63.100000,5,14.419292,9.898692,14.408837,22.888237,14.408837,9.898692,1
63.100000,6,11.637883,7.117283,14.408837,22.888237,11.637883,7.117283,1
63.100000,7,13.456818,8.936218,14.408837,22.888237,13.456818,8.936218,1
63.600000,5,12.642490,8.121890,17.882131,26.361531,12.642490,8.121890,1
63.600000,6,12.873018,8.352418,17.882131,26.361531,12.873018,8.352418,1
63.600000,7,12.890878,8.370278,17.882131,26.361531,12.890878,8.370278,1
64.100000,5,14.401718,9.881119,17.908352,26.387753,14.401718,9.881119,1
64.100000,6,12.486959,7.966359,17.908352,26.387753,12.486959,7.966359,1
64.100000,7,14.266958,9.746359,17.908352,26.387753,14.266958,9.746359,1
64.600000,5,11.566324,7.045725,17.913165,26.392565,11.566324,7.045725,1
64.600000,6,11.894551,7.373951,17.913165,26.392565,11.894551,7.373951,1
64.600000,7,13.169428,8.648828,17.913165,26.392565,13.169428,8.648828,1
65.100000,5,13.592541,9.071941,17.839420,26.318820,13.592541,9.071941,1
65.100000,6,12.738589,8.217990,17.839420,26.318820,12.738589,8.217990,1
65.100000,7,11.330849,6.810249,17.839420,26.318820,11.330849,6.810249,1
65.600000,5,12.882002,8.361402,16.610850,25.090250,12.882002,8.361402,1
65.600000,6,10.789089,6.268489,16.610850,25.090250,10.789089,6.268489,1
65.600000,7,11.562244,7.041644,16.610850,25.090250,11.562244,7.041644,1
66.100000,5,11.200276,6.679676,16.564132,25.043533,11.200276,6.679676,1
66.100000,6,11.020064,6.499464,16.564132,25.043533,11.020064,6.499464,1
66.100000,7,15.323068,10.802468,16.564132,25.043533,15.323068,10.802468,1
66.600000,5,7.339628,2.819029,16.540846,25.020246,7.339628,2.819029,1
66.600000,6,12.908610,8.388010,16.540846,25.020246,12.908610,8.388010,1
66.600000,7,8.945589,4.424989,16.540846,25.020246,8.945589,4.424989,1
67.100000,5,11.102309,6.581709,15.473527,23.952927,11.102309,6.581709,1
67.100000,6,12.992797,8.472197,15.473527,23.952927,12.992797,8.472197,1
67.100000,7,11.152789,6.632189,15.473527,23.952927,11.152789,6.632189,1
67.600000,5,11.195752,6.675152,17.922760,26.402160,11.195752,6.675152,1
67.600000,6,12.095548,7.574948,17.922760,26.402160,12.095548,7.574948,1
67.600000,7,11.142066,6.621466,17.922760,26.402160,11.142066,6.621466,1
68.100000,5,12.539744,8.019144,15.857397,24.336797,12.539744,8.019144,1
68.100000,6,9.183882,4.663282,15.857397,24.336797,9.183882,4.663282,1
68.100000,7,13.283133,8.762533,15.857397,24.336797,13.283133,8.762533,1
68.600000,5,12.773887,8.253287,16.400272,24.879673,12.773887,8.253287,1
68.600000,6,9.905414,5.384814,16.400272,24.879673,9.905414,5.384814,1
68.600000,7,7.230811,2.710211,16.400272,24.879673,7.230811,2.710211,1
69.100000,5,11.613306,7.092706,16.261867,24.741267,11.613306,7.092706,1
69.100000,6,14.428712,9.908112,16.261867,24.741267,14.428712,9.908112,1
69.100000,7,9.881708,5.361108,16.261867,24.741267,9.881708,5.361108,1
69.600000,5,12.057559,7.536960,17.723687,26.203087,12.057559,7.536960,1
69.600000,6,10.573983,6.053383,17.723687,26.203087,10.573983,6.053383,1
69.600000,7,11.583008,7.062408,17.723687,26.203087,11.583008,7.062408,1
70.100000,5,8.662967,4.142367,17.083598,25.562998,8.662967,4.142367,1
70.100000,6,12.120677,7.600077,17.083598,25.562998,12.120677,7.600077,1
70.100000,7,13.722521,9.201922,17.083598,25.562998,13.722521,9.201922,1
70.600000,5,12.624667,8.104067,18.592701,27.072101,12.624667,8.104067,1
70.600000,6,14.932348,10.411748,18.592701,27.072101,14.932348,10.411748,1
70.600000,7,15.042400,10.521800,18.592701,27.072101,15.042400,10.521800,1
71.100000,5,14.398729,9.878129,16.161444,24.640844,14.398729,9.878129,1
71.100000,6,11.767135,7.246535,16.161444,24.640844,11.767135,7.246535,1
71.100000,7,10.001881,5.481281,16.161444,24.640844,10.001881,5.481281,1
71.600000,5,12.249777,7.729177,17.120897,25.600297,12.249777,7.729177,1
71.600000,6,8.351127,3.830527,17.120897,25.600297,8.351127,3.830527,1
71.600000,7,12.836887,8.316287,17.120897,25.600297,12.836887,8.316287,1
72.100000,5,13.287431,8.766831,15.673905,24.153305,13.287431,8.766831,1
72.100000,6,12.789875,8.269275,15.673905,24.153305,12.789875,8.269275,1
72.100000,7,10.916607,6.396007,15.673905,24.153305,10.916607,6.396007,1
72.600000,5,10.213106,5.692506,20.439487,28.918887,10.213106,5.692506,1
72.600000,6,10.974349,6.453749,20.439487,28.918887,10.974349,6.453749,1
72.600000,7,12.620367,8.099767,20.439487,28.918887,12.620367,8.099767,1
73.100000,5,10.346062,5.825462,15.499895,23.979296,10.346062,5.825462,1
73.100000,6,11.817205,7.296605,15.499895,23.979296,11.817205,7.296605,1
73.100000,7,12.724109,8.203509,15.499895,23.979296,12.724109,8.203509,1
73.600000,5,11.698858,7.178258,13.092741,21.572141,11.698858,7.178258,1
73.600000,6,11.249113,6.728513,13.092741,21.572141,11.249113,6.728513,1
73.600000,7,11.839896,7.319296,13.092741,21.572141,11.839896,7.319296,1
74.100000,5,9.716024,5.195424,15.089097,23.568497,9.716024,5.195424,1
74.100000,6,12.178688,7.658088,15.089097,23.568497,12.178688,7.658088,1
74.100000,7,15.756393,11.235793,15.089097,23.568497,15.089097,11.235793,1
74.600000,5,13.965851,9.445251,15.386037,23.865437,13.965851,9.445251,1
74.600000,6,7.749852,3.229252,15.386037,23.865437,7.749852,3.229252,1
74.600000,7,11.691764,7.171164,15.386037,23.865437,11.691764,7.171164,1
75.100000,5,10.975051,6.454451,18.735007,27.214407,10.975051,6.454451,1
75.100000,6,11.701072,7.180473,18.735007,27.214407,11.701072,7.180473,1
75.100000,7,11.062933,6.542334,18.735007,27.214407,11.062933,6.542334,1
75.600000,5,12.990067,8.469468,20.736221,29.215621,12.990067,8.469468,1
75.600000,6,12.965562,8.444962,20.736221,29.215621,12.965562,8.444962,1
75.600000,7,12.928210,8.407610,20.736221,29.215621,12.928210,8.407610,1
76.100000,5,10.311448,5.790848,17.895015,26.374415,10.311448,5.790848,1
76.100000,6,13.765206,9.244606,17.895015,26.374415,13.765206,9.244606,1
76.100000,7,9.718874,5.198274,17.895015,26.374415,9.718874,5.198274,1
76.600000,5,11.488702,6.968102,17.430013,25.909413,11.488702,6.968102,1
76.600000,6,10.816890,6.296290,17.430013,25.909413,10.816890,6.296290,1
76.600000,7,12.394230,7.873631,17.430013,25.909413,12.394230,7.873631,1
77.100000,5,14.364108,9.843508,18.899703,27.379103,14.364108,9.843508,1
77.100000,6,12.562215,8.041615,18.899703,27.379103,12.562215,8.041615,1
77.100000,7,13.347555,8.826955,18.899703,27.379103,13.347555,8.826955,1
77.600000,5,12.856004,8.335404,20.866570,29.345970,12.856004,8.335404,1
77.600000,6,12.064583,7.543983,20.866570,29.345970,12.064583,7.543983,1
77.600000,7,11.432469,6.911870,20.866570,29.345970,11.432469,6.911870,1
78.100000,5,12.861711,8.341111,13.463511,21.942911,12.861711,8.341111,1
78.100000,6,14.208831,9.688231,13.463511,21.942911,13.463511,9.688231,1
78.100000,7,13.512586,8.991986,13.463511,21.942911,13.463511,8.991986,1
78.600000,5,15.070283,10.549683,20.117220,28.596620,15.070283,10.549683,1
78.600000,6,14.008064,9.487464,20.117220,28.596620,14.008064,9.487464,1
78.600000,7,12.645823,8.125223,20.117220,28.596620,12.645823,8.125223,1
79.100000,5,10.856346,6.335746,19.205149,27.684549,10.856346,6.335746,1
79.100000,6,12.930332,8.409732,19.205149,27.684549,12.930332,8.409732,1
79.100000,7,10.858391,6.337792,19.205149,27.684549,10.858391,6.337792,1
79.600000,5,13.044375,8.523775,16.384044,24.863444,13.044375,8.523775,1
79.600000,6,13.614835,9.094236,16.384044,24.863444,13.614835,9.094236,1
79.600000,7,14.561447,10.040847,16.384044,24.863444,14.561447,10.040847,1
80.100000,5,13.402623,8.882023,16.921250,25.400650,13.402623,8.882023,1
80.100000,6,11.827893,7.307293,16.921250,25.400650,11.827893,7.307293,1
80.100000,7,9.656730,5.136130,16.921250,25.400650,9.656730,5.136130,1
80.600000,5,12.507288,7.986688,20.078562,28.557962,12.507288,7.986688,1
80.600000,6,11.262701,6.742101,20.078562,28.557962,11.262701,6.742101,1
80.600000,7,11.284542,6.763943,20.078562,28.557962,11.284542,6.763943,1
81.100000,5,10.126424,5.605824,16.334736,24.814136,10.126424,5.605824,1
81.100000,6,12.893266,8.372666,16.334736,24.814136,12.893266,8.372666,1
81.100000,7,14.405608,9.885009,16.334736,24.814136,14.405608,9.885009,1
81.600000,5,12.815719,8.295119,16.715384,25.194784,12.815719,8.295119,1
81.600000,6,13.488882,8.968282,16.715384,25.194784,13.488882,8.968282,1
81.600000,7,12.515485,7.994886,16.715384,25.194784,12.515485,7.994886,1
82.100000,5,11.068605,6.548005,17.730347,26.209747,11.068605,6.548005,1
82.100000,6,7.113632,2.593032,17.730347,26.209747,7.113632,2.593032,1
82.100000,7,11.973264,7.452664,17.730347,26.209747,11.973264,7.452664,1
82.600000,5,13.424914,8.904314,17.193464,25.672865,13.424914,8.904314,1
82.600000,6,12.855883,8.335283,17.193464,25.672865,12.855883,8.335283,1
82.600000,7,12.334324,7.813725,17.193464,25.672865,12.334324,7.813725,1
83.100000,5,12.151928,7.631328,18.388105,26.867505,12.151928,7.631328,1
83.100000,6,12.895122,8.374522,18.388105,26.867505,12.895122,8.374522,1
83.100000,7,14.183523,9.662923,18.388105,26.867505,14.183523,9.662923,1
83.600000,5,9.923301,5.402701,14.572532,23.051932,9.923301,5.402701,1
83.600000,6,12.588702,8.068102,14.572532,23.051932,12.588702,8.068102,1
83.600000,7,15.267627,10.747028,14.572532,23.051932,14.572532,10.747028,1
84.100000,5,12.070185,7.549585,18.942427,27.421827,12.070185,7.549585,1
84.100000,6,13.209857,8.689257,18.942427,27.421827,13.209857,8.689257,1
84.100000,7,12.111153,7.590553,18.942427,27.421827,12.111153,7.590553,1
84.600000,5,13.444979,8.924379,20.374847,28.854247,13.444979,8.924379,1
84.600000,6,9.527776,5.007176,20.374847,28.854247,9.527776,5.007176,1
84.600000,7,11.786337,7.265737,20.374847,28.854247,11.786337,7.265737,1
85.100000,5,15.142573,10.621973,18.699645,27.179045,15.142573,10.621973,1
85.100000,6,12.905902,8.385302,18.699645,27.179045,12.905902,8.385302,1
85.100000,7,5.696177,1.175577,18.699645,27.179045,5.696177,1.175577,1
85.600000,5,9.378500,4.857900,19.316232,27.795632,9.378500,4.857900,1
85.600000,6,12.619272,8.098672,19.316232,27.795632,12.619272,8.098672,1
85.600000,7,11.771590,7.250990,19.316232,27.795632,11.771590,7.250990,1
86.100000,5,12.634734,8.114134,17.753245,26.232645,12.634734,8.114134,1
86.100000,6,14.459739,9.939139,17.753245,26.232645,14.459739,9.939139,1
86.100000,7,13.327639,8.807039,17.753245,26.232645,13.327639,8.807039,1
86.600000,5,11.689435,7.168835,15.290545,23.769945,11.689435,7.168835,1
86.600000,6,14.046875,9.526275,15.290545,23.769945,14.046875,9.526275,1
86.600000,7,9.752410,5.231811,15.290545,23.769945,9.752410,5.231811,1
87.100000,5,11.419405,6.898805,19.943660,28.423060,11.419405,6.898805,1
87.100000,6,9.967397,5.446797,19.943660,28.423060,9.967397,5.446797,1
87.100000,7,13.513402,8.992802,19.943660,28.423060,13.513402,8.992802,1
87.600000,5,7.309657,2.789057,17.562594,26.041994,7.309657,2.789057,1
87.600000,6,13.226010,8.705410,17.562594,26.041994,13.226010,8.705410,1
87.600000,7,13.816913,9.296313,17.562594,26.041994,13.816913,9.296313,1
88.100000,5,15.074326,10.553726,16.999891,25.479291,15.074326,10.553726,1
88.100000,6,11.055296,6.534696,16.999891,25.479291,11.055296,6.534696,1
88.100000,7,14.480471,9.959871,16.999891,25.479291,14.480471,9.959871,1
88.600000,5,13.058539,8.537939,18.505245,26.984645,13.058539,8.537939,1
88.600000,6,13.800959,9.280359,18.505245,26.984645,13.800959,9.280359,1
88.600000,7,11.963816,7.443216,18.505245,26.984645,11.963816,7.443216,1
89.100000,5,13.628279,9.107679,18.667202,27.146602,13.628279,9.107679,1
89.100000,6,9.711827,5.191228,18.667202,27.146602,9.711827,5.191228,1
89.100000,7,14.262262,9.741662,18.667202,27.146602,14.262262,9.741662,1
89.600000,5,13.807912,9.287312,19.474290,27.953690,13.807912,9.287312,1
89.600000,6,11.028671,6.508072,19.474290,27.953690,11.028671,6.508072,1
89.600000,7,11.208863,6.688263,19.474290,27.953690,11.208863,6.688263,1
90.100000,5,14.168987,9.648388,18.037557,26.516957,14.168987,9.648388,1
90.100000,6,10.970508,6.449908,18.037557,26.516957,10.970508,6.449908,1
90.100000,7,15.256912,10.736312,18.037557,26.516957,15.256912,10.736312,1
90.600000,5,11.184810,6.664210,16.204552,24.683952,11.184810,6.664210,1
90.600000,6,13.182253,8.661653,16.204552,24.683952,13.182253,8.661653,1
90.600000,7,11.092918,6.572318,16.204552,24.683952,11.092918,6.572318,1
91.100000,5,13.129207,8.608608,19.901923,28.381323,13.129207,8.608608,1
91.100000,6,10.961260,6.440660,19.901923,28.381323,10.961260,6.440660,1
91.100000,7,13.438285,8.917685,19.901923,28.381323,13.438285,8.917685,1
91.600000,5,13.427288,8.906688,16.407060,24.886460,13.427288,8.906688,1
91.600000,6,8.013460,3.492860,16.407060,24.886460,8.013460,3.492860,1
91.600000,7,12.760313,8.239713,16.407060,24.886460,12.760313,8.239713,1
92.100000,5,10.992024,6.471424,17.957280,26.436680,10.992024,6.471424,1
92.100000,6,14.735361,10.214761,17.957280,26.436680,14.735361,10.214761,1
92.100000,7,11.500807,6.980207,17.957280,26.436680,11.500807,6.980207,1
92.600000,5,10.041625,5.521026,18.918515,27.397915,10.041625,5.521026,1
92.600000,6,8.363466,3.842867,18.918515,27.397915,8.363466,3.842867,1
92.600000,7,11.271717,6.751117,18.918515,27.397915,11.271717,6.751117,1
93.100000,5,11.961075,7.440475,18.390017,26.869417,11.961075,7.440475,1
93.100000,6,10.980972,6.460372,18.390017,26.869417,10.980972,6.460372,1
93.100000,7,12.580685,8.060085,18.390017,26.869417,12.580685,8.060085,1
93.600000,5,13.887589,9.366989,18.907806,27.387206,13.887589,9.366989,1
93.600000,6,15.310006,10.789406,18.907806,27.387206,15.310006,10.789406,1
93.600000,7,9.433912,4.913312,18.907806,27.387206,9.433912,4.913312,1
94.100000,5,10.171956,5.651356,15.839852,24.319252,10.171956,5.651356,1
94.100000,6,14.291469,9.770869,15.839852,24.319252,14.291469,9.770869,1
94.100000,7,13.478636,8.958036,15.839852,24.319252,13.478636,8.958036,1
94.600000,5,12.628010,8.107410,17.297234,25.776635,12.628010,8.107410,1
94.600000,6,9.989302,5.468702,17.297234,25.776635,9.989302,5.468702,1
94.600000,7,12.956166,8.435566,17.297234,25.776635,12.956166,8.435566,1
95.100000,5,11.694878,7.174278,17.657204,26.136604,11.694878,7.174278,1
95.100000,6,13.734655,9.214055,17.657204,26.136604,13.734655,9.214055,1
95.100000,7,10.978899,6.458299,17.657204,26.136604,10.978899,6.458299,1
95.600000,5,9.185429,4.664829,15.122425,23.601826,9.185429,4.664829,1
95.600000,6,10.389410,5.868810,15.122425,23.601826,10.389410,5.868810,1
95.600000,7,12.456067,7.935467,15.122425,23.601826,12.456067,7.935467,1
96.100000,5,15.739496,11.218896,15.542149,24.021549,15.542149,11.218896,1
96.100000,6,10.478856,5.958256,15.542149,24.021549,10.478856,5.958256,1
96.100000,7,12.930774,8.410174,15.542149,24.021549,12.930774,8.410174,1
96.600000,5,10.324025,5.803425,17.642545,26.121946,10.324025,5.803425,1
96.600000,6,7.274340,2.753740,17.642545,26.121946,7.274340,2.753740,1
96.600000,7,10.327319,5.806719,17.642545,26.121946,10.327319,5.806719,1
97.100000,5,13.469082,8.948482,20.163506,28.642906,13.469082,8.948482,1
97.100000,6,6.861496,2.340896,20.163506,28.642906,6.861496,2.340896,1
97.100000,7,11.972027,7.451427,20.163506,28.642906,11.972027,7.451427,1
97.600000,5,11.015480,6.494880,16.157005,24.636405,11.015480,6.494880,1
97.600000,6,10.009759,5.489159,16.157005,24.636405,10.009759,5.489159,1
97.600000,7,11.423047,6.902447,16.157005,24.636405,11.423047,6.902447,1
98.100000,5,9.175396,4.654796,15.861686,24.341086,9.175396,4.654796,1
98.100000,6,14.495398,9.974798,15.861686,24.341086,14.495398,9.974798,1
98.100000,7,12.137170,7.616570,15.861686,24.341086,12.137170,7.616570,1
98.600000,5,10.408977,5.888377,18.205510,26.684910,10.408977,5.888377,1
98.600000,6,14.467061,9.946461,18.205510,26.684910,14.467061,9.946461,1
98.600000,7,14.191599,9.670999,18.205510,26.684910,14.191599,9.670999,1
99.100000,5,13.719692,9.199092,17.035095,25.514495,13.719692,9.199092,1
99.100000,6,11.143746,6.623146,17.035095,25.514495,11.143746,6.623146,1
99.100000,7,10.445081,5.924481,17.035095,25.514495,10.445081,5.924481,1
99.600000,5,10.421296,5.900696,18.657923,27.137323,10.421296,5.900696,1
99.600000,6,14.225053,9.704453,18.657923,27.137323,14.225053,9.704453,1
99.600000,7,12.607085,8.086485,18.657923,27.137323,12.607085,8.086485,1
100.100000,5,14.056911,9.536311,19.643384,28.122784,14.056911,9.536311,1
100.100000,6,11.611224,7.090624,19.643384,28.122784,11.611224,7.090624,1
100.100000,7,15.521222,11.000622,19.643384,28.122784,15.521222,11.000622,1
100.600000,5,8.506037,3.985438,15.360338,23.839738,8.506037,3.985438,1
100.600000,6,7.695568,3.174968,15.360338,23.839738,7.695568,3.174968,1
100.600000,7,12.773442,8.252842,15.360338,23.839738,12.773442,8.252842,1
101.100000,5,12.784215,8.263615,16.520736,25.000136,12.784215,8.263615,1
101.100000,6,11.693596,7.172996,16.520736,25.000136,11.693596,7.172996,1
101.100000,7,14.532450,10.011850,16.520736,25.000136,14.532450,10.011850,1
101.600000,5,10.455194,5.934594,16.592806,25.072206,10.455194,5.934594,1
101.600000,6,12.420760,7.900160,16.592806,25.072206,12.420760,7.900160,1
101.600000,7,12.721993,8.201393,16.592806,25.072206,12.721993,8.201393,1
102.100000,5,13.934679,9.414079,17.693639,26.173039,13.934679,9.414079,1
102.100000,6,4.300823,-0.219777,17.693639,26.173039,4.300823,-0.219777,0
102.100000,7,10.854278,6.333678,17.693639,26.173039,10.854278,6.333678,1
102.600000,5,9.658107,5.137507,18.405506,26.884906,9.658107,5.137507,1
102.600000,6,14.436033,9.915433,18.405506,26.884906,14.436033,9.915433,1
102.600000,7,11.792161,7.271562,18.405506,26.884906,11.792161,7.271562,1
103.100000,5,11.876331,7.355731,17.117508,25.596908,11.876331,7.355731,1
103.100000,6,8.146875,3.626275,17.117508,25.596908,8.146875,3.626275,1
103.100000,7,6.825878,2.305278,17.117508,25.596908,6.825878,2.305278,1
103.600000,5,15.218672,10.698073,15.130854,23.610254,15.130854,10.698073,1
103.600000,6,9.437568,4.916968,15.130854,23.610254,9.437568,4.916968,1
103.600000,7,14.745736,10.225136,15.130854,23.610254,14.745736,10.225136,1
104.100000,5,12.886981,8.366381,20.810770,29.290170,12.886981,8.366381,1
104.100000,6,12.798734,8.278134,20.810770,29.290170,12.798734,8.278134,1
104.100000,7,14.165061,9.644461,20.810770,29.290170,14.165061,9.644461,1
104.600000,5,11.257843,6.737243,16.502544,24.981944,11.257843,6.737243,1
104.600000,6,14.738146,10.217546,16.502544,24.981944,14.738146,10.217546,1
104.600000,7,13.798755,9.278155,16.502544,24.981944,13.798755,9.278155,1
105.100000,5,14.220931,9.700331,18.816969,27.296369,14.220931,9.700331,1
105.100000,6,13.169084,8.648484,18.816969,27.296369,13.169084,8.648484,1
105.100000,7,13.481828,8.961228,18.816969,27.296369,13.481828,8.961228,1
105.600000,5,13.224100,8.703500,16.070979,24.550379,13.224100,8.703500,1
105.600000,6,10.122363,5.601763,16.070979,24.550379,10.122363,5.601763,1
105.600000,7,13.749807,9.229207,16.070979,24.550379,13.749807,9.229207,1
106.100000,5,12.754791,8.234192,17.672008,26.151408,12.754791,8.234192,1
106.100000,6,14.148920,9.628320,17.672008,26.151408,14.148920,9.628320,1
106.100000,7,12.903097,8.382497,17.672008,26.151408,12.903097,8.382497,1
106.600000,5,14.219165,9.698565,17.904536,26.383936,14.219165,9.698565,1
106.600000,6,13.871735,9.351136,17.904536,26.383936,13.871735,9.351136,1
106.600000,7,11.820284,7.299684,17.904536,26.383936,11.820284,7.299684,1
107.100000,5,12.028105,7.507505,18.970072,27.449472,12.028105,7.507505,1
107.100000,6,10.304925,5.784325,18.970072,27.449472,10.304925,5.784325,1
107.100000,7,14.293127,9.772527,18.970072,27.449472,14.293127,9.772527,1
107.600000,5,11.362899,6.842299,17.339157,25.818557,11.362899,6.842299,1
107.600000,6,14.526361,10.005761,17.339157,25.818557,14.526361,10.005761,1
107.600000,7,9.583698,5.063098,17.339157,25.818557,9.583698,5.063098,1
108.100000,5,14.189909,9.669309,17.255535,25.734935,14.189909,9.669309,1
108.100000,6,11.533815,7.013215,17.255535,25.734935,11.533815,7.013215,1
108.100000,7,9.093315,4.572715,17.255535,25.734935,9.093315,4.572715,1
108.600000,5,10.390445,5.869845,16.701004,25.180404,10.390445,5.869845,1
108.600000,6,9.353311,4.832711,16.701004,25.180404,9.353311,4.832711,1
108.600000,7,11.454482,6.933882,16.701004,25.180404,11.454482,6.933882,1
109.100000,5,13.819861,9.299261,17.842140,26.321540,13.819861,9.299261,1
109.100000,6,13.695249,9.174649,17.842140,26.321540,13.695249,9.174649,1
109.100000,7,9.994559,5.473959,17.842140,26.321540,9.994559,5.473959,1
109.600000,5,12.479781,7.959181,16.182369,24.661769,12.479781,7.959181,1
109.600000,6,12.802647,8.282047,16.182369,24.661769,12.802647,8.282047,1
109.600000,7,12.525029,8.004429,16.182369,24.661769,12.525029,8.004429,1
110.100000,5,12.700911,8.180311,17.859023,26.338423,12.700911,8.180311,1
110.100000,6,10.187675,5.667075,17.859023,26.338423,10.187675,5.667075,1
110.100000,7,15.005017,10.484417,17.859023,26.338423,15.005017,10.484417,1
110.600000,5,11.967147,7.446547,16.478705,24.958105,11.967147,7.446547,1
110.600000,6,13.460250,8.939650,16.478705,24.958105,13.460250,8.939650,1
110.600000,7,11.628563,7.107963,16.478705,24.958105,11.628563,7.107963,1
111.100000,5,13.416350,8.895750,17.676611,26.156011,13.416350,8.895750,1
111.100000,6,10.586674,6.066074,17.676611,26.156011,10.586674,6.066074,1
111.100000,7,12.166095,7.645495,17.676611,26.156011,12.166095,7.645495,1
111.600000,5,11.041246,6.520646,17.723822,26.203222,11.041246,6.520646,1
111.600000,6,8.041712,3.521112,17.723822,26.203222,8.041712,3.521112,1
111.600000,7,12.849517,8.328917,17.723822,26.203222,12.849517,8.328917,1
112.100000,5,13.161563,8.640963,14.683585,23.162985,13.161563,8.640963,1
112.100000,6,16.481786,11.961186,14.683585,23.162985,14.683585,11.961186,1
112.100000,7,13.757504,9.236904,14.683585,23.162985,13.757504,9.236904,1
112.600000,5,10.827827,6.307228,18.445347,26.924747,10.827827,6.307228,1
112.600000,6,11.376355,6.855756,18.445347,26.924747,11.376355,6.855756,1
112.600000,7,10.585612,6.065012,18.445347,26.924747,10.585612,6.065012,1
113.100000,5,11.296853,6.776253,19.266744,27.746144,11.296853,6.776253,1
113.100000,6,12.204492,7.683892,19.266744,27.746144,12.204492,7.683892,1
113.100000,7,12.450228,7.929628,19.266744,27.746144,12.450228,7.929628,1
113.600000,5,14.946947,10.426347,16.651780,25.131181,14.946947,10.426347,1
113.600000,6,10.926978,6.406378,16.651780,25.131181,10.926978,6.406378,1
113.600000,7,8.801225,4.280625,16.651780,25.131181,8.801225,4.280625,1
114.100000,5,11.656433,7.135833,17.750322,26.229722,11.656433,7.135833,1
114.100000,6,12.344478,7.823878,17.750322,26.229722,12.344478,7.823878,1
114.100000,7,11.633132,7.112532,17.750322,26.229722,11.633132,7.112532,1
114.600000,5,13.922829,9.402229,14.167496,22.646896,13.922829,9.402229,1
114.600000,6,13.433112,8.912512,14.167496,22.646896,13.433112,8.912512,1
114.600000,7,13.873379,9.352779,14.167496,22.646896,13.873379,9.352779,1
115.100000,5,12.911156,8.390556,18.990492,27.469892,12.911156,8.390556,1
115.100000,6,9.955917,5.435317,18.990492,27.469892,9.955917,5.435317,1
115.100000,7,12.353379,7.832779,18.990492,27.469892,12.353379,7.832779,1
115.600000,5,8.768320,4.247720,16.517254,24.996654,8.768320,4.247720,1
115.600000,6,12.702209,8.181609,16.517254,24.996654,12.702209,8.181609,1
115.600000,7,12.526202,8.005602,16.517254,24.996654,12.526202,8.005602,1
116.100000,5,12.163607,7.643007,18.414141,26.893541,12.163607,7.643007,1
116.100000,6,14.156627,9.636027,18.414141,26.893541,14.156627,9.636027,1
116.100000,7,10.946091,6.425491,18.414141,26.893541,10.946091,6.425491,1
116.600000,5,11.382027,6.861427,18.711062,27.190463,11.382027,6.861427,1
116.600000,6,14.447998,9.927398,18.711062,27.190463,14.447998,9.927398,1
116.600000,7,12.733547,8.212947,18.711062,27.190463,12.733547,8.212947,1
117.100000,5,12.001506,7.480906,20.537951,29.017351,12.001506,7.480906,1
117.100000,6,12.879645,8.359045,20.537951,29.017351,12.879645,8.359045,1
117.100000,7,12.653573,8.132973,20.537951,29.017351,12.653573,8.132973,1
117.600000,5,11.326890,6.806290,15.669202,24.148602,11.326890,6.806290,1
117.600000,6,12.651006,8.130406,15.669202,24.148602,12.651006,8.130406,1
117.600000,7,12.938041,8.417441,15.669202,24.148602,12.938041,8.417441,1
118.100000,5,12.390808,7.870208,19.978000,28.457400,12.390808,7.870208,1
118.100000,6,13.657394,9.136794,19.978000,28.457400,13.657394,9.136794,1
118.100000,7,8.819738,4.299138,19.978000,28.457400,8.819738,4.299138,1
118.600000,5,9.216944,4.696344,17.663730,26.143130,9.216944,4.696344,1
118.600000,6,15.567402,11.046802,17.663730,26.143130,15.567402,11.046802,1
118.600000,7,14.752947,10.232347,17.663730,26.143130,14.752947,10.232347,1
119.100000,5,13.462737,8.942137,18.811582,27.290982,13.462737,8.942137,1
119.100000,6,9.402359,4.881759,18.811582,27.290982,9.402359,4.881759,1
119.100000,7,11.658985,7.138385,18.811582,27.290982,11.658985,7.138385,1
119.600000,5,14.417655,9.897055,15.192087,23.671487,14.417655,9.897055,1
119.600000,6,12.842667,8.322067,15.192087,23.671487,12.842667,8.322067,1
119.600000,7,14.353126,9.832527,15.192087,23.671487,14.353126,9.832527,1
120.100000,5,6.941481,2.420881,19.269215,27.748616,6.941481,2.420881,1
120.100000,6,15.473239,10.952639,19.269215,27.748616,15.473239,10.952639,1
120.100000,7,15.901582,11.380982,19.269215,27.748616,15.901582,11.380982,1
120.600000,5,13.925134,9.404534,15.483046,23.962446,13.925134,9.404534,1
120.600000,6,12.688001,8.167401,15.483046,23.962446,12.688001,8.167401,1
120.600000,7,16.751846,12.231246,15.483046,23.962446,15.483046,12.231246,1
121.100000,5,14.443525,9.922925,18.246357,26.725757,14.443525,9.922925,1
121.100000,6,12.248106,7.727507,18.246357,26.725757,12.248106,7.727507,1
121.100000,7,14.127770,9.607170,18.246357,26.725757,14.127770,9.607170,1
121.600000,5,12.906925,8.386325,15.517130,23.996530,12.906925,8.386325,1
121.600000,6,14.172225,9.651625,15.517130,23.996530,14.172225,9.651625,1
121.600000,7,7.375507,2.854907,15.517130,23.996530,7.375507,2.854907,1
122.100000,5,11.867291,7.346691,17.760246,26.239646,11.867291,7.346691,1
122.100000,6,13.089918,8.569318,17.760246,26.239646,13.089918,8.569318,1
122.100000,7,12.683347,8.162747,17.760246,26.239646,12.683347,8.162747,1
122.600000,5,13.460139,8.939539,17.664311,26.143711,13.460139,8.939539,1
122.600000,6,10.171224,5.650624,17.664311,26.143711,10.171224,5.650624,1
122.600000,7,11.647438,7.126838,17.664311,26.143711,11.647438,7.126838,1
123.100000,5,8.852224,4.331624,18.069237,26.548638,8.852224,4.331624,1
123.100000,6,13.836545,9.315945,18.069237,26.548638,13.836545,9.315945,1
123.100000,7,13.221375,8.700775,18.069237,26.548638,13.221375,8.700775,1
123.600000,5,12.089074,7.568474,16.125051,24.604451,12.089074,7.568474,1
123.600000,6,12.513406,7.992806,16.125051,24.604451,12.513406,7.992806,1
123.600000,7,11.913942,7.393342,16.125051,24.604451,11.913942,7.393342,1
124.100000,5,9.754877,5.234277,19.502467,27.981867,9.754877,5.234277,1
124.100000,6,9.673625,5.153025,19.502467,27.981867,9.673625,5.153025,1
124.100000,7,4.796842,0.276242,19.502467,27.981867,4.796842,0.276242,1
124.600000,5,12.187790,7.667190,20.447552,28.926952,12.187790,7.667190,1
124.600000,6,12.972990,8.452390,20.447552,28.926952,12.972990,8.452390,1
124.600000,7,13.720330,9.199730,20.447552,28.926952,13.720330,9.199730,1
125.100000,5,13.436530,8.915930,19.237886,27.717286,13.436530,8.915930,1
125.100000,6,11.642100,7.121500,19.237886,27.717286,11.642100,7.121500,1
125.100000,7,14.115109,9.594509,19.237886,27.717286,14.115109,9.594509,1
125.600000,5,12.553254,8.032654,14.110367,22.589767,12.553254,8.032654,1
125.600000,6,12.914467,8.393867,14.110367,22.589767,12.914467,8.393867,1
125.600000,7,13.642807,9.122207,14.110367,22.589767,13.642807,9.122207,1
126.100000,5,13.510100,8.989500,18.651276,27.130676,13.510100,8.989500,1
126.100000,6,13.077427,8.556828,18.651276,27.130676,13.077427,8.556828,1
126.100000,7,10.985350,6.464750,18.651276,27.130676,10.985350,6.464750,1
126.600000,5,11.763007,7.242408,19.651844,28.131244,11.763007,7.242408,1
126.600000,6,12.716131,8.195531,19.651844,28.131244,12.716131,8.195531,1
126.600000,7,12.546649,8.026049,19.651844,28.131244,12.546649,8.026049,1
127.100000,5,11.143975,6.623375,15.922763,24.402163,11.143975,6.623375,1
127.100000,6,12.892813,8.372213,15.922763,24.402163,12.892813,8.372213,1
127.100000,7,14.209367,9.688767,15.922763,24.402163,14.209367,9.688767,1
127.600000,5,13.911632,9.391032,19.850174,28.329574,13.911632,9.391032,1
127.600000,6,12.584034,8.063434,19.850174,28.329574,12.584034,8.063434,1
127.600000,7,12.599357,8.078757,19.850174,28.329574,12.599357,8.078757,1
128.100000,5,8.670972,4.150372,20.593985,29.073385,8.670972,4.150372,1
128.100000,6,11.872738,7.352138,20.593985,29.073385,11.872738,7.352138,1
128.100000,7,12.978858,8.458258,20.593985,29.073385,12.978858,8.458258,1
128.600000,5,8.399848,3.879248,17.985391,26.464791,8.399848,3.879248,1
128.600000,6,12.674333,8.153733,17.985391,26.464791,12.674333,8.153733,1
128.600000,7,14.825774,10.305174,17.985391,26.464791,14.825774,10.305174,1
129.100000,5,12.852800,8.332200,17.894511,26.373911,12.852800,8.332200,1
129.100000,6,15.899395,11.378795,17.894511,26.373911,15.899395,11.378795,1
129.100000,7,14.664131,10.143531,17.894511,26.373911,14.664131,10.143531,1
129.600000,5,14.198673,9.678073,18.910176,27.389576,14.198673,9.678073,1
129.600000,6,13.959257,9.438657,18.910176,27.389576,13.959257,9.438657,1
129.600000,7,11.198317,6.677717,18.910176,27.389576,11.198317,6.677717,1
130.100000,5,13.793107,9.272507,16.192570,24.671970,13.793107,9.272507,1
130.100000,6,10.674894,6.154294,16.192570,24.671970,10.674894,6.154294,1
130.100000,7,11.020962,6.500362,16.192570,24.671970,11.020962,6.500362,1
130.600000,5,12.373247,7.852647,16.609309,25.088709,12.373247,7.852647,1
130.600000,6,11.670234,7.149634,16.609309,25.088709,11.670234,7.149634,1
130.600000,7,12.435718,7.915118,16.609309,25.088709,12.435718,7.915118,1
131.100000,5,11.307578,6.786978,16.632044,25.111444,11.307578,6.786978,1
131.100000,6,11.448828,6.928228,16.632044,25.111444,11.448828,6.928228,1
131.100000,7,14.309815,9.789215,16.632044,25.111444,14.309815,9.789215,1
131.600000,5,13.535657,9.015057,18.537844,27.017244,13.535657,9.015057,1
131.600000,6,9.019202,4.498602,18.537844,27.017244,9.019202,4.498602,1
131.600000,7,4.750512,0.229912,18.537844,27.017244,4.750512,0.229912,1
132.100000,5,12.070504,7.549904,15.732252,24.211652,12.070504,7.549904,1
132.100000,6,14.065255,9.544655,15.732252,24.211652,14.065255,9.544655,1
132.100000,7,8.736861,4.216261,15.732252,24.211652,8.736861,4.216261,1
132.600000,5,15.239158,10.718558,19.259812,27.739212,15.239158,10.718558,1
132.600000,6,13.876611,9.356011,19.259812,27.739212,13.876611,9.356011,1
132.600000,7,13.556463,9.035863,19.259812,27.739212,13.556463,9.035863,1
133.100000,5,12.050033,7.529433,15.299232,23.778632,12.050033,7.529433,1
133.100000,6,14.286878,9.766278,15.299232,23.778632,14.286878,9.766278,1
133.100000,7,12.486163,7.965563,15.299232,23.778632,12.486163,7.965563,1
133.600000,5,15.281083,10.760483,16.863949,25.343349,15.281083,10.760483,1
133.600000,6,10.213528,5.692928,16.863949,25.343349,10.213528,5.692928,1
133.600000,7,10.731912,6.211312,16.863949,25.343349,10.731912,6.211312,1
134.100000,5,11.445672,6.925072,17.749145,26.228545,11.445672,6.925072,1
134.100000,6,12.897743,8.377143,17.749145,26.228545,12.897743,8.377143,1
134.100000,7,12.616865,8.096265,17.749145,26.228545,12.616865,8.096265,1
134.600000,5,15.118213,10.597613,14.799053,23.278453,14.799053,10.597613,1
134.600000,6,14.624395,10.103795,14.799053,23.278453,14.624395,10.103795,1
134.600000,7,12.585349,8.064749,14.799053,23.278453,12.585349,8.064749,1
135.100000,5,15.348512,10.827912,17.991359,26.470759,15.348512,10.827912,1
135.100000,6,12.622543,8.101943,17.991359,26.470759,12.622543,8.101943,1
135.100000,7,15.341564,10.820964,17.991359,26.470759,15.341564,10.820964,1
135.600000,5,15.948119,11.427520,18.857098,27.336498,15.948119,11.427520,1
135.600000,6,14.814307,10.293707,18.857098,27.336498,14.814307,10.293707,1
135.600000,7,13.929524,9.408924,18.857098,27.336498,13.929524,9.408924,1
136.100000,5,14.172824,9.652224,18.851465,27.330865,14.172824,9.652224,1
136.100000,6,11.621025,7.100425,18.851465,27.330865,11.621025,7.100425,1
136.100000,7,14.511626,9.991026,18.851465,27.330865,14.511626,9.991026,1
136.600000,5,13.722429,9.201829,18.871459,27.350859,13.722429,9.201829,1
136.600000,6,11.639493,7.118894,18.871459,27.350859,11.639493,7.118894,1
136.600000,7,11.679829,7.159229,18.871459,27.350859,11.679829,7.159229,1
137.100000,5,11.689343,7.168743,18.619248,27.098648,11.689343,7.168743,1
137.100000,6,10.917627,6.397028,18.619248,27.098648,10.917627,6.397028,1
137.100000,7,15.422347,10.901748,18.619248,27.098648,15.422347,10.901748,1
137.600000,5,11.517043,6.996443,16.871872,25.351272,11.517043,6.996443,1
137.600000,6,11.563313,7.042713,16.871872,25.351272,11.563313,7.042713,1
137.600000,7,14.548950,10.028350,16.871872,25.351272,14.548950,10.028350,1
138.100000,5,15.765486,11.244887,17.290099,25.769499,15.765486,11.244887,1
138.100000,6,14.189236,9.668636,17.290099,25.769499,14.189236,9.668636,1
138.100000,7,14.984633,10.464033,17.290099,25.769499,14.984633,10.464033,1
138.600000,5,14.066170,9.545571,20.345996,28.825396,14.066170,9.545571,1
138.600000,6,8.495188,3.974588,20.345996,28.825396,8.495188,3.974588,1
138.600000,7,13.220701,8.700102,20.345996,28.825396,13.220701,8.700102,1
139.100000,5,14.212644,9.692044,18.232771,26.712171,14.212644,9.692044,1
139.100000,6,10.324848,5.804248,18.232771,26.712171,10.324848,5.804248,1
139.100000,7,10.058439,5.537839,18.232771,26.712171,10.058439,5.537839,1
139.600000,5,13.728122,9.207522,19.292265,27.771665,13.728122,9.207522,1
139.600000,6,12.520924,8.000324,19.292265,27.771665,12.520924,8.000324,1
139.600000,7,12.339383,7.818783,19.292265,27.771665,12.339383,7.818783,1
140.100000,5,15.057144,10.536545,18.514029,26.993429,15.057144,10.536545,1
140.100000,6,14.748469,10.227869,18.514029,26.993429,14.748469,10.227869,1
140.100000,7,15.148190,10.627590,18.514029,26.993429,15.148190,10.627590,1
140.600000,5,13.201889,8.681290,15.659289,24.138689,13.201889,8.681290,1
140.600000,6,14.477947,9.957347,15.659289,24.138689,14.477947,9.957347,1
140.600000,7,11.090052,6.569452,15.659289,24.138689,11.090052,6.569452,1
141.100000,5,11.692373,7.171773,19.848413,28.327813,11.692373,7.171773,1
141.100000,6,14.029218,9.508618,19.848413,28.327813,14.029218,9.508618,1
141.100000,7,11.716407,7.195807,19.848413,28.327813,11.716407,7.195807,1
141.600000,5,11.863174,7.342574,19.421858,27.901258,11.863174,7.342574,1
141.600000,6,13.167093,8.646493,19.421858,27.901258,13.167093,8.646493,1
141.600000,7,9.123748,4.603148,19.421858,27.901258,9.123748,4.603148,1
142.100000,5,10.260130,5.739530,18.802958,27.282358,10.260130,5.739530,1
142.100000,6,7.741774,3.221174,18.802958,27.282358,7.741774,3.221174,1
142.100000,7,11.279983,6.759384,18.802958,27.282358,11.279983,6.759384,1
142.600000,5,15.253844,10.733245,16.985801,25.465201,15.253844,10.733245,1
142.600000,6,11.993492,7.472892,16.985801,25.465201,11.993492,7.472892,1
142.600000,7,12.191771,7.671171,16.985801,25.465201,12.191771,7.671171,1
143.100000,5,11.803103,7.282503,16.766458,25.245858,11.803103,7.282503,1
143.100000,6,8.636894,4.116294,16.766458,25.245858,8.636894,4.116294,1
143.100000,7,9.596558,5.075958,16.766458,25.245858,9.596558,5.075958,1
143.600000,5,11.346633,6.826033,17.150504,25.629904,11.346633,6.826033,1
143.600000,6,10.266541,5.745941,17.150504,25.629904,10.266541,5.745941,1
143.600000,7,13.244001,8.723401,17.150504,25.629904,13.244001,8.723401,1
144.100000,5,13.890160,9.369561,15.569090,24.048490,13.890160,9.369561,1
144.100000,6,13.178763,8.658163,15.569090,24.048490,13.178763,8.658163,1
144.100000,7,12.400958,7.880358,15.569090,24.048490,12.400958,7.880358,1
144.600000,5,11.662516,7.141916,19.446839,27.926239,11.662516,7.141916,1
144.600000,6,12.179436,7.658837,19.446839,27.926239,12.179436,7.658837,1
144.600000,7,13.023141,8.502541,19.446839,27.926239,13.023141,8.502541,1
145.100000,5,14.234162,9.713562,18.336251,26.815652,14.234162,9.713562,1
145.100000,6,16.149200,11.628600,18.336251,26.815652,16.149200,11.628600,1
145.100000,7,12.862686,8.342086,18.336251,26.815652,12.862686,8.342086,1
145.600000,5,13.512644,8.992044,19.882676,28.362077,13.512644,8.992044,1
145.600000,6,13.052656,8.532056,19.882676,28.362077,13.052656,8.532056,1
145.600000,7,14.270749,9.750149,19.882676,28.362077,14.270749,9.750149,1
146.100000,5,15.207718,10.687118,15.812267,24.291667,15.207718,10.687118,1
146.100000,6,12.742477,8.221877,15.812267,24.291667,12.742477,8.221877,1
146.100000,7,10.398588,5.877988,15.812267,24.291667,10.398588,5.877988,1
146.600000,5,9.815768,5.295168,16.692611,25.172011,9.815768,5.295168,1
146.600000,6,11.654215,7.133615,16.692611,25.172011,11.654215,7.133615,1
146.600000,7,13.306904,8.786304,16.692611,25.172011,13.306904,8.786304,1
147.100000,5,13.880396,9.359796,15.791840,24.271240,13.880396,9.359796,1
147.100000,6,14.604387,10.083787,15.791840,24.271240,14.604387,10.083787,1
147.100000,7,15.179603,10.659003,15.791840,24.271240,15.179603,10.659003,1
147.600000,5,12.457504,7.936904,20.245695,28.725096,12.457504,7.936904,1
147.600000,6,11.187225,6.666625,20.245695,28.725096,11.187225,6.666625,1
147.600000,7,11.740371,7.219771,20.245695,28.725096,11.740371,7.219771,1
148.100000,5,14.588246,10.067646,18.890166,27.369566,14.588246,10.067646,1
148.100000,6,14.432823,9.912223,18.890166,27.369566,14.432823,9.912223,1
148.100000,7,12.765761,8.245161,18.890166,27.369566,12.765761,8.245161,1
148.600000,5,11.514426,6.993826,13.381021,21.860421,11.514426,6.993826,1
148.600000,6,8.918828,4.398228,13.381021,21.860421,8.918828,4.398228,1
148.600000,7,10.216907,5.696307,13.381021,21.860421,10.216907,5.696307,1
149.100000,5,10.024263,5.503663,19.895037,28.374437,10.024263,5.503663,1
149.100000,6,13.298827,8.778227,19.895037,28.374437,13.298827,8.778227,1
149.100000,7,8.924177,4.403577,19.895037,28.374437,8.924177,4.403577,1
149.600000,5,8.951175,4.430575,16.629967,25.109367,8.951175,4.430575,1
149.600000,6,10.949374,6.428774,16.629967,25.109367,10.949374,6.428774,1
149.600000,7,11.128641,6.608041,16.629967,25.109367,11.128641,6.608041,1
150.100000,5,10.274031,5.753431,20.186289,28.665689,10.274031,5.753431,1
150.100000,6,12.824092,8.303492,20.186289,28.665689,12.824092,8.303492,1
150.100000,7,11.533570,7.012970,20.186289,28.665689,11.533570,7.012970,1
150.600000,5,13.538170,9.017570,15.885830,24.365230,13.538170,9.017570,1
150.600000,6,13.474157,8.953557,15.885830,24.365230,13.474157,8.953557,1
150.600000,7,13.739100,9.218500,15.885830,24.365230,13.739100,9.218500,1
151.100000,5,12.386765,7.866165,15.866855,24.346255,12.386765,7.866165,1
151.100000,6,11.842129,7.321529,15.866855,24.346255,11.842129,7.321529,1
151.100000,7,11.967288,7.446688,15.866855,24.346255,11.967288,7.446688,1
151.600000,5,9.980819,5.460220,17.522569,26.001969,9.980819,5.460220,1
151.600000,6,13.497800,8.977200,17.522569,26.001969,13.497800,8.977200,1
151.600000,7,14.131770,9.611170,17.522569,26.001969,14.131770,9.611170,1
152.100000,5,12.944257,8.423657,15.126190,23.605591,12.944257,8.423657,1
152.100000,6,12.810100,8.289500,15.126190,23.605591,12.810100,8.289500,1
152.100000,7,13.258161,8.737561,15.126190,23.605591,13.258161,8.737561,1
152.600000,5,13.271871,8.751271,13.528811,22.008211,13.271871,8.751271,1
152.600000,6,13.086368,8.565768,13.528811,22.008211,13.086368,8.565768,1
152.600000,7,11.425456,6.904856,13.528811,22.008211,11.425456,6.904856,1
153.100000,5,12.325857,7.805257,16.925930,25.405330,12.325857,7.805257,1
153.100000,6,13.169854,8.649254,16.925930,25.405330,13.169854,8.649254,1
153.100000,7,10.080982,5.560382,16.925930,25.405330,10.080982,5.560382,1
153.600000,5,12.715024,8.194424,15.874791,24.354191,12.715024,8.194424,1
153.600000,6,14.638862,10.118262,15.874791,24.354191,14.638862,10.118262,1
153.600000,7,13.766914,9.246314,15.874791,24.354191,13.766914,9.246314,1
154.100000,5,13.632123,9.111523,19.941168,28.420568,13.632123,9.111523,1
154.100000,6,15.392049,10.871449,19.941168,28.420568,15.392049,10.871449,1
154.100000,7,10.166395,5.645796,19.941168,28.420568,10.166395,5.645796,1
154.600000,5,13.981057,9.460457,18.123950,26.603350,13.981057,9.460457,1
154.600000,6,13.404698,8.884098,18.123950,26.603350,13.404698,8.884098,1
154.600000,7,14.427879,9.907279,18.123950,26.603350,14.427879,9.907279,1
155.100000,5,10.731069,6.210469,16.968893,25.448293,10.731069,6.210469,1
155.100000,6,15.004374,10.483774,16.968893,25.448293,15.004374,10.483774,1
155.100000,7,13.041460,8.520860,16.968893,25.448293,13.041460,8.520860,1
155.600000,5,12.280780,7.760180,17.735575,26.214975,12.280780,7.760180,1
155.600000,6,10.869269,6.348669,17.735575,26.214975,10.869269,6.348669,1
155.600000,7,12.110533,7.589933,17.735575,26.214975,12.110533,7.589933,1
156.100000,5,14.253146,9.732546,17.210760,25.690160,14.253146,9.732546,1
156.100000,6,9.754007,5.233407,17.210760,25.690160,9.754007,5.233407,1
156.100000,7,7.656960,3.136360,17.210760,25.690160,7.656960,3.136360,1
156.600000,5,11.073016,6.552416,14.238951,22.718351,11.073016,6.552416,1
156.600000,6,13.178830,8.658230,14.238951,22.718351,13.178830,8.658230,1
156.600000,7,12.739029,8.218429,14.238951,22.718351,12.739029,8.218429,1
157.100000,5,12.487522,7.966922,17.868658,26.348058,12.487522,7.966922,1
157.100000,6,12.520633,8.000033,17.868658,26.348058,12.520633,8.000033,1
157.100000,7,11.531611,7.011011,17.868658,26.348058,11.531611,7.011011,1
157.600000,5,9.777957,5.257357,20.127778,28.607178,9.777957,5.257357,1
157.600000,6,9.669698,5.149098,20.127778,28.607178,9.669698,5.149098,1
157.600000,7,10.759517,6.238917,20.127778,28.607178,10.759517,6.238917,1
158.100000,5,13.061859,8.541259,14.661344,23.140744,13.061859,8.541259,1
158.100000,6,13.595753,9.075153,14.661344,23.140744,13.595753,9.075153,1
158.100000,7,12.532279,8.011679,14.661344,23.140744,12.532279,8.011679,1
158.600000,5,12.258927,7.738327,17.816140,26.295540,12.258927,7.738327,1
158.600000,6,12.316600,7.796000,17.816140,26.295540,12.316600,7.796000,1
158.600000,7,14.156530,9.635930,17.816140,26.295540,14.156530,9.635930,1
159.100000,5,14.753815,10.233215,13.725788,22.205188,13.725788,10.233215,1
159.100000,6,14.856230,10.335630,13.725788,22.205188,13.725788,10.335630,1
159.100000,7,12.407758,7.887159,13.725788,22.205188,12.407758,7.887159,1
159.600000,5,15.185102,10.664502,17.318482,25.797882,15.185102,10.664502,1
159.600000,6,12.999614,8.479014,17.318482,25.797882,12.999614,8.479014,1
159.600000,7,12.410678,7.890078,17.318482,25.797882,12.410678,7.890078,1
160.100000,5,11.865430,7.344830,17.607213,26.086613,11.865430,7.344830,1
160.100000,6,12.671405,8.150805,17.607213,26.086613,12.671405,8.150805,1
160.100000,7,10.325153,5.804554,17.607213,26.086613,10.325153,5.804554,1
160.600000,5,11.626794,7.106194,17.741419,26.220819,11.626794,7.106194,1
160.600000,6,12.066432,7.545832,17.741419,26.220819,12.066432,7.545832,1
160.600000,7,10.261178,5.740578,17.741419,26.220819,10.261178,5.740578,1
161.100000,5,12.718293,8.197693,17.313680,25.793080,12.718293,8.197693,1
161.100000,6,13.521874,9.001274,17.313680,25.793080,13.521874,9.001274,1
161.100000,7,9.928319,5.407719,17.313680,25.793080,9.928319,5.407719,1
161.600000,5,11.776815,7.256215,18.426228,26.905628,11.776815,7.256215,1
161.600000,6,11.376768,6.856168,18.426228,26.905628,11.376768,6.856168,1
161.600000,7,13.510386,8.989786,18.426228,26.905628,13.510386,8.989786,1
162.100000,5,13.050711,8.530111,20.379432,28.858832,13.050711,8.530111,1
162.100000,6,13.350530,8.829930,20.379432,28.858832,13.350530,8.829930,1
162.100000,7,11.246221,6.725621,20.379432,28.858832,11.246221,6.725621,1
162.600000,5,11.495260,6.974660,20.153417,28.632817,11.495260,6.974660,1
162.600000,6,12.770890,8.250290,20.153417,28.632817,12.770890,8.250290,1
162.600000,7,10.894731,6.374132,20.153417,28.632817,10.894731,6.374132,1
163.100000,5,12.456304,7.935704,16.592677,25.072077,12.456304,7.935704,1
163.100000,6,12.426544,7.905944,16.592677,25.072077,12.426544,7.905944,1
163.100000,7,13.275167,8.754567,16.592677,25.072077,13.275167,8.754567,1
163.600000,5,11.173407,6.652807,17.609906,26.089306,11.173407,6.652807,1
163.600000,6,13.399939,8.879340,17.609906,26.089306,13.399939,8.879340,1
163.600000,7,15.271072,10.750472,17.609906,26.089306,15.271072,10.750472,1
164.100000,5,9.796202,5.275602,20.043267,28.522667,9.796202,5.275602,1
164.100000,6,11.169595,6.648995,20.043267,28.522667,11.169595,6.648995,1
164.100000,7,16.156013,11.635413,20.043267,28.522667,16.156013,11.635413,1
164.600000,5,14.054892,9.534292,17.969621,26.449021,14.054892,9.534292,1
164.600000,6,13.600035,9.079435,17.969621,26.449021,13.600035,9.079435,1
164.600000,7,13.957182,9.436582,17.969621,26.449021,13.957182,9.436582,1
165.100000,5,9.719463,5.198863,14.954688,23.434088,9.719463,5.198863,1
165.100000,6,12.034388,7.513789,14.954688,23.434088,12.034388,7.513789,1
165.100000,7,12.222183,7.701583,14.954688,23.434088,12.222183,7.701583,1
165.600000,5,13.170839,8.650239,15.570297,24.049697,13.170839,8.650239,1
165.600000,6,10.666789,6.146189,15.570297,24.049697,10.666789,6.146189,1
165.600000,7,12.603296,8.082696,15.570297,24.049697,12.603296,8.082696,1
166.100000,5,12.132206,7.611607,18.460613,26.940013,12.132206,7.611607,1
166.100000,6,13.372721,8.852121,18.460613,26.940013,13.372721,8.852121,1
166.100000,7,8.930051,4.409451,18.460613,26.940013,8.930051,4.409451,1
166.600000,5,9.510705,4.990105,15.904842,24.384242,9.510705,4.990105,1
166.600000,6,12.761874,8.241274,15.904842,24.384242,12.761874,8.241274,1
166.600000,7,11.961039,7.440439,15.904842,24.384242,11.961039,7.440439,1
167.100000,5,12.795508,8.274908,17.085095,25.564495,12.795508,8.274908,1
167.100000,6,13.372975,8.852375,17.085095,25.564495,13.372975,8.852375,1
167.100000,7,14.538083,10.017483,17.085095,25.564495,14.538083,10.017483,1
167.600000,5,12.555735,8.035135,20.425791,28.905191,12.555735,8.035135,1
167.600000,6,10.424459,5.903859,20.425791,28.905191,10.424459,5.903859,1
167.600000,7,13.752109,9.231509,20.425791,28.905191,13.752109,9.231509,1
168.100000,5,11.410128,6.889529,17.334237,25.813637,11.410128,6.889529,1
168.100000,6,12.605822,8.085222,17.334237,25.813637,12.605822,8.085222,1
168.100000,7,13.909553,9.388953,17.334237,25.813637,13.909553,9.388953,1
168.600000,5,12.394695,7.874095,17.579645,26.059045,12.394695,7.874095,1
168.600000,6,12.435354,7.914754,17.579645,26.059045,12.435354,7.914754,1
168.600000,7,10.576940,6.056341,17.579645,26.059045,10.576940,6.056341,1
169.100000,5,10.507366,5.986766,18.345319,26.824719,10.507366,5.986766,1
169.100000,6,13.118328,8.597728,18.345319,26.824719,13.118328,8.597728,1
169.100000,7,9.007734,4.487134,18.345319,26.824719,9.007734,4.487134,1
169.600000,5,15.377054,10.856454,12.245262,20.724662,12.245262,10.856454,1
169.600000,6,12.351887,7.831287,12.245262,20.724662,12.245262,7.831287,1
169.600000,7,12.234715,7.714115,12.245262,20.724662,12.234715,7.714115,1
170.100000,5,10.601837,6.081237,18.391669,26.871069,10.601837,6.081237,1
170.100000,6,9.361062,4.840462,18.391669,26.871069,9.361062,4.840462,1
170.100000,7,11.038592,6.517992,18.391669,26.871069,11.038592,6.517992,1
170.600000,5,10.055206,5.534606,19.798807,28.278207,10.055206,5.534606,1
170.600000,6,10.902761,6.382162,19.798807,28.278207,10.902761,6.382162,1
170.600000,7,12.412362,7.891762,19.798807,28.278207,12.412362,7.891762,1
171.100000,5,14.803381,10.282781,17.247199,25.726600,14.803381,10.282781,1
171.100000,6,12.685761,8.165162,17.247199,25.726600,12.685761,8.165162,1
171.100000,7,12.733332,8.212732,17.247199,25.726600,12.733332,8.212732,1
171.600000,5,13.687956,9.167356,12.206673,20.686073,12.206673,9.167356,1
171.600000,6,12.199185,7.678585,12.206673,20.686073,12.199185,7.678585,1
171.600000,7,11.269313,6.748713,12.206673,20.686073,11.269313,6.748713,1
172.100000,5,10.958477,6.437877,15.102536,23.581936,10.958477,6.437877,1
172.100000,6,11.653119,7.132519,15.102536,23.581936,11.653119,7.132519,1
172.100000,7,8.920168,4.399569,15.102536,23.581936,8.920168,4.399569,1
172.600000,5,13.568620,9.048020,16.657471,25.136871,13.568620,9.048020,1
172.600000,6,13.359161,8.838561,16.657471,25.136871,13.359161,8.838561,1
172.600000,7,13.165267,8.644667,16.657471,25.136871,13.165267,8.644667,1
173.100000,5,12.415058,7.894459,18.022868,26.502268,12.415058,7.894459,1
173.100000,6,12.899734,8.379134,18.022868,26.502268,12.899734,8.379134,1
173.100000,7,12.180591,7.659991,18.022868,26.502268,12.180591,7.659991,1
173.600000,5,12.578716,8.058116,15.927551,24.406951,12.578716,8.058116,1
173.600000,6,13.493844,8.973244,15.927551,24.406951,13.493844,8.973244,1
173.600000,7,7.113680,2.593080,15.927551,24.406951,7.113680,2.593080,1
174.100000,5,14.422947,9.902348,18.547893,27.027293,14.422947,9.902348,1
174.100000,6,12.796713,8.276113,18.547893,27.027293,12.796713,8.276113,1
174.100000,7,11.760298,7.239698,18.547893,27.027293,11.760298,7.239698,1
174.600000,5,10.450654,5.930055,18.198831,26.678231,10.450654,5.930055,1
174.600000,6,4.366598,-0.154002,18.198831,26.678231,4.366598,-0.154002,0
174.600000,7,11.507632,6.987033,18.198831,26.678231,11.507632,6.987033,1
175.100000,5,13.756824,9.236224,18.686392,27.165792,13.756824,9.236224,1
175.100000,6,16.251880,11.731280,18.686392,27.165792,16.251880,11.731280,1
175.100000,7,12.085046,7.564446,18.686392,27.165792,12.085046,7.564446,1
175.600000,5,7.375058,2.854458,18.719739,27.199139,7.375058,2.854458,1
175.600000,6,11.015962,6.495362,18.719739,27.199139,11.015962,6.495362,1
175.600000,7,5.907152,1.386552,18.719739,27.199139,5.907152,1.386552,1
176.100000,5,12.341582,7.820983,15.462010,23.941410,12.341582,7.820983,1
176.100000,6,12.711451,8.190851,15.462010,23.941410,12.711451,8.190851,1
176.100000,7,11.614190,7.093590,15.462010,23.941410,11.614190,7.093590,1
176.600000,5,12.934429,8.413829,17.121153,25.600553,12.934429,8.413829,1
176.600000,6,13.546614,9.026014,17.121153,25.600553,13.546614,9.026014,1
176.600000,7,14.213826,9.693226,17.121153,25.600553,14.213826,9.693226,1
177.100000,5,8.315123,3.794523,17.459655,25.939055,8.315123,3.794523,1
177.100000,6,11.413333,6.892733,17.459655,25.939055,11.413333,6.892733,1
177.100000,7,14.529217,10.008617,17.459655,25.939055,14.529217,10.008617,1
177.600000,5,12.862995,8.342395,15.703406,24.182806,12.862995,8.342395,1
177.600000,6,11.118357,6.597757,15.703406,24.182806,11.118357,6.597757,1
177.600000,7,12.515674,7.995074,15.703406,24.182806,12.515674,7.995074,1
178.100000,5,9.348675,4.828075,18.737833,27.217233,9.348675,4.828075,1
178.100000,6,11.984370,7.463770,18.737833,27.217233,11.984370,7.463770,1
178.100000,7,12.844893,8.324293,18.737833,27.217233,12.844893,8.324293,1
178.600000,5,11.483772,6.963172,17.194543,25.673943,11.483772,6.963172,1
178.600000,6,13.385545,8.864945,17.194543,25.673943,13.385545,8.864945,1
178.600000,7,7.845402,3.324802,17.194543,25.673943,7.845402,3.324802,1
179.100000,5,12.586901,8.066301,18.941929,27.421330,12.586901,8.066301,1
179.100000,6,13.496640,8.976040,18.941929,27.421330,13.496640,8.976040,1
179.100000,7,12.839028,8.318428,18.941929,27.421330,12.839028,8.318428,1
179.600000,5,11.896812,7.376212,17.252389,25.731789,11.896812,7.376212,1
179.600000,6,10.063106,5.542506,17.252389,25.731789,10.063106,5.542506,1
179.600000,7,7.471591,2.950991,17.252389,25.731789,7.471591,2.950991,1
180.100000,5,11.439621,6.919021,14.520989,23.000389,11.439621,6.919021,1
180.100000,6,12.490139,7.969539,14.520989,23.000389,12.490139,7.969539,1
180.100000,7,7.231417,2.710817,14.520989,23.000389,7.231417,2.710817,1
180.600000,5,13.176949,8.656349,15.144990,23.624390,13.176949,8.656349,1
180.600000,6,11.204751,6.684151,15.144990,23.624390,11.204751,6.684151,1
180.600000,7,14.495388,9.974788,15.144990,23.624390,14.495388,9.974788,1
181.100000,5,13.296971,8.776371,18.273843,26.753243,13.296971,8.776371,1
181.100000,6,8.655173,4.134573,18.273843,26.753243,8.655173,4.134573,1
181.100000,7,11.804459,7.283859,18.273843,26.753243,11.804459,7.283859,1
181.600000,5,13.861252,9.340652,17.121777,25.601177,13.861252,9.340652,1
181.600000,6,13.774611,9.254011,17.121777,25.601177,13.774611,9.254011,1
181.600000,7,14.682331,10.161731,17.121777,25.601177,14.682331,10.161731,1
182.100000,5,11.406818,6.886218,18.334801,26.814201,11.406818,6.886218,1
182.100000,6,13.747717,9.227117,18.334801,26.814201,13.747717,9.227117,1
182.100000,7,12.031682,7.511082,18.334801,26.814201,12.031682,7.511082,1
182.600000,5,15.677905,11.157305,18.208143,26.687543,15.677905,11.157305,1
182.600000,6,13.495993,8.975394,18.208143,26.687543,13.495993,8.975394,1
182.600000,7,11.585849,7.065249,18.208143,26.687543,11.585849,7.065249,1
183.100000,5,12.203806,7.683206,18.051368,26.530768,12.203806,7.683206,1
183.100000,6,12.397328,7.876728,18.051368,26.530768,12.397328,7.876728,1
183.100000,7,10.921804,6.401204,18.051368,26.530768,10.921804,6.401204,1
183.600000,5,15.536151,11.015551,18.636290,27.115690,15.536151,11.015551,1
183.600000,6,13.463159,8.942559,18.636290,27.115690,13.463159,8.942559,1
183.600000,7,15.124200,10.603600,18.636290,27.115690,15.124200,10.603600,1
184.100000,5,7.203840,2.683240,19.290738,27.770138,7.203840,2.683240,1
184.100000,6,9.866026,5.345426,19.290738,27.770138,9.866026,5.345426,1
184.100000,7,11.691662,7.171062,19.290738,27.770138,11.691662,7.171062,1
184.600000,5,10.913882,6.393282,15.677281,24.156681,10.913882,6.393282,1
184.600000,6,14.454008,9.933408,15.677281,24.156681,14.454008,9.933408,1
184.600000,7,12.748302,8.227702,15.677281,24.156681,12.748302,8.227702,1
185.100000,5,11.579585,7.058985,16.102047,24.581447,11.579585,7.058985,1
185.100000,6,9.967533,5.446933,16.102047,24.581447,9.967533,5.446933,1
185.100000,7,14.675869,10.155270,16.102047,24.581447,14.675869,10.155270,1
185.600000,5,13.376601,8.856001,16.585709,25.065109,13.376601,8.856001,1
185.600000,6,12.922392,8.401792,16.585709,25.065109,12.922392,8.401792,1
185.600000,7,12.659853,8.139253,16.585709,25.065109,12.659853,8.139253,1
186.100000,5,14.721068,10.200468,16.458187,24.937587,14.721068,10.200468,1
186.100000,6,11.883315,7.362715,16.458187,24.937587,11.883315,7.362715,1
186.100000,7,8.520236,3.999636,16.458187,24.937587,8.520236,3.999636,1
186.600000,5,14.247990,9.727390,18.564746,27.044146,14.247990,9.727390,1
186.600000,6,11.335508,6.814908,18.564746,27.044146,11.335508,6.814908,1
186.600000,7,11.904575,7.383975,18.564746,27.044146,11.904575,7.383975,1
187.100000,5,15.399327,10.878727,15.542896,24.022296,15.399327,10.878727,1
187.100000,6,15.202353,10.681753,15.542896,24.022296,15.202353,10.681753,1
187.100000,7,8.789369,4.268769,15.542896,24.022296,8.789369,4.268769,1
187.600000,5,13.069037,8.548437,18.139620,26.619020,13.069037,8.548437,1
187.600000,6,13.091753,8.571154,18.139620,26.619020,13.091753,8.571154,1
187.600000,7,13.924688,9.404089,18.139620,26.619020,13.924688,9.404089,1
188.100000,5,13.908949,9.388349,17.735531,26.214931,13.908949,9.388349,1
188.100000,6,14.571117,10.050517,17.735531,26.214931,14.571117,10.050517,1
188.100000,7,10.688611,6.168011,17.735531,26.214931,10.688611,6.168011,1
188.600000,5,9.544344,5.023744,21.338656,29.818056,9.544344,5.023744,1
188.600000,6,12.763250,8.242650,21.338656,29.818056,12.763250,8.242650,1
188.600000,7,8.395775,3.875175,21.338656,29.818056,8.395775,3.875175,1
189.100000,5,10.508031,5.987431,18.212959,26.692359,10.508031,5.987431,1
189.100000,6,14.361997,9.841398,18.212959,26.692359,14.361997,9.841398,1
189.100000,7,15.431411,10.910811,18.212959,26.692359,15.431411,10.910811,1
189.600000,5,12.025434,7.504834,17.181161,25.660561,12.025434,7.504834,1
189.600000,6,10.286776,5.766176,17.181161,25.660561,10.286776,5.766176,1
189.600000,7,13.393557,8.872957,17.181161,25.660561,13.393557,8.872957,1
190.100000,5,11.352683,6.832083,11.230559,19.709959,11.230559,6.832083,1
190.100000,6,12.262275,7.741675,11.230559,19.709959,11.230559,7.741675,1
190.100000,7,14.127493,9.606893,11.230559,19.709959,11.230559,9.606893,1
190.600000,5,11.359102,6.838502,16.072851,24.552251,11.359102,6.838502,1
190.600000,6,13.537899,9.017299,16.072851,24.552251,13.537899,9.017299,1
190.600000,7,12.651290,8.130690,16.072851,24.552251,12.651290,8.130690,1
191.100000,5,12.143583,7.622983,21.977027,30.456427,12.143583,7.622983,1
191.100000,6,14.063341,9.542741,21.977027,30.456427,14.063341,9.542741,1
191.100000,7,14.835786,10.315187,21.977027,30.456427,14.835786,10.315187,1
191.600000,5,10.941039,6.420439,16.400334,24.879734,10.941039,6.420439,1
191.600000,6,12.022204,7.501604,16.400334,24.879734,12.022204,7.501604,1
191.600000,7,13.040795,8.520196,16.400334,24.879734,13.040795,8.520196,1
192.100000,5,15.287093,10.766493,16.479251,24.958651,15.287093,10.766493,1
192.100000,6,13.250476,8.729876,16.479251,24.958651,13.250476,8.729876,1
192.100000,7,13.125678,8.605078,16.479251,24.958651,13.125678,8.605078,1
192.600000,5,10.415197,5.894598,20.892206,29.371606,10.415197,5.894598,1
192.600000,6,12.144055,7.623455,20.892206,29.371606,12.144055,7.623455,1
192.600000,7,13.403388,8.882788,20.892206,29.371606,13.403388,8.882788,1
193.100000,5,13.887309,9.366709,16.448682,24.928082,13.887309,9.366709,1
193.100000,6,14.306487,9.785887,16.448682,24.928082,14.306487,9.785887,1
193.100000,7,11.660691,7.140091,16.448682,24.928082,11.660691,7.140091,1
193.600000,5,13.667629,9.147029,19.206897,27.686297,13.667629,9.147029,1
193.600000,6,12.374491,7.853891,19.206897,27.686297,12.374491,7.853891,1
193.600000,7,12.206225,7.685625,19.206897,27.686297,12.206225,7.685625,1
194.100000,5,9.135893,4.615293,19.249909,27.729310,9.135893,4.615293,1
194.100000,6,13.044250,8.523650,19.249909,27.729310,13.044250,8.523650,1
194.100000,7,8.802137,4.281537,19.249909,27.729310,8.802137,4.281537,1
194.600000,5,14.667130,10.146530,18.867116,27.346516,14.667130,10.146530,1
194.600000,6,14.424215,9.903615,18.867116,27.346516,14.424215,9.903615,1
194.600000,7,12.348264,7.827664,18.867116,27.346516,12.348264,7.827664,1
195.100000,5,12.107507,7.586908,17.932264,26.411664,12.107507,7.586908,1
195.100000,6,11.905227,7.384627,17.932264,26.411664,11.905227,7.384627,1
195.100000,7,12.131856,7.611256,17.932264,26.411664,12.131856,7.611256,1
195.600000,5,13.842383,9.321783,17.420625,25.900025,13.842383,9.321783,1
195.600000,6,11.697764,7.177164,17.420625,25.900025,11.697764,7.177164,1
195.600000,7,13.512942,8.992342,17.420625,25.900025,13.512942,8.992342,1
196.100000,5,14.589398,10.068798,15.462927,23.942327,14.589398,10.068798,1
196.100000,6,14.353767,9.833167,15.462927,23.942327,14.353767,9.833167,1
196.100000,7,12.032280,7.511680,15.462927,23.942327,12.032280,7.511680,1
196.600000,5,11.239908,6.719308,17.844128,26.323529,11.239908,6.719308,1
196.600000,6,14.047231,9.526631,17.844128,26.323529,14.047231,9.526631,1
196.600000,7,15.598598,11.077999,17.844128,26.323529,15.598598,11.077999,1
197.100000,5,9.776224,5.255624,21.667706,30.147106,9.776224,5.255624,1
197.100000,6,9.275724,4.755124,21.667706,30.147106,9.275724,4.755124,1
197.100000,7,13.354383,8.833783,21.667706,30.147106,13.354383,8.833783,1
197.600000,5,13.464313,8.943713,18.047709,26.527110,13.464313,8.943713,1
197.600000,6,11.695907,7.175307,18.047709,26.527110,11.695907,7.175307,1
197.600000,7,12.499098,7.978498,18.047709,26.527110,12.499098,7.978498,1
198.100000,5,14.670144,10.149544,17.177308,25.656708,14.670144,10.149544,1
198.100000,6,10.402840,5.882240,17.177308,25.656708,10.402840,5.882240,1
198.100000,7,9.130466,4.609866,17.177308,25.656708,9.130466,4.609866,1
198.600000,5,12.213626,7.693026,15.346718,23.826118,12.213626,7.693026,1
198.600000,6,13.263799,8.743199,15.346718,23.826118,13.263799,8.743199,1
198.600000,7,12.949830,8.429230,15.346718,23.826118,12.949830,8.429230,1
199.100000,5,10.561553,6.040953,20.804523,29.283924,10.561553,6.040953,1
199.100000,6,10.069344,5.548744,20.804523,29.283924,10.069344,5.548744,1
199.100000,7,12.895882,8.375282,20.804523,29.283924,12.895882,8.375282,1
199.600000,5,10.744444,6.223844,19.186812,27.666212,10.744444,6.223844,1
199.600000,6,4.623990,0.103390,19.186812,27.666212,4.623990,0.103390,1
199.600000,7,13.184983,8.664384,19.186812,27.666212,13.184983,8.664384,1
