Time,UE,Delay,Jitter,Throughput,PDR,PLR
2,0,0,0,0,0,0
2,1,0,0,0,0,0
2,2,0,0,0,0,0
2,3,0,0,0,0,0
2,4,0,0,0,0,0
2,5,0,0,0,0,0
2,6,0,0,0,0,0
2,7,0,0,0,0,0
2,8,0,0,0,0,0
2,9,0,0,0,0,0
2,10,0,0,0,0,0
2,11,0,0,0,0,0
2,12,0,0,0,0,0
2,13,0,0,0,0,0
2,14,0,0,0,0,0
2,15,0,0,0,0,0
2,16,0,0,0,0,0
2,17,0,0,0,0,0
2,18,0,0,0,0,0
2,19,0,0,0,0,0
2,20,0,0,0,0,0
2,21,0,0,0,0,0
2,22,0,0,0,0,0
2,23,0,0,0,0,0
2,24,0,0,0,0,0
2,25,0,0,0,0,0
2,26,0,0,0,0,0
2,27,0,0,0,0,0
2,28,0,0,0,0,0
2,29,0,0,0,0,0
2,30,0,0,0,0,0
2,31,0,0,0,0,0
2,32,0,0,0,0,0
2,33,0,0,0,0,0
2,34,0,0,0,0,0
2,35,0,0,0,0,0
2,36,0,0,0,0,0
2,37,0,0,0,0,0
2,38,0,0,0,0,0
2,39,0,0,0,0,0
2,40,0,0,0,0,0
2,41,0,0,0,0,0
2,42,0,0,0,0,0
2,43,0,0,0,0,0
2,44,0,0,0,0,0
2,45,0,0,0,0,0
2,46,0,0,0,0,0
2,47,0,0,0,0,0
2,48,0,0,0,0,0
2,49,0,0,0,0,0
4,0,0.166397,0.0312687,0.146688,24.2424,75.7576
4,1,0.157284,0.0267193,0.281152,56.0976,43.9024
4,2,0.196109,0.0108129,0.03056,7.14286,92.8571
4,3,0.151395,0.0386527,0.171136,45.1613,54.8387
4,4,0.128354,0.0401925,0.18336,36.5854,63.4146
4,5,0.11485,0.028562,0.268928,55,45
4,6,0.0115196,0.00357648,0.385056,98.4375,1.5625
4,7,0.138523,0.0358836,0.207808,45.3333,54.6667
4,8,0.13593,0.02968,0.27504,48.913,51.087
4,9,0.170826,0.0381373,0.158912,36.6197,63.3803
4,10,0.110238,0.0391775,0.250592,58.5714,41.4286
4,11,0.121034,0.0420891,0.201696,41.25,58.75
4,12,0.119333,0.0290488,0.268928,57.1429,42.8571
4,13,0.134282,0.035023,0.103904,19.7674,80.2326
4,14,0.146214,0.03269,0.110016,27.2727,72.7273
4,15,0.138887,0.0198463,0.055008,12,88
4,16,0.15632,0.0350686,0.067232,16.6667,83.3333
4,17,0.140863,0.0309841,0.226144,41.573,58.427
4,18,0.134509,0.0347638,0.226144,57.8125,42.1875
4,19,0.141546,0.0221258,0.226144,50,50
4,20,0.0755099,0.0240512,0.299488,84.4828,15.5172
4,21,0.115917,0.0418934,0.165024,43.5484,56.4516
4,22,0.109798,0.0245809,0.299488,55.6818,44.3182
4,23,0.132295,0.029688,0.201696,39.759,60.241
4,24,0.130511,0.024214,0.18336,40,60
4,25,0.103869,0.0304448,0.281152,60.5263,39.4737
4,26,0.115968,0.0339091,0.232256,43.6782,56.3218
4,27,0.14225,0.0247989,0.103904,30.9091,69.0909
4,28,0.178319,0.008,0.018336,4.61538,95.3846
4,29,0.15907,0.0310811,0.134464,31.4286,68.5714
4,30,0.137377,0.0292438,0.158912,34.2105,65.7895
4,31,0.141851,0.0355887,0.134464,29.3333,70.6667
4,32,0.149622,0.0305698,0.134464,36.0656,63.9344
4,33,0.169936,0.0356136,0.226144,35.9223,64.0777
4,34,0.127488,0.0286458,0.281152,50.5495,49.4505
4,35,0.132867,0.0371924,0.171136,38.8889,61.1111
4,36,0.185644,0.0161314,0.012224,2.89855,97.1014
4,37,0.148309,0.0216,0.06112,14.7059,85.2941
4,38,0.143075,0.0683164,0.06112,12.8205,87.1795
4,39,0.0775236,0.0294864,0.189472,51.6667,48.3333
4,40,0.11083,0.0277566,0.287264,50.5376,49.4624
4,41,0.157481,0.0349028,0.12224,30.7692,69.2308
4,42,0.147032,0.0341845,0.036672,9.52381,90.4762
4,43,0.140235,0.0292386,0.268928,59.4595,40.5405
4,44,0.155325,0.0338664,0.171136,25.9259,74.0741
4,45,0.120069,0.0353891,0.110016,20.4545,79.5455
4,46,0.124276,0.0460037,0.024448,5.40541,94.5946
4,47,0.178482,0,0.006112,1.47059,98.5294
4,48,0.0978111,0.0349891,0.128352,21.4286,78.5714
4,49,0.144941,0.0357257,0.110016,30.5085,69.4915
6,0,0.15647,0.0355936,0.189472,34.8315,65.1685
6,1,0.154861,0.0302047,0.146688,36.3636,63.6364
6,2,0.122345,0.0366661,0.036672,8.21918,91.7808
6,3,0.155396,0.036763,0.232256,45.2381,54.7619
6,4,0.129069,0.0409209,0.146688,30,70
6,5,0.120215,0.0300431,0.177248,51.7857,48.2143
6,6,0.0228908,0.00826775,0.299488,84.4828,15.5172
6,7,0.137068,0.0370189,0.24448,55.5556,44.4444
6,8,0.134833,0.0266649,0.311712,60.7143,39.2857
6,9,0.141441,0.0365525,0.18336,37.037,62.963
6,10,0.128976,0.0334947,0.268928,51.1628,48.8372
6,11,0.124633,0.0420423,0.085568,26.4151,73.5849
6,12,0.12589,0.0306243,0.220032,40,60
6,13,0.142967,0.0355253,0.256704,48.2759,51.7241
6,14,0.1588,0.029419,0.036672,6,94
6,15,0.142711,0.0233688,0.036672,7.69231,92.3077
6,16,0.1508,0.0371081,0.085568,19.1781,80.8219
6,17,0.142002,0.0315959,0.201696,56.8966,43.1034
6,18,0.144874,0.0355812,0.238368,54.1667,45.8333
6,19,0.119355,0.023871,0.293376,49.4845,50.5155
6,20,0.0886151,0.0224045,0.36672,61.2245,38.7755
6,21,0.116608,0.0375219,0.134464,31.8841,68.1159
6,22,0.114409,0.0287268,0.421728,71.134,28.866
6,23,0.1436,0.030347,0.268928,51.7647,48.2353
6,24,0.127443,0.0341213,0.281152,51.1111,48.8889
6,25,0.113904,0.0302249,0.354496,65.1685,34.8315
6,26,0.1105,0.038775,0.293376,52.1739,47.8261
6,27,0.12841,0.0324642,0.158912,40.625,59.375
6,28,0.178319,0.008,0,0,100
6,29,0.146858,0.0343417,0.146688,30,70
6,30,0.133013,0.0367836,0.177248,39.1892,60.8108
6,31,0.153992,0.0280656,0.18336,35.2941,64.7059
6,32,0.15715,0.0347282,0.1528,33.3333,66.6667
6,33,0.159391,0.031602,0.171136,40.5797,59.4203
6,34,0.125895,0.0357356,0.134464,25.8824,74.1176
6,35,0.12592,0.0340734,0.232256,38,62
6,36,0.1736,0.0174209,0.006112,1.36986,98.6301
6,37,0.132808,0.0359817,0.116128,26.3889,73.6111
6,38,0.138962,0.0679115,0.042784,9.21053,90.7895
6,39,0.116215,0.0263982,0.195584,47.0588,52.9412
6,40,0.123286,0.0314389,0.262816,42.5743,57.4257
6,41,0.148465,0.035332,0.085568,17.0732,82.9268
6,42,0.1719,0.0274747,0.06112,12.3457,87.6543
6,43,0.128755,0.0325942,0.24448,54.0541,45.9459
6,44,0.146559,0.0322325,0.110016,22.2222,77.7778
6,45,0.124406,0.0463667,0.110016,24,76
6,46,0.146645,0.032581,0.201696,36.6667,63.3333
6,47,0.12454,0.0250852,0.097792,16.1616,83.8384
6,48,0.114446,0.0391854,0.012224,2.94118,97.0588
6,49,0.134629,0.0325617,0.287264,45.1923,54.8077
8,0,0.152267,0.0345213,0.146688,25.5319,74.4681
8,1,0.157026,0.0308827,0.21392,44.8718,55.1282
8,2,0.156394,0.0406313,0.103904,20.2381,79.7619
8,3,0.152601,0.0385175,0.21392,38.8889,61.1111
8,4,0.134414,0.0379661,0.097792,24.6154,75.3846
8,5,0.124747,0.0314168,0.262816,41.3462,58.6538
8,6,0.0362237,0.0116316,0.391168,69.5652,30.4348
8,7,0.140983,0.0342339,0.27504,47.3684,52.6316
8,8,0.133087,0.0278227,0.24448,45.977,54.023
8,9,0.128944,0.0330868,0.256704,46.6667,53.3333
8,10,0.136409,0.0310247,0.207808,43.038,56.962
8,11,0.145958,0.0384923,0.201696,31.4286,68.5714
8,12,0.135989,0.0315976,0.262816,53.0864,46.9136
8,13,0.142647,0.0396769,0.03056,10.2041,89.7959
8,14,0.143573,0.0319887,0.177248,26.8519,73.1481
8,15,0.143302,0.0283261,0.140576,22.549,77.451
8,16,0.147339,0.0363417,0.03056,8.33333,91.6667
8,17,0.145967,0.0310386,0.201696,41.25,58.75
8,18,0.14108,0.0342727,0.232256,41.3043,58.6957
8,19,0.118455,0.0259001,0.287264,55.2941,44.7059
8,20,0.0914338,0.0236126,0.250592,57.7465,42.2535
8,21,0.120226,0.0358672,0.330048,53.4653,46.5347
8,22,0.113391,0.0311039,0.1528,50,50
8,23,0.141382,0.0291003,0.1528,27.1739,72.8261
8,24,0.127777,0.0340672,0.21392,38.0435,61.9565
8,25,0.11458,0.0314022,0.226144,62.7119,37.2881
8,26,0.114936,0.0411426,0.189472,40.7895,59.2105
8,27,0.118982,0.0297515,0.378944,57.9439,42.0561
8,28,0.178319,0.008,0,0,100
8,29,0.144684,0.0359405,0.055008,8.41121,91.5888
8,30,0.118793,0.0372106,0.116128,22.3529,77.6471
8,31,0.149992,0.0305067,0.220032,43.3735,56.6265
8,32,0.154307,0.0360237,0.079456,16.8831,83.1169
8,33,0.154538,0.0348505,0.097792,19.2771,80.7229
8,34,0.133435,0.0349564,0.097792,20,80
8,35,0.131321,0.0341071,0.220032,49.3151,50.6849
8,36,0.1736,0.0174209,0,0,100
8,37,0.136343,0.0319385,0.079456,23.2143,76.7857
8,38,0.152733,0.0547964,0.067232,11.7021,88.2979
8,39,0.114648,0.0281503,0.24448,37.7358,62.2642
8,40,0.123363,0.033496,0.195584,35.9551,64.0449
8,41,0.162673,0.0347116,0.158912,27.0833,72.9167
8,42,0.185239,0.0311281,0.06112,10.989,89.011
8,43,0.124983,0.0305659,0.195584,60.3774,39.6226
8,44,0.14797,0.0302022,0.140576,22.7723,77.2277
8,45,0.131077,0.0423386,0.110016,18,82
8,46,0.149438,0.0321955,0.073344,16.4384,83.5616
8,47,0.142472,0.0339154,0.354496,64.4444,35.5556
8,48,0.120467,0.037119,0.06112,10.6383,89.3617
8,49,0.137998,0.0332651,0.18336,33.7079,66.2921
10,0,0.147705,0.0331246,0.171136,38.8889,61.1111
10,1,0.154865,0.0297091,0.250592,44.086,55.914
10,2,0.156553,0.0410106,0.024448,4.12371,95.8763
10,3,0.150193,0.0355254,0.27504,51.1364,48.8636
10,4,0.122211,0.0371274,0.158912,36.6197,63.3803
10,5,0.130454,0.030803,0.323936,67.0886,32.9114
10,6,0.0492424,0.014799,0.232256,65.5172,34.4828
10,7,0.139574,0.0315797,0.268928,57.8947,42.1053
10,8,0.133162,0.0303934,0.256704,55.2632,44.7368
10,9,0.135084,0.0319393,0.201696,35.1064,64.8936
10,10,0.13877,0.030749,0.085568,15.5556,84.4444
10,11,0.148025,0.0386274,0.207808,41.4634,58.5366
10,12,0.137669,0.0327932,0.158912,30.9524,69.0476
10,13,0.128933,0.0347422,0.165024,26.7327,73.2673
10,14,0.141199,0.0366958,0.042784,9.21053,90.7895
10,15,0.13299,0.03224,0.140576,28.0488,71.9512
10,16,0.148262,0.0347358,0.055008,11.25,88.75
10,17,0.143801,0.0344724,0.220032,44.4444,55.5556
10,18,0.148119,0.0361361,0.21392,39.3258,60.6742
10,19,0.119786,0.027491,0.391168,76.1905,23.8095
10,20,0.102589,0.0257175,0.293376,43.6364,56.3636
10,21,0.121045,0.0378671,0.073344,19.6721,80.3279
10,22,0.117981,0.0320419,0.21392,41.6667,58.3333
10,23,0.144111,0.0309065,0.1528,30.4878,69.5122
10,24,0.113057,0.0304444,0.323936,69.7368,30.2632
10,25,0.121226,0.031068,0.323936,63.0952,36.9048
10,26,0.112458,0.0370282,0.342272,71.7949,28.2051
10,27,0.120476,0.0324797,0.146688,38.0952,61.9048
10,28,0.178319,0.008,0,0,100
10,29,0.137597,0.0338089,0.165024,36.4865,63.5135
10,30,0.114297,0.03546,0.110016,33.9623,66.0377
10,31,0.149074,0.0303493,0.158912,34.6667,65.3333
10,32,0.152679,0.0343464,0.18336,36.1446,63.8554
10,33,0.154557,0.0349135,0.140576,28.3951,71.6049
10,34,0.121132,0.0377446,0.207808,41.4634,58.5366
10,35,0.131729,0.0333909,0.12224,19.802,80.198
10,36,0.1736,0.0174209,0,0,100
10,37,0.137511,0.0331549,0.134464,27.8481,72.1519
10,38,0.142848,0.0570183,0.055008,12.3288,87.6712
10,39,0.123046,0.0326403,0.256704,58.3333,41.6667
10,40,0.12713,0.0336389,0.287264,54.6512,45.3488
10,41,0.168445,0.0321542,0.116128,20.6522,79.3478
10,42,0.18065,0.0285896,0.024448,4.65116,95.3488
10,43,0.12026,0.0325847,0.177248,60.4167,39.5833
10,44,0.14266,0.0322573,0.073344,13.1868,86.8132
10,45,0.132114,0.0425814,0.097792,23.8806,76.1194
10,46,0.152633,0.0335676,0.158912,23.6364,76.3636
10,47,0.130827,0.0308073,0.256704,54.5455,45.4545
10,48,0.121688,0.0368379,0.006112,1.02041,98.9796
10,49,0.139122,0.0319695,0.128352,31.3433,68.6567
12,0,0.144841,0.0318442,0.110016,21.4286,78.5714
12,1,0.153073,0.0317638,0.18336,34.8837,65.1163
12,2,0.160684,0.0408601,0.165024,33.3333,66.6667
12,3,0.153553,0.0330296,0.18336,38.4615,61.5385
12,4,0.12707,0.0359841,0.281152,58.2278,41.7722
12,5,0.13092,0.0311525,0.220032,48.6486,51.3514
12,6,0.0650637,0.0176273,0.39728,57.5221,42.4779
12,7,0.136932,0.0304044,0.293376,60.7595,39.2405
12,8,0.133456,0.0307525,0.134464,35.4839,64.5161
12,9,0.135116,0.0309997,0.171136,41.791,58.209
12,10,0.143403,0.0304949,0.158912,28.8889,71.1111
12,11,0.152396,0.0388198,0.165024,38.5714,61.4286
12,12,0.139093,0.0326985,0.195584,38.0952,61.9048
12,13,0.130254,0.0334164,0.18336,36.1446,63.8554
12,14,0.14944,0.036645,0.042784,7.6087,92.3913
12,15,0.13039,0.034014,0.12224,20,80
12,16,0.127374,0.0337516,0.226144,42.5287,57.4713
12,17,0.143801,0.0341844,0.262816,48.8636,51.1364
12,18,0.146456,0.0356424,0.165024,32.9268,67.0732
12,19,0.121936,0.0294305,0.299488,50.5155,49.4845
12,20,0.105392,0.0257814,0.348384,69.5122,30.4878
12,21,0.125185,0.0376589,0.116128,24.6753,75.3247
12,22,0.121955,0.0319415,0.354496,52.7273,47.2727
12,23,0.136743,0.0317086,0.128352,33.871,66.129
12,24,0.124513,0.0310259,0.262816,53.0864,46.9136
12,25,0.121837,0.033075,0.207808,41.4634,58.5366
12,26,0.117795,0.0353098,0.195584,50.7937,49.2063
12,27,0.120343,0.0337412,0.189472,38.2716,61.7284
12,28,0.178319,0.008,0,0,100
12,29,0.1365,0.0343538,0.024448,3.8835,96.1165
12,30,0.10717,0.0331567,0.18336,30.303,69.697
12,31,0.144888,0.0316085,0.27504,54.878,45.122
12,32,0.152214,0.0332705,0.201696,44.5946,55.4054
12,33,0.155902,0.035792,0.110016,23.6842,76.3158
12,34,0.127828,0.0344778,0.189472,29.5238,70.4762
12,35,0.131239,0.0360569,0.128352,31.8182,68.1818
12,36,0.1736,0.0174209,0,0,100
12,37,0.140103,0.0328586,0.09168,15.1515,84.8485
12,38,0.142088,0.0549789,0.079456,20.3125,79.6875
12,39,0.118882,0.0322649,0.268928,49.4382,50.5618
12,40,0.124945,0.0316931,0.293376,53.3333,46.6667
12,41,0.167231,0.0303392,0.085568,14.7368,85.2632
12,42,0.176142,0.0299063,0.048896,10.9589,89.0411
12,43,0.120702,0.0309843,0.311712,54.2553,45.7447
12,44,0.143817,0.0327152,0.067232,12.9412,87.0588
12,45,0.135507,0.0405649,0.079456,13.1313,86.8687
12,46,0.150092,0.0323337,0.06112,9.43396,90.566
12,47,0.128332,0.032715,0.281152,49.4624,50.5376
12,48,0.121688,0.0368379,0,0,100
12,49,0.147103,0.0317761,0.262816,47.2527,52.7473
14,0,0.145347,0.0341352,0.128352,24.7059,75.2941
14,1,0.150321,0.0326851,0.189472,39.7436,60.2564
14,2,0.151726,0.0397542,0.140576,28.3951,71.6049
14,3,0.146744,0.0346698,0.103904,23.2877,76.7123
14,4,0.127143,0.0345034,0.195584,32.3232,67.6768
14,5,0.133297,0.0315045,0.201696,45.2055,54.7945
14,6,0.0727006,0.0200564,0.262816,48.8636,51.1364
14,7,0.133076,0.0315199,0.226144,64.9123,35.0877
14,8,0.13294,0.0309798,0.24448,51.2821,48.7179
14,9,0.137847,0.0309588,0.165024,31.7647,68.2353
14,10,0.146383,0.0301596,0.128352,28,72
14,11,0.149628,0.0377628,0.12224,21.0526,78.9474
14,12,0.136934,0.0326407,0.21392,41.6667,58.3333
14,13,0.126026,0.032937,0.201696,31.7308,68.2692
14,14,0.14944,0.036684,0.036672,9.23077,90.7692
14,15,0.128375,0.0350352,0.067232,14.4737,85.5263
14,16,0.135936,0.0322393,0.171136,38.8889,61.1111
14,17,0.139719,0.0363103,0.238368,45.8824,54.1176
14,18,0.147032,0.0342301,0.201696,37.931,62.069
14,19,0.123465,0.0293704,0.354496,56.8627,43.1373
14,20,0.101959,0.0260535,0.299488,55.6818,44.3182
14,21,0.130623,0.0364485,0.116128,25.3333,74.6667
14,22,0.124026,0.0326399,0.268928,48.8889,51.1111
14,23,0.138344,0.032239,0.189472,36.0465,63.9535
14,24,0.125745,0.0315187,0.342272,50.4505,49.5495
14,25,0.123005,0.0316613,0.354496,63.0435,36.9565
14,26,0.122411,0.0345562,0.281152,50,50
14,27,0.123148,0.0358709,0.177248,31.8681,68.1319
14,28,0.178319,0.008,0,0,100
14,29,0.136698,0.0344254,0.055008,11.25,88.75
14,30,0.110824,0.0320632,0.21392,28.6885,71.3115
14,31,0.144009,0.031012,0.146688,30.7692,69.2308
14,32,0.147745,0.0347798,0.171136,29.4737,70.5263
14,33,0.155374,0.0338964,0.110016,17.3077,82.6923
14,34,0.12926,0.0348184,0.036672,8.57143,91.4286
14,35,0.131303,0.0348443,0.1528,37.3134,62.6866
14,36,0.183413,0.0219961,0.018336,4.10959,95.8904
14,37,0.141689,0.0335445,0.048896,8.33333,91.6667
14,38,0.143698,0.0531517,0.097792,18.1818,81.8182
14,39,0.118545,0.0324431,0.268928,46.8085,53.1915
14,40,0.126947,0.0327991,0.165024,35.5263,64.4737
14,41,0.162006,0.0317101,0.128352,23.8636,76.1364
14,42,0.177638,0.030949,0.036672,9.375,90.625
14,43,0.118675,0.03102,0.39728,65,35
14,44,0.145871,0.0334598,0.226144,35.2381,64.7619
14,45,0.139697,0.038834,0.06112,11.6279,88.3721
14,46,0.146396,0.031419,0.165024,27.551,72.449
14,47,0.129705,0.0324366,0.21392,39.3258,60.6742
14,48,0.121688,0.0368379,0,0,100
14,49,0.147466,0.0325352,0.073344,19.3548,80.6452
16,0,0.142711,0.035343,0.128352,26.9231,73.0769
16,1,0.149106,0.0324877,0.116128,25.3333,74.6667
16,2,0.149567,0.0374047,0.079456,18.8406,81.1594
16,3,0.145684,0.0335493,0.207808,38.2022,61.7978
16,4,0.131453,0.0335982,0.238368,43.3333,56.6667
16,5,0.136048,0.032028,0.262816,46.2366,53.7634
16,6,0.0824067,0.0209172,0.33616,60.4396,39.5604
16,7,0.135273,0.0319739,0.24448,57.971,42.029
16,8,0.127961,0.0307772,0.268928,57.1429,42.8571
16,9,0.13826,0.0321332,0.128352,21.4286,78.5714
16,10,0.148113,0.0310123,0.134464,19.469,80.531
16,11,0.149062,0.0373605,0.140576,28.3951,71.6049
16,12,0.137371,0.0336093,0.207808,40,60
16,13,0.13003,0.032344,0.128352,32.3077,67.6923
16,14,0.1492,0.0361767,0.018336,3.79747,96.2025
16,15,0.132862,0.0357841,0.12224,25.974,74.026
16,16,0.135532,0.0333697,0.18336,40,60
16,17,0.133153,0.0347546,0.238368,46.4286,53.5714
16,18,0.146136,0.033701,0.262816,49.4253,50.5747
16,19,0.125448,0.029265,0.268928,68.75,31.25
16,20,0.101583,0.0266861,0.293376,64.8649,35.1351
16,21,0.130806,0.035306,0.1528,31.25,68.75
16,22,0.125907,0.0323853,0.207808,45.3333,54.6667
16,23,0.140745,0.033284,0.21392,39.7727,60.2273
16,24,0.128173,0.0320963,0.177248,40.2778,59.7222
16,25,0.120507,0.0315178,0.189472,47.6923,52.3077
16,26,0.123963,0.0351443,0.293376,59.2593,40.7407
16,27,0.124273,0.0350074,0.201696,37.5,62.5
16,28,0.143539,0.0109743,0.042784,7.14286,92.8571
16,29,0.134591,0.0378349,0.055008,8.57143,91.4286
16,30,0.111318,0.0332683,0.110016,28.5714,71.4286
16,31,0.142707,0.0317143,0.158912,31.3253,68.6747
16,32,0.145979,0.0342977,0.146688,34.2857,65.7143
16,33,0.153456,0.0341275,0.128352,23.3333,76.6667
16,34,0.129558,0.033963,0.177248,42.029,57.971
16,35,0.131502,0.0346409,0.134464,29.7297,70.2703
16,36,0.172686,0.0230875,0.012224,1.85185,98.1481
16,37,0.143126,0.0345415,0.079456,17.1053,82.8947
16,38,0.142298,0.0480818,0.146688,24.4898,75.5102
16,39,0.12092,0.0314577,0.262816,46.7391,53.2609
16,40,0.129645,0.0323725,0.232256,46.3415,53.6585
16,41,0.16122,0.0316562,0.073344,13.3333,86.6667
16,42,0.177638,0.030949,0,0,100
16,43,0.116203,0.030531,0.372832,64.8936,35.1064
16,44,0.146662,0.0330243,0.171136,25.9259,74.0741
16,45,0.141263,0.0392439,0.079456,13.1313,86.8687
16,46,0.149215,0.0309237,0.06112,13.1579,86.8421
16,47,0.132416,0.0327125,0.201696,41.25,58.75
16,48,0.124642,0.0357239,0.012224,2.98507,97.0149
16,49,0.146425,0.0324673,0.116128,23.75,76.25
18,0,0.143811,0.0358485,0.073344,13.1868,86.8132
18,1,0.14735,0.033466,0.103904,23.9437,76.0563
18,2,0.148793,0.0374246,0.103904,30.9091,69.0909
18,3,0.144652,0.0330845,0.21392,47.2973,52.7027
18,4,0.132661,0.0349212,0.27504,40.1786,59.8214
18,5,0.135274,0.031913,0.21392,37.6344,62.3656
18,6,0.0849703,0.0219426,0.256704,50,50
18,7,0.137734,0.032352,0.195584,29.0909,70.9091
18,8,0.127798,0.031383,0.110016,23.0769,76.9231
18,9,0.14101,0.0317006,0.195584,37.2093,62.7907
18,10,0.147892,0.0311403,0.055008,12.1622,87.8378
18,11,0.148615,0.0363509,0.110016,29.5082,70.4918
18,12,0.132654,0.0323912,0.256704,59.1549,40.8451
18,13,0.123611,0.0325139,0.085568,17.0732,82.9268
18,14,0.1492,0.0361767,0,0,100
18,15,0.137082,0.0359006,0.110016,18.3673,81.6327
18,16,0.138621,0.0334346,0.220032,40,60
18,17,0.134701,0.0339503,0.171136,39.4366,60.5634
18,18,0.139453,0.033528,0.177248,38.1579,61.8421
18,19,0.124162,0.029903,0.238368,54.9296,45.0704
18,20,0.0982072,0.026058,0.3056,59.5238,40.4762
18,21,0.131063,0.0347524,0.232256,40,60
18,22,0.127319,0.033427,0.165024,27.8351,72.1649
18,23,0.141668,0.0342856,0.220032,35.6436,64.3564
18,24,0.12834,0.0310659,0.268928,55,45
18,25,0.119075,0.0314189,0.378944,69.6629,30.3371
18,26,0.12315,0.0348823,0.207808,37.3626,62.6374
18,27,0.125675,0.0358005,0.226144,48.0519,51.9481
18,28,0.13957,0.0132865,0.018336,3.40909,96.5909
18,29,0.135449,0.0379183,0.042784,8.53659,91.4634
18,30,0.114868,0.0342146,0.158912,27.0833,72.9167
18,31,0.141596,0.030981,0.250592,57.7465,42.2535
18,32,0.147334,0.0338672,0.220032,42.3529,57.6471
18,33,0.153992,0.0326262,0.140576,25.2747,74.7253
18,34,0.133421,0.0336504,0.287264,47,53
18,35,0.130768,0.0350862,0.03056,8.33333,91.6667
18,36,0.172686,0.0230875,0,0,100
18,37,0.144215,0.0341605,0.036672,5.94059,94.0594
18,38,0.144144,0.0456239,0.097792,25,75
18,39,0.125534,0.0318015,0.27504,45,55
18,40,0.132888,0.0326262,0.158912,41.9355,58.0645
18,41,0.155597,0.0330043,0.134464,22.2222,77.7778
18,42,0.173888,0.0308244,0.018336,3.09278,96.9072
18,43,0.116225,0.0304356,0.220032,44.4444,55.5556
18,44,0.144525,0.0324236,0.158912,28.8889,71.1111
18,45,0.141362,0.0391388,0.006112,1.2987,98.7013
18,46,0.146547,0.0333439,0.195584,42.1053,57.8947
18,47,0.133934,0.0322266,0.207808,39.5349,60.4651
18,48,0.116939,0.0299563,0.12224,22.2222,77.7778
18,49,0.146589,0.0320874,0.18336,48.3871,51.6129
20,0,0.144597,0.0363537,0.09168,20.5479,79.4521
20,1,0.148361,0.032394,0.250592,38.3178,61.6822
20,2,0.147812,0.0407,0.140576,34.3284,65.6716
20,3,0.145242,0.0326978,0.18336,44.7761,55.2239
20,4,0.134727,0.0354246,0.165024,32.9268,67.0732
20,5,0.134187,0.0319599,0.220032,39.5604,60.4396
20,6,0.0893092,0.0230738,0.317824,54.1667,45.8333
20,7,0.140232,0.0334144,0.330048,62.069,37.931
20,8,0.129218,0.0316658,0.220032,47.3684,52.6316
20,9,0.135381,0.0304166,0.317824,62.6506,37.3494
20,10,0.148279,0.0313161,0.018336,4.05405,95.9459
20,11,0.148272,0.0369539,0.165024,31.3953,68.6047
20,12,0.131059,0.0326966,0.165024,33.75,66.25
20,13,0.124359,0.032759,0.1528,30.4878,69.5122
20,14,0.147545,0.0364636,0.097792,19.7531,80.2469
20,15,0.13913,0.0364685,0.036672,6.06061,93.9394
20,16,0.136618,0.0338977,0.146688,47.0588,52.9412
20,17,0.131471,0.034273,0.207808,41.9753,58.0247
20,18,0.138062,0.0342309,0.195584,39.0244,60.9756
20,19,0.121594,0.0300025,0.268928,57.8947,42.1053
20,20,0.0961668,0.0250616,0.55008,87.3786,12.6214
20,21,0.131209,0.0333356,0.293376,50,50
20,22,0.126549,0.0327309,0.207808,36.1702,63.8298
20,23,0.142575,0.0341309,0.171136,29.7872,70.2128
20,24,0.124111,0.0309893,0.256704,63.6364,36.3636
20,25,0.119846,0.0313515,0.189472,34.8315,65.1685
20,26,0.123398,0.0353077,0.226144,48.6842,51.3158
20,27,0.125252,0.0353114,0.207808,50.7463,49.2537
20,28,0.13957,0.0132865,0,0,100
20,29,0.135016,0.039149,0.036672,7.05882,92.9412
20,30,0.118222,0.0345535,0.171136,28,72
20,31,0.141195,0.0310344,0.232256,50.6667,49.3333
20,32,0.140163,0.0323321,0.33616,56.1224,43.8776
20,33,0.150774,0.0340858,0.116128,35.1852,64.8148
20,34,0.135971,0.0339811,0.110016,22.7848,77.2152
20,35,0.129046,0.0363964,0.195584,38.0952,61.9048
20,36,0.15709,0.0252165,0.055008,12,88
20,37,0.142104,0.0358112,0.018336,3.19149,96.8085
20,38,0.142345,0.0438336,0.12224,25.641,74.359
20,39,0.125874,0.0327255,0.354496,47.9339,52.0661
20,40,0.131394,0.0337207,0.171136,32.1839,67.8161
20,41,0.153678,0.0325085,0.110016,31.5789,68.4211
20,42,0.172892,0.0322051,0.03056,4.34783,95.6522
20,43,0.117245,0.0306789,0.299488,56.9767,43.0233
20,44,0.145078,0.0325549,0.073344,18.1818,81.8182
20,45,0.142549,0.0385206,0.018336,2.77778,97.2222
20,46,0.14475,0.0361689,0.110016,23.0769,76.9231
20,47,0.134146,0.0327667,0.171136,40.5797,59.4203
20,48,0.116939,0.0299563,0,0,100
20,49,0.146537,0.0318483,0.189472,31.3131,68.6869
22,0,0.145944,0.0365672,0.12224,24.0964,75.9036
22,1,0.145648,0.0326637,0.18336,49.1803,50.8197
22,2,0.146358,0.0418146,0.09168,19.2308,80.7692
22,3,0.142364,0.0326216,0.293376,44.4444,55.5556
22,4,0.135205,0.0362215,0.195584,40.5063,59.4937
22,5,0.132914,0.0325328,0.158912,31.3253,68.6747
22,6,0.0951975,0.023428,0.299488,58.3333,41.6667
22,7,0.14017,0.03315,0.195584,37.6471,62.3529
22,8,0.130652,0.0321517,0.158912,30.2326,69.7674
22,9,0.134223,0.0308678,0.3056,58.8235,41.1765
22,10,0.147498,0.0312953,0.048896,8.42105,91.5789
22,11,0.146406,0.0364842,0.158912,29.5455,70.4545
22,12,0.132326,0.033315,0.195584,46.3768,53.6232
22,13,0.124663,0.031958,0.12224,25.974,74.026
22,14,0.145029,0.0346799,0.073344,16.9014,83.0986
22,15,0.135656,0.0367821,0.12224,29.8507,70.1493
22,16,0.135402,0.0336628,0.18336,36.1446,63.8554
22,17,0.129952,0.0348646,0.323936,55.7895,44.2105
22,18,0.13669,0.0344102,0.262816,42.5743,57.4257
22,19,0.120319,0.0294375,0.36672,72.2892,27.7108
22,20,0.0951152,0.0250884,0.360608,72.8395,27.1605
22,21,0.132086,0.0335897,0.177248,24.7863,75.2137
22,22,0.126789,0.0333175,0.158912,27.6596,72.3404
22,23,0.141846,0.0347818,0.12224,25.3165,74.6835
22,24,0.126618,0.0300866,0.330048,55.102,44.898
22,25,0.120595,0.0314124,0.220032,48.6486,51.3514
22,26,0.123899,0.0354321,0.195584,42.6667,57.3333
22,27,0.127738,0.0352097,0.195584,39.0244,60.9756
22,28,0.13957,0.0132865,0,0,100
22,29,0.137183,0.038193,0.048896,8.24742,91.7526
22,30,0.11908,0.0344269,0.073344,17.9104,82.0896
22,31,0.141249,0.0314755,0.220032,36,64
22,32,0.143791,0.0330871,0.238368,41.9355,58.0645
22,33,0.148457,0.0349155,0.097792,22.8571,77.1429
22,34,0.135368,0.0332936,0.21392,35.7143,64.2857
22,35,0.130427,0.0355468,0.1528,34.2466,65.7534
22,36,0.145582,0.0305252,0.018336,3.52941,96.4706
22,37,0.143215,0.0354155,0.097792,22.2222,77.7778
22,38,0.146476,0.0440442,0.189472,34.4444,65.5556
22,39,0.127995,0.0328779,0.226144,52.8571,47.1429
22,40,0.133043,0.0334541,0.268928,55.6962,44.3038
22,41,0.148812,0.0314975,0.171136,30.7692,69.2308
22,42,0.172933,0.036889,0.110016,21.6867,78.3133
22,43,0.116836,0.0307798,0.372832,61,39
22,44,0.145177,0.0324691,0.09168,18.9873,81.0127
22,45,0.143129,0.0383309,0.018336,3.09278,96.9072
22,46,0.144837,0.0352529,0.189472,36.9048,63.0952
22,47,0.134083,0.0330442,0.226144,38.5417,61.4583
22,48,0.117042,0.0300358,0.012224,2.35294,97.6471
22,49,0.147829,0.0320457,0.09168,20,80
24,0,0.146661,0.035837,0.256704,45.6522,54.3478
24,1,0.144696,0.0319994,0.171136,32.1839,67.8161
24,2,0.145281,0.0438869,0.097792,25,75
24,3,0.141184,0.0324442,0.226144,38.1443,61.8557
24,4,0.136841,0.0372535,0.177248,46.7742,53.2258
24,5,0.128296,0.0324689,0.177248,35.8025,64.1975
24,6,0.0975803,0.0234748,0.323936,61.6279,38.3721
24,7,0.140102,0.0329019,0.287264,43.9252,56.0748
24,8,0.131077,0.032842,0.250592,51.8987,48.1013
24,9,0.135273,0.0316545,0.140576,27.7108,72.2892
24,10,0.147747,0.0318109,0.097792,16.6667,83.3333
24,11,0.143483,0.0367989,0.103904,27.8689,72.1311
24,12,0.13475,0.0331594,0.311712,54.2553,45.7447
24,13,0.127712,0.0311899,0.18336,50.8475,49.1525
24,14,0.145194,0.0348824,0.018336,3.40909,96.5909
24,15,0.135713,0.0365153,0.024448,4.81928,95.1807
24,16,0.134028,0.0343271,0.24448,54.7945,45.2055
24,17,0.122039,0.0335365,0.372832,72.619,27.381
24,18,0.136668,0.0330318,0.330048,55.6701,44.3299
24,19,0.120816,0.0294514,0.201696,55.9322,44.0678
24,20,0.0960943,0.0259515,0.232256,42.6966,57.3034
24,21,0.133676,0.0329954,0.134464,31.8841,68.1159
24,22,0.127315,0.0329747,0.207808,39.0805,60.9195
24,23,0.141041,0.0352068,0.226144,40.6593,59.3407
24,24,0.128325,0.0297713,0.262816,49.4253,50.5747
24,25,0.122837,0.0313667,0.220032,37.8947,62.1053
24,26,0.12458,0.0351359,0.18336,30.6122,69.3878
24,27,0.125118,0.0343135,0.348384,65.5172,34.4828
24,28,0.151871,0.0266561,0.097792,16.6667,83.3333
24,29,0.137732,0.0380342,0.03056,6.32911,93.6709
24,30,0.118647,0.0347872,0.073344,14.1176,85.8824
24,31,0.142239,0.0317562,0.262816,43,57
24,32,0.14486,0.0331419,0.21392,38.8889,61.1111
24,33,0.148479,0.0346536,0.116128,25.3333,74.6667
24,34,0.136934,0.032702,0.189472,41.8919,58.1081
24,35,0.129687,0.0361452,0.146688,27.5862,72.4138
24,36,0.139529,0.0357564,0.103904,20,80
24,37,0.144287,0.0356823,0.12224,22.7273,77.2727
24,38,0.150152,0.0441314,0.09168,18.2927,81.7073
24,39,0.126768,0.0326233,0.250592,47.1264,52.8736
24,40,0.132846,0.0335154,0.3056,45.8716,54.1284
24,41,0.149934,0.0317949,0.042784,6.42202,93.578
24,42,0.149362,0.0333097,0.262816,51.8072,48.1928
24,43,0.116707,0.0312266,0.27504,51.7241,48.2759
24,44,0.146366,0.0328931,0.085568,18.4211,81.5789
24,45,0.143129,0.0383309,0,0,100
24,46,0.145349,0.0355404,0.134464,26.1905,73.8095
24,47,0.134891,0.0334707,0.097792,25,75
24,48,0.126674,0.0328034,0.103904,19.7674,80.2326
24,49,0.147595,0.0317588,0.09168,21.1268,78.8732
26,0,0.145772,0.0379475,0.079456,14.2857,85.7143
26,1,0.143762,0.0324537,0.085568,40,60
26,2,0.145847,0.041273,0.165024,29.6703,70.3297
26,3,0.14171,0.0325289,0.226144,37.3737,62.6263
26,4,0.135444,0.0358859,0.311712,54.8387,45.1613
26,5,0.131281,0.0321393,0.24448,51.9481,48.0519
26,6,0.0988592,0.0236029,0.140576,24.2105,75.7895
26,7,0.138095,0.032595,0.256704,46.1538,53.8462
26,8,0.131215,0.0323194,0.360608,59,41
26,9,0.135507,0.0316682,0.317824,54.1667,45.8333
26,10,0.147963,0.0320291,0.012224,2.85714,97.1429
26,11,0.143171,0.0362381,0.177248,29.2929,70.7071
26,12,0.131953,0.0334778,0.250592,60.2941,39.7059
26,13,0.12854,0.0315039,0.06112,16.6667,83.3333
26,14,0.145787,0.034962,0.042784,7.6087,92.3913
26,15,0.136623,0.0389101,0.1528,34.2466,65.7534
26,16,0.135374,0.0343325,0.207808,32.381,67.619
26,17,0.115404,0.0324562,0.317824,70.2703,29.7297
26,18,0.134617,0.032948,0.262816,56.5789,43.4211
26,19,0.12025,0.0295257,0.256704,46.6667,53.3333
26,20,0.0974182,0.0266191,0.323936,67.0886,32.9114
26,21,0.135507,0.0320168,0.3056,43.1034,56.8966
26,22,0.128025,0.0333389,0.079456,16.25,83.75
26,23,0.140906,0.0357313,0.116128,32.2034,67.7966
26,24,0.127878,0.0295879,0.385056,68.4783,31.5217
26,25,0.123905,0.0313758,0.21392,46.0526,53.9474
26,26,0.124597,0.0340532,0.372832,54.955,45.045
26,27,0.126496,0.0338405,0.238368,39.7959,60.2041
26,28,0.144281,0.0286177,0.171136,31.1111,68.8889
26,29,0.137077,0.0386812,0.03056,6.32911,93.6709
26,30,0.120107,0.0345813,0.140576,27.0588,72.9412
26,31,0.14313,0.0321696,0.207808,43.5897,56.4103
26,32,0.142584,0.0332484,0.238368,57.3529,42.6471
26,33,0.147903,0.0342574,0.146688,25.8065,74.1935
26,34,0.138071,0.0321867,0.317824,48.5981,51.4019
26,35,0.129267,0.0348613,0.268928,43.5644,56.4356
26,36,0.141964,0.0369614,0.097792,15.6863,84.3137
26,37,0.144189,0.03459,0.1528,32.0513,67.9487
26,38,0.150178,0.0437239,0.067232,15.493,84.507
26,39,0.127887,0.0332929,0.12224,27.7778,72.2222
26,40,0.129855,0.0326531,0.250592,46.5909,53.4091
26,41,0.150173,0.0320336,0.018336,4.54545,95.4545
26,42,0.144602,0.0352138,0.232256,38,62
26,43,0.1172,0.0315384,0.27504,62.5,37.5
26,44,0.14455,0.0330481,0.09168,20.8333,79.1667
26,45,0.142728,0.0382123,0.012224,1.72414,98.2759
26,46,0.144925,0.0355421,0.158912,27.3684,72.6316
26,47,0.135706,0.0333444,0.085568,22.2222,77.7778
26,48,0.126916,0.0334909,0.232256,43.1818,56.8182
26,49,0.148573,0.0318253,0.171136,33.3333,66.6667
28,0,0.141487,0.0380608,0.195584,47.0588,52.9412
28,1,0.144348,0.0321899,0.097792,17.7778,82.2222
28,2,0.144583,0.0406453,0.09168,22.3881,77.6119
28,3,0.140921,0.0324357,0.201696,38.8235,61.1765
28,4,0.137748,0.0366305,0.195584,51.6129,48.3871
28,5,0.130243,0.0313559,0.27504,51.1364,48.8636
28,6,0.100643,0.0244366,0.21392,40.6977,59.3023
28,7,0.137259,0.0325183,0.262816,69.3548,30.6452
28,8,0.129787,0.0321046,0.3056,54.3478,45.6522
28,9,0.133823,0.03183,0.299488,50,50
28,10,0.148131,0.0319826,0.006112,1.5625,98.4375
28,11,0.142301,0.0368191,0.079456,13.4021,86.5979
28,12,0.132893,0.0330015,0.256704,57.5342,42.4658
28,13,0.130429,0.0317068,0.067232,13.0952,86.9048
28,14,0.144126,0.0362903,0.042784,12.963,87.037
28,15,0.135535,0.0386331,0.1528,27.1739,72.8261
28,16,0.138027,0.0350156,0.12224,21.978,78.022
28,17,0.117637,0.0324482,0.281152,49.4624,50.5376
28,18,0.13516,0.0330957,0.134464,27.8481,72.1519
28,19,0.12122,0.029904,0.238368,45.8824,54.1176
28,20,0.0999871,0.0265849,0.299488,56.9767,43.0233
28,21,0.134061,0.0328627,0.201696,33,67
28,22,0.129344,0.0333454,0.134464,25.5814,74.4186
28,23,0.140054,0.0358617,0.18336,38.961,61.039
28,24,0.129109,0.0295743,0.268928,55,45
28,25,0.126131,0.0313773,0.177248,39.1892,60.8108
28,26,0.125672,0.0337201,0.317824,58.427,41.573
28,27,0.127406,0.0339576,0.09168,17.8571,82.1429
28,28,0.139615,0.0304615,0.21392,47.9452,52.0548
28,29,0.135501,0.0361714,0.079456,22.0339,77.9661
28,30,0.120887,0.0345099,0.116128,24.0506,75.9494
28,31,0.143223,0.0324217,0.18336,33.7079,66.2921
28,32,0.143219,0.0332631,0.323936,53,47
28,33,0.147241,0.0337785,0.232256,52.0548,47.9452
28,34,0.139973,0.0313259,0.33616,62.5,37.5
28,35,0.129948,0.0354228,0.220032,36.7347,63.2653
28,36,0.144858,0.035818,0.048896,8.42105,91.5789
28,37,0.143211,0.0347667,0.140576,26.4368,73.5632
28,38,0.148723,0.0438594,0.042784,10.7692,89.2308
28,39,0.128805,0.0332689,0.311712,56.044,43.956
28,40,0.126728,0.0324966,0.287264,54.6512,45.3488
28,41,0.152171,0.0316757,0.073344,13.7931,86.2069
28,42,0.14593,0.0354216,0.128352,21.875,78.125
28,43,0.117468,0.0317853,0.27504,50,50
28,44,0.14473,0.033028,0.073344,19.6721,80.3279
28,45,0.142728,0.0382123,0,0,100
28,46,0.146988,0.0346195,0.287264,55.9524,44.0476
28,47,0.135475,0.0343615,0.09168,17.8571,82.1429
28,48,0.124824,0.0353678,0.226144,40.6593,59.3407
28,49,0.150222,0.0318056,0.048896,8.51064,91.4894
30,0,0.142218,0.0384489,0.140576,21.6981,78.3019
30,1,0.142718,0.0323076,0.12224,27.027,72.973
30,2,0.144397,0.0397906,0.079456,17.1053,82.8947
30,3,0.137469,0.0326561,0.256704,77.7778,22.2222
30,4,0.136078,0.0356509,0.311712,55.4348,44.5652
30,5,0.132017,0.0315978,0.207808,39.0805,60.9195
30,6,0.102551,0.0246483,0.354496,59.7938,40.2062
30,7,0.136364,0.0330613,0.27504,51.7241,48.2759
30,8,0.127143,0.0320543,0.268928,69.8413,30.1587
30,9,0.134275,0.0328544,0.171136,25.4545,74.5455
30,10,0.148122,0.0320273,0.006112,1.40845,98.5915
30,11,0.142025,0.0359121,0.201696,32.6733,67.3267
30,12,0.134302,0.0324407,0.281152,56.7901,43.2099
30,13,0.131076,0.0325912,0.110016,28.5714,71.4286
30,14,0.143853,0.0359965,0.012224,3.1746,96.8254
30,15,0.13686,0.0373797,0.128352,25.3012,74.6988
30,16,0.133584,0.0354564,0.238368,54.9296,45.0704
30,17,0.117441,0.0323401,0.293376,61.5385,38.4615
30,18,0.134144,0.0337566,0.220032,55.3846,44.6154
30,19,0.122615,0.0296052,0.354496,65.1685,34.8315
30,20,0.102149,0.0264334,0.421728,68.3168,31.6832
30,21,0.1318,0.0330627,0.189472,39.2405,60.7595
30,22,0.128287,0.0338882,0.09168,26.3158,73.6842
30,23,0.139893,0.0358834,0.256704,47.7273,52.2727
30,24,0.13013,0.0300408,0.24448,40,60
30,25,0.12619,0.0316589,0.189472,41.3333,58.6667
30,26,0.126924,0.0330966,0.281152,51.6854,48.3146
30,27,0.127934,0.0344094,0.171136,35,65
30,28,0.14391,0.0291368,0.21392,52.2388,47.7612
30,29,0.135007,0.0360091,0.024448,4.54545,95.4545
30,30,0.121926,0.0347248,0.048896,9.09091,90.9091
30,31,0.141889,0.0329299,0.24448,54.0541,45.9459
30,32,0.142338,0.0327861,0.256704,50,50
30,33,0.145114,0.0345899,0.201696,48.5294,51.4706
30,34,0.138851,0.0319489,0.195584,65.3061,34.6939
30,35,0.130377,0.0348653,0.128352,36.8421,63.1579
30,36,0.139921,0.0381236,0.048896,10.8108,89.1892
30,37,0.145464,0.0337223,0.177248,31.1828,68.8172
30,38,0.14603,0.041302,0.21392,50.7246,49.2754
30,39,0.123521,0.0326581,0.27504,67.1642,32.8358
30,40,0.126842,0.0323894,0.262816,50,50
30,41,0.152386,0.0313096,0.055008,8.73786,91.2621
30,42,0.146691,0.0350432,0.073344,17.9104,82.0896
30,43,0.117409,0.0323695,0.238368,52,48
30,44,0.144245,0.0338256,0.085568,17.284,82.716
30,45,0.142789,0.038481,0.055008,8.49057,91.5094
30,46,0.144812,0.0342001,0.207808,45.3333,54.6667
30,47,0.135653,0.0349302,0.177248,33.7209,66.2791
30,48,0.125772,0.035877,0.055008,13.0435,86.9565
30,49,0.150264,0.0325095,0.042784,9.33333,90.6667
32,0,0.142325,0.0373977,0.195584,42.6667,57.3333
32,1,0.141529,0.0325371,0.189472,38.2716,61.7284
32,2,0.143626,0.0380972,0.24448,50,50
32,3,0.137872,0.0328875,0.189472,32.9787,67.0213
32,4,0.136607,0.0352606,0.232256,42.2222,57.7778
32,5,0.133769,0.0317097,0.226144,39.3617,60.6383
32,6,0.103111,0.0247411,0.3056,53.1915,46.8085
32,7,0.136708,0.0327292,0.3056,58.1395,41.8605
32,8,0.128183,0.0321146,0.110016,25.3521,74.6479
32,9,0.135678,0.0325402,0.293376,56.4706,43.5294
32,10,0.148165,0.0320143,0.024448,7.14286,92.8571
32,11,0.142559,0.0358174,0.1528,33.7838,66.2162
32,12,0.133885,0.0326688,0.226144,36.2745,63.7255
32,13,0.134217,0.0321362,0.18336,34.0909,65.9091
32,14,0.144798,0.035636,0.06112,15.1515,84.8485
32,15,0.135525,0.0373849,0.158912,27.6596,72.3404
32,16,0.133529,0.0358499,0.146688,33.3333,66.6667
32,17,0.117388,0.0324441,0.268928,67.6923,32.3077
32,18,0.132065,0.03409,0.256704,46.6667,53.3333
32,19,0.123737,0.0296558,0.226144,46.8354,53.1646
32,20,0.103463,0.026838,0.36672,67.4157,32.5843
32,21,0.132125,0.0338085,0.177248,34.9398,65.0602
32,22,0.128605,0.0342279,0.06112,13.5135,86.4865
32,23,0.139452,0.0352249,0.232256,40.4255,59.5745
32,24,0.128549,0.0298427,0.354496,50,50
32,25,0.126463,0.0318895,0.268928,53.6585,46.3415
32,26,0.126149,0.0328947,0.207808,40.4762,59.5238
32,27,0.128705,0.0341436,0.165024,37.5,62.5
32,28,0.141805,0.0287606,0.189472,31.3131,68.6869
32,29,0.134793,0.0357379,0.018336,3.44828,96.5517
32,30,0.122902,0.0344845,0.03056,5.43478,94.5652
32,31,0.138867,0.0336224,0.293376,52.1739,47.8261
32,32,0.141126,0.0327875,0.3056,54.3478,45.6522
32,33,0.144703,0.0350937,0.146688,31.5789,68.4211
32,34,0.138863,0.0319882,0.293376,48,52
32,35,0.131655,0.0349354,0.12224,25.3165,74.6835
32,36,0.146229,0.036212,0.067232,14.4737,85.5263
32,37,0.144752,0.0331002,0.134464,25.5814,74.4186
32,38,0.14513,0.0420892,0.158912,29.2135,70.7865
32,39,0.12461,0.0325475,0.171136,29.4737,70.5263
32,40,0.127054,0.0321408,0.195584,46.3768,53.6232
32,41,0.152386,0.0313096,0,0,100
32,42,0.14419,0.0350463,0.03056,6.09756,93.9024
32,43,0.119872,0.032091,0.317824,55.914,44.086
32,44,0.144497,0.0345512,0.067232,10.7843,89.2157
32,45,0.143066,0.0389108,0.012224,2.43902,97.561
32,46,0.143854,0.0341919,0.201696,37.5,62.5
32,47,0.136096,0.0344177,0.177248,35.8025,64.1975
32,48,0.127793,0.0365084,0.158912,35.1351,64.8649
32,49,0.150264,0.0325095,0,0,100
