Time,CellId,ServiceDlSnrDb,ServiceUlSnrDb,FeederDlSnrDb,FeederUlSnrDb,BackhaulDlSnrDb,BackhaulUlSnrDb,BackhaulHealthy
0.100000,5,11.155120,6.634520,16.041735,24.521135,11.155120,6.634520,1
0.100000,6,14.474324,9.953724,16.041735,24.521135,14.474324,9.953724,1
0.100000,7,14.042013,9.521413,16.041735,24.521135,14.042013,9.521413,1
0.600000,5,15.475944,10.955344,15.738808,24.218208,15.475944,10.955344,1
0.600000,6,12.237164,7.716564,15.738808,24.218208,12.237164,7.716564,1
0.600000,7,11.284557,6.763957,15.738808,24.218208,11.284557,6.763957,1
1.100000,5,11.592810,7.072210,19.147334,27.626734,11.592810,7.072210,1
1.100000,6,8.992450,4.471850,19.147334,27.626734,8.992450,4.471850,1
1.100000,7,11.798997,7.278397,19.147334,27.626734,11.798997,7.278397,1
1.600000,5,14.091605,9.571005,19.324061,27.803461,14.091605,9.571005,1
1.600000,6,10.452466,5.931866,19.324061,27.803461,10.452466,5.931866,1
1.600000,7,12.687515,8.166915,19.324061,27.803461,12.687515,8.166915,1
2.100000,5,14.252699,9.732099,19.160742,27.640142,14.252699,9.732099,1
2.100000,6,12.569383,8.048783,19.160742,27.640142,12.569383,8.048783,1
2.100000,7,12.204197,7.683597,19.160742,27.640142,12.204197,7.683597,1
2.600000,5,13.081819,8.561219,19.898065,28.377465,13.081819,8.561219,1
2.600000,6,13.514849,8.994250,19.898065,28.377465,13.514849,8.994250,1
2.600000,7,16.220718,11.700118,19.898065,28.377465,16.220718,11.700118,1
3.100000,5,13.831393,9.310793,18.078783,26.558183,13.831393,9.310793,1
3.100000,6,12.084360,7.563760,18.078783,26.558183,12.084360,7.563760,1
3.100000,7,13.569499,9.048899,18.078783,26.558183,13.569499,9.048899,1
3.600000,5,8.571086,4.050487,16.230801,24.710201,8.571086,4.050487,1
3.600000,6,10.905080,6.384480,16.230801,24.710201,10.905080,6.384480,1
3.600000,7,11.001923,6.481323,16.230801,24.710201,11.001923,6.481323,1
4.100000,5,11.123880,6.603280,16.602455,25.081855,11.123880,6.603280,1
4.100000,6,13.295463,8.774863,16.602455,25.081855,13.295463,8.774863,1
4.100000,7,9.353371,4.832771,16.602455,25.081855,9.353371,4.832771,1
4.600000,5,12.301324,7.780724,16.461918,24.941318,12.301324,7.780724,1
4.600000,6,13.700993,9.180393,16.461918,24.941318,13.700993,9.180393,1
4.600000,7,10.371178,5.850578,16.461918,24.941318,10.371178,5.850578,1
5.100000,5,9.854645,5.334045,18.459239,26.938639,9.854645,5.334045,1
5.100000,6,14.980485,10.459885,18.459239,26.938639,14.980485,10.459885,1
5.100000,7,13.262014,8.741414,18.459239,26.938639,13.262014,8.741414,1
5.600000,5,11.048028,6.527428,17.977102,26.456502,11.048028,6.527428,1
5.600000,6,13.296505,8.775905,17.977102,26.456502,13.296505,8.775905,1
5.600000,7,12.549486,8.028886,17.977102,26.456502,12.549486,8.028886,1
6.100000,5,12.060098,7.539498,16.480030,24.959430,12.060098,7.539498,1
6.100000,6,10.801761,6.281161,16.480030,24.959430,10.801761,6.281161,1
6.100000,7,12.378760,7.858160,16.480030,24.959430,12.378760,7.858160,1
6.600000,5,13.255834,8.735234,19.990484,28.469884,13.255834,8.735234,1
6.600000,6,13.255617,8.735017,19.990484,28.469884,13.255617,8.735017,1
6.600000,7,12.074678,7.554078,19.990484,28.469884,12.074678,7.554078,1
7.100000,5,15.381186,10.860586,19.348090,27.827491,15.381186,10.860586,1
7.100000,6,11.764622,7.244022,19.348090,27.827491,11.764622,7.244022,1
7.100000,7,11.912069,7.391469,19.348090,27.827491,11.912069,7.391469,1
7.600000,5,13.769562,9.248963,18.276801,26.756201,13.769562,9.248963,1
7.600000,6,13.865193,9.344593,18.276801,26.756201,13.865193,9.344593,1
7.600000,7,9.246931,4.726331,18.276801,26.756201,9.246931,4.726331,1
8.100000,5,12.207500,7.686900,19.086305,27.565705,12.207500,7.686900,1
8.100000,6,12.492335,7.971735,19.086305,27.565705,12.492335,7.971735,1
8.100000,7,11.462929,6.942329,19.086305,27.565705,11.462929,6.942329,1
8.600000,5,14.602901,10.082301,18.062482,26.541882,14.602901,10.082301,1
8.600000,6,12.876132,8.355532,18.062482,26.541882,12.876132,8.355532,1
8.600000,7,10.767509,6.246909,18.062482,26.541882,10.767509,6.246909,1
9.100000,5,7.404150,2.883550,15.826750,24.306150,7.404150,2.883550,1
9.100000,6,10.319152,5.798552,15.826750,24.306150,10.319152,5.798552,1
9.100000,7,11.599637,7.079037,15.826750,24.306150,11.599637,7.079037,1
9.600000,5,12.823275,8.302675,15.103779,23.583179,12.823275,8.302675,1
9.600000,6,13.794524,9.273924,15.103779,23.583179,13.794524,9.273924,1
9.600000,7,8.238558,3.717959,15.103779,23.583179,8.238558,3.717959,1
10.100000,5,12.566739,8.046139,21.987823,30.467223,12.566739,8.046139,1
10.100000,6,12.594901,8.074301,21.987823,30.467223,12.594901,8.074301,1
10.100000,7,10.799472,6.278872,21.987823,30.467223,10.799472,6.278872,1
10.600000,5,12.068241,7.547641,19.318181,27.797581,12.068241,7.547641,1
10.600000,6,13.423830,8.903230,19.318181,27.797581,13.423830,8.903230,1
10.600000,7,13.211179,8.690579,19.318181,27.797581,13.211179,8.690579,1
11.100000,5,12.826763,8.306164,15.461025,23.940425,12.826763,8.306164,1
11.100000,6,15.644149,11.123549,15.461025,23.940425,15.461025,11.123549,1
11.100000,7,11.201841,6.681241,15.461025,23.940425,11.201841,6.681241,1
11.600000,5,12.873909,8.353309,18.158009,26.637409,12.873909,8.353309,1
11.600000,6,10.038502,5.517902,18.158009,26.637409,10.038502,5.517902,1
11.600000,7,12.451923,7.931323,18.158009,26.637409,12.451923,7.931323,1
12.100000,5,13.900648,9.380048,19.440943,27.920343,13.900648,9.380048,1
12.100000,6,13.591737,9.071137,19.440943,27.920343,13.591737,9.071137,1
12.100000,7,14.281326,9.760726,19.440943,27.920343,14.281326,9.760726,1
12.600000,5,15.124683,10.604083,20.712090,29.191490,15.124683,10.604083,1
12.600000,6,10.641875,6.121275,20.712090,29.191490,10.641875,6.121275,1
12.600000,7,8.458751,3.938151,20.712090,29.191490,8.458751,3.938151,1
13.100000,5,14.278536,9.757936,19.306449,27.785850,14.278536,9.757936,1
13.100000,6,11.798034,7.277434,19.306449,27.785850,11.798034,7.277434,1
13.100000,7,12.948835,8.428235,19.306449,27.785850,12.948835,8.428235,1
13.600000,5,12.367649,7.847049,19.218402,27.697802,12.367649,7.847049,1
13.600000,6,12.390347,7.869747,19.218402,27.697802,12.390347,7.869747,1
13.600000,7,10.782374,6.261774,19.218402,27.697802,10.782374,6.261774,1
14.100000,5,8.366991,3.846391,17.760931,26.240331,8.366991,3.846391,1
14.100000,6,13.812119,9.291519,17.760931,26.240331,13.812119,9.291519,1
14.100000,7,10.956256,6.435656,17.760931,26.240331,10.956256,6.435656,1
14.600000,5,13.267872,8.747272,19.606765,28.086165,13.267872,8.747272,1
14.600000,6,13.773007,9.252407,19.606765,28.086165,13.773007,9.252407,1
14.600000,7,8.762711,4.242111,19.606765,28.086165,8.762711,4.242111,1
15.100000,5,12.947105,8.426505,15.283591,23.762992,12.947105,8.426505,1
15.100000,6,11.357079,6.836479,15.283591,23.762992,11.357079,6.836479,1
15.100000,7,14.984023,10.463423,15.283591,23.762992,14.984023,10.463423,1
15.600000,5,10.439642,5.919042,19.554125,28.033525,10.439642,5.919042,1
15.600000,6,13.648192,9.127592,19.554125,28.033525,13.648192,9.127592,1
15.600000,7,14.547523,10.026924,19.554125,28.033525,14.547523,10.026924,1
16.100000,5,11.276456,6.755856,18.542297,27.021697,11.276456,6.755856,1
16.100000,6,14.369871,9.849271,18.542297,27.021697,14.369871,9.849271,1
16.100000,7,12.839913,8.319314,18.542297,27.021697,12.839913,8.319314,1
16.600000,5,13.356773,8.836173,17.021863,25.501263,13.356773,8.836173,1
16.600000,6,15.624886,11.104286,17.021863,25.501263,15.624886,11.104286,1
16.600000,7,13.238552,8.717952,17.021863,25.501263,13.238552,8.717952,1
17.100000,5,11.447244,6.926644,19.442360,27.921760,11.447244,6.926644,1
17.100000,6,12.582373,8.061773,19.442360,27.921760,12.582373,8.061773,1
17.100000,7,7.865164,3.344564,19.442360,27.921760,7.865164,3.344564,1
17.600000,5,12.637240,8.116640,19.721343,28.200744,12.637240,8.116640,1
17.600000,6,8.819002,4.298402,19.721343,28.200744,8.819002,4.298402,1
17.600000,7,12.819580,8.298980,19.721343,28.200744,12.819580,8.298980,1
18.100000,5,14.081811,9.561211,15.261131,23.740532,14.081811,9.561211,1
18.100000,6,11.220616,6.700016,15.261131,23.740532,11.220616,6.700016,1
18.100000,7,10.387241,5.866641,15.261131,23.740532,10.387241,5.866641,1
18.600000,5,11.089292,6.568692,19.584074,28.063474,11.089292,6.568692,1
18.600000,6,13.658794,9.138194,19.584074,28.063474,13.658794,9.138194,1
18.600000,7,12.450742,7.930142,19.584074,28.063474,12.450742,7.930142,1
19.100000,5,14.394971,9.874371,13.917608,22.397008,13.917608,9.874371,1
19.100000,6,11.124031,6.603431,13.917608,22.397008,11.124031,6.603431,1
19.100000,7,13.416967,8.896367,13.917608,22.397008,13.416967,8.896367,1
19.600000,5,11.769437,7.248838,19.527880,28.007280,11.769437,7.248838,1
19.600000,6,14.103832,9.583233,19.527880,28.007280,14.103832,9.583233,1
19.600000,7,13.020658,8.500058,19.527880,28.007280,13.020658,8.500058,1
20.100000,5,15.748070,11.227470,18.927491,27.406891,15.748070,11.227470,1
20.100000,6,12.825948,8.305349,18.927491,27.406891,12.825948,8.305349,1
20.100000,7,10.978950,6.458350,18.927491,27.406891,10.978950,6.458350,1
20.600000,5,12.342650,7.822050,20.020909,28.500309,12.342650,7.822050,1
20.600000,6,12.095891,7.575291,20.020909,28.500309,12.095891,7.575291,1
20.600000,7,11.567315,7.046715,20.020909,28.500309,11.567315,7.046715,1
21.100000,5,7.961380,3.440780,19.825431,28.304831,7.961380,3.440780,1
21.100000,6,15.677445,11.156845,19.825431,28.304831,15.677445,11.156845,1
21.100000,7,11.356399,6.835799,19.825431,28.304831,11.356399,6.835799,1
21.600000,5,6.718035,2.197435,20.524815,29.004215,6.718035,2.197435,1
21.600000,6,10.333702,5.813102,20.524815,29.004215,10.333702,5.813102,1
21.600000,7,14.147953,9.627353,20.524815,29.004215,14.147953,9.627353,1
22.100000,5,15.323272,10.802673,16.678675,25.158075,15.323272,10.802673,1
22.100000,6,10.013505,5.492905,16.678675,25.158075,10.013505,5.492905,1
22.100000,7,9.121356,4.600756,16.678675,25.158075,9.121356,4.600756,1
22.600000,5,15.035018,10.514418,18.282592,26.761992,15.035018,10.514418,1
22.600000,6,11.675608,7.155008,18.282592,26.761992,11.675608,7.155008,1
22.600000,7,10.334894,5.814294,18.282592,26.761992,10.334894,5.814294,1
23.100000,5,10.144821,5.624221,18.185905,26.665305,10.144821,5.624221,1
23.100000,6,14.651301,10.130701,18.185905,26.665305,14.651301,10.130701,1
23.100000,7,11.290208,6.769608,18.185905,26.665305,11.290208,6.769608,1
23.600000,5,14.966756,10.446156,19.311458,27.790858,14.966756,10.446156,1
23.600000,6,11.084684,6.564084,19.311458,27.790858,11.084684,6.564084,1
23.600000,7,13.478603,8.958003,19.311458,27.790858,13.478603,8.958003,1
24.100000,5,11.481552,6.960953,17.907749,26.387149,11.481552,6.960953,1
24.100000,6,13.893441,9.372841,17.907749,26.387149,13.893441,9.372841,1
24.100000,7,11.733720,7.213120,17.907749,26.387149,11.733720,7.213120,1
24.600000,5,11.998002,7.477402,16.372404,24.851804,11.998002,7.477402,1
24.600000,6,11.309544,6.788944,16.372404,24.851804,11.309544,6.788944,1
24.600000,7,11.049096,6.528496,16.372404,24.851804,11.049096,6.528496,1
25.100000,5,11.305975,6.785375,15.302722,23.782122,11.305975,6.785375,1
25.100000,6,10.153059,5.632459,15.302722,23.782122,10.153059,5.632459,1
25.100000,7,13.349713,8.829113,15.302722,23.782122,13.349713,8.829113,1
25.600000,5,10.760894,6.240294,16.177584,24.656985,10.760894,6.240294,1
25.600000,6,15.521546,11.000946,16.177584,24.656985,15.521546,11.000946,1
25.600000,7,10.203317,5.682717,16.177584,24.656985,10.203317,5.682717,1
26.100000,5,13.689678,9.169078,18.877521,27.356921,13.689678,9.169078,1
26.100000,6,11.235812,6.715212,18.877521,27.356921,11.235812,6.715212,1
26.100000,7,14.590813,10.070213,18.877521,27.356921,14.590813,10.070213,1
26.600000,5,13.167717,8.647117,16.541745,25.021145,13.167717,8.647117,1
26.600000,6,9.412171,4.891571,16.541745,25.021145,9.412171,4.891571,1
26.600000,7,10.597804,6.077204,16.541745,25.021145,10.597804,6.077204,1
27.100000,5,8.957267,4.436667,19.257793,27.737193,8.957267,4.436667,1
27.100000,6,14.971141,10.450541,19.257793,27.737193,14.971141,10.450541,1
27.100000,7,9.639270,5.118670,19.257793,27.737193,9.639270,5.118670,1
27.600000,5,14.516647,9.996047,20.273851,28.753251,14.516647,9.996047,1
27.600000,6,12.494079,7.973479,20.273851,28.753251,12.494079,7.973479,1
27.600000,7,10.772020,6.251420,20.273851,28.753251,10.772020,6.251420,1
28.100000,5,10.973268,6.452668,17.859471,26.338871,10.973268,6.452668,1
28.100000,6,12.446696,7.926096,17.859471,26.338871,12.446696,7.926096,1
28.100000,7,10.884332,6.363733,17.859471,26.338871,10.884332,6.363733,1
28.600000,5,13.094297,8.573697,18.483662,26.963062,13.094297,8.573697,1
28.600000,6,12.272633,7.752033,18.483662,26.963062,12.272633,7.752033,1
28.600000,7,10.618574,6.097974,18.483662,26.963062,10.618574,6.097974,1
29.100000,5,12.423977,7.903377,18.259509,26.738909,12.423977,7.903377,1
29.100000,6,15.018238,10.497638,18.259509,26.738909,15.018238,10.497638,1
29.100000,7,4.575701,0.055101,18.259509,26.738909,4.575701,0.055101,1
29.600000,5,11.731514,7.210914,20.455864,28.935264,11.731514,7.210914,1
29.600000,6,14.602429,10.081829,20.455864,28.935264,14.602429,10.081829,1
29.600000,7,11.906015,7.385415,20.455864,28.935264,11.906015,7.385415,1
30.100000,5,14.666641,10.146041,15.032270,23.511670,14.666641,10.146041,1
30.100000,6,10.400515,5.879915,15.032270,23.511670,10.400515,5.879915,1
30.100000,7,11.147930,6.627331,15.032270,23.511670,11.147930,6.627331,1
30.600000,5,14.057592,9.536992,18.037637,26.517037,14.057592,9.536992,1
30.600000,6,12.310319,7.789719,18.037637,26.517037,12.310319,7.789719,1
30.600000,7,10.563610,6.043010,18.037637,26.517037,10.563610,6.043010,1
31.100000,5,12.255627,7.735028,17.625290,26.104690,12.255627,7.735028,1
31.100000,6,14.728728,10.208128,17.625290,26.104690,14.728728,10.208128,1
31.100000,7,12.415590,7.894990,17.625290,26.104690,12.415590,7.894990,1
31.600000,5,11.302438,6.781839,19.521611,28.001011,11.302438,6.781839,1
31.600000,6,10.281166,5.760566,19.521611,28.001011,10.281166,5.760566,1
31.600000,7,11.252528,6.731928,19.521611,28.001011,11.252528,6.731928,1
32.100000,5,13.053605,8.533005,21.313333,29.792733,13.053605,8.533005,1
32.100000,6,12.398791,7.878191,21.313333,29.792733,12.398791,7.878191,1
32.100000,7,12.066934,7.546334,21.313333,29.792733,12.066934,7.546334,1
32.600000,5,12.304951,7.784351,18.966510,27.445910,12.304951,7.784351,1
32.600000,6,11.676589,7.155989,18.966510,27.445910,11.676589,7.155989,1
32.600000,7,9.353531,4.832931,18.966510,27.445910,9.353531,4.832931,1
33.100000,5,15.697529,11.176929,20.667706,29.147106,15.697529,11.176929,1
33.100000,6,9.821262,5.300662,20.667706,29.147106,9.821262,5.300662,1
33.100000,7,11.568763,7.048163,20.667706,29.147106,11.568763,7.048163,1
33.600000,5,12.646754,8.126154,19.700485,28.179885,12.646754,8.126154,1
33.600000,6,12.984361,8.463761,19.700485,28.179885,12.984361,8.463761,1
33.600000,7,11.057041,6.536441,19.700485,28.179885,11.057041,6.536441,1
34.100000,5,11.762926,7.242326,10.874807,19.354207,10.874807,7.242326,1
34.100000,6,14.943414,10.422814,10.874807,19.354207,10.874807,10.422814,1
34.100000,7,12.280798,7.760198,10.874807,19.354207,10.874807,7.760198,1
34.600000,5,12.142955,7.622355,20.068621,28.548021,12.142955,7.622355,1
34.600000,6,13.583261,9.062661,20.068621,28.548021,13.583261,9.062661,1
34.600000,7,10.591102,6.070502,20.068621,28.548021,10.591102,6.070502,1
35.100000,5,11.571790,7.051190,20.399321,28.878721,11.571790,7.051190,1
35.100000,6,12.926467,8.405867,20.399321,28.878721,12.926467,8.405867,1
35.100000,7,11.737867,7.217267,20.399321,28.878721,11.737867,7.217267,1
35.600000,5,14.234678,9.714078,15.014191,23.493591,14.234678,9.714078,1
35.600000,6,14.558939,10.038339,15.014191,23.493591,14.558939,10.038339,1
35.600000,7,13.983352,9.462752,15.014191,23.493591,13.983352,9.462752,1
36.100000,5,11.930162,7.409563,16.971944,25.451344,11.930162,7.409563,1
36.100000,6,12.593260,8.072660,16.971944,25.451344,12.593260,8.072660,1
36.100000,7,13.234750,8.714150,16.971944,25.451344,13.234750,8.714150,1
36.600000,5,11.007570,6.486970,17.657719,26.137120,11.007570,6.486970,1
36.600000,6,11.092204,6.571604,17.657719,26.137120,11.092204,6.571604,1
36.600000,7,14.815705,10.295105,17.657719,26.137120,14.815705,10.295105,1
37.100000,5,11.896906,7.376306,16.282094,24.761494,11.896906,7.376306,1
37.100000,6,11.735102,7.214502,16.282094,24.761494,11.735102,7.214502,1
37.100000,7,13.099581,8.578981,16.282094,24.761494,13.099581,8.578981,1
37.600000,5,12.892601,8.372001,17.983810,26.463210,12.892601,8.372001,1
37.600000,6,12.943204,8.422604,17.983810,26.463210,12.943204,8.422604,1
37.600000,7,13.200343,8.679743,17.983810,26.463210,13.200343,8.679743,1
38.100000,5,9.373988,4.853388,19.847769,28.327169,9.373988,4.853388,1
38.100000,6,12.578400,8.057800,19.847769,28.327169,12.578400,8.057800,1
38.100000,7,12.830745,8.310145,19.847769,28.327169,12.830745,8.310145,1
38.600000,5,14.288163,9.767563,15.613004,24.092404,14.288163,9.767563,1
38.600000,6,12.419859,7.899259,15.613004,24.092404,12.419859,7.899259,1
38.600000,7,12.515565,7.994965,15.613004,24.092404,12.515565,7.994965,1
39.100000,5,6.187563,1.666963,13.201188,21.680588,6.187563,1.666963,1
39.100000,6,13.416392,8.895792,13.201188,21.680588,13.201188,8.895792,1
39.100000,7,11.595882,7.075282,13.201188,21.680588,11.595882,7.075282,1
39.600000,5,13.089539,8.568939,16.686857,25.166257,13.089539,8.568939,1
39.600000,6,10.488886,5.968286,16.686857,25.166257,10.488886,5.968286,1
39.600000,7,13.952377,9.431777,16.686857,25.166257,13.952377,9.431777,1
40.100000,5,6.956229,2.435629,21.875199,30.354599,6.956229,2.435629,1
40.100000,6,10.365863,5.845263,21.875199,30.354599,10.365863,5.845263,1
40.100000,7,11.758625,7.238025,21.875199,30.354599,11.758625,7.238025,1
40.600000,5,11.851437,7.330837,15.603090,24.082490,11.851437,7.330837,1
40.600000,6,11.926111,7.405511,15.603090,24.082490,11.926111,7.405511,1
40.600000,7,13.383343,8.862743,15.603090,24.082490,13.383343,8.862743,1
41.100000,5,14.908284,10.387684,16.342530,24.821930,14.908284,10.387684,1
41.100000,6,11.318796,6.798196,16.342530,24.821930,11.318796,6.798196,1
41.100000,7,12.932605,8.412005,16.342530,24.821930,12.932605,8.412005,1
41.600000,5,12.032746,7.512146,18.133657,26.613057,12.032746,7.512146,1
41.600000,6,10.023304,5.502704,18.133657,26.613057,10.023304,5.502704,1
41.600000,7,11.919525,7.398925,18.133657,26.613057,11.919525,7.398925,1
42.100000,5,12.145435,7.624835,18.147801,26.627201,12.145435,7.624835,1
42.100000,6,16.246945,11.726345,18.147801,26.627201,16.246945,11.726345,1
42.100000,7,11.276675,6.756075,18.147801,26.627201,11.276675,6.756075,1
42.600000,5,12.747105,8.226505,16.905833,25.385233,12.747105,8.226505,1
42.600000,6,14.032622,9.512022,16.905833,25.385233,14.032622,9.512022,1
42.600000,7,13.826733,9.306133,16.905833,25.385233,13.826733,9.306133,1
43.100000,5,12.981417,8.460817,20.293478,28.772878,12.981417,8.460817,1
43.100000,6,13.077583,8.556983,20.293478,28.772878,13.077583,8.556983,1
43.100000,7,15.212712,10.692112,20.293478,28.772878,15.212712,10.692112,1
43.600000,5,11.106934,6.586334,20.361015,28.840415,11.106934,6.586334,1
43.600000,6,12.415670,7.895070,20.361015,28.840415,12.415670,7.895070,1
43.600000,7,11.751497,7.230897,20.361015,28.840415,11.751497,7.230897,1
44.100000,5,11.607381,7.086781,17.746192,26.225592,11.607381,7.086781,1
44.100000,6,14.027058,9.506458,17.746192,26.225592,14.027058,9.506458,1
44.100000,7,10.956578,6.435978,17.746192,26.225592,10.956578,6.435978,1
44.600000,5,11.998609,7.478009,19.081071,27.560472,11.998609,7.478009,1
44.600000,6,12.820772,8.300172,19.081071,27.560472,12.820772,8.300172,1
44.600000,7,10.833867,6.313267,19.081071,27.560472,10.833867,6.313267,1
45.100000,5,8.904551,4.383951,18.058631,26.538031,8.904551,4.383951,1
45.100000,6,14.148588,9.627988,18.058631,26.538031,14.148588,9.627988,1
45.100000,7,14.090446,9.569846,18.058631,26.538031,14.090446,9.569846,1
45.600000,5,12.202571,7.681971,16.581985,25.061385,12.202571,7.681971,1
45.600000,6,13.183284,8.662684,16.581985,25.061385,13.183284,8.662684,1
45.600000,7,7.244431,2.723831,16.581985,25.061385,7.244431,2.723831,1
46.100000,5,14.655004,10.134405,19.032190,27.511590,14.655004,10.134405,1
46.100000,6,12.844482,8.323882,19.032190,27.511590,12.844482,8.323882,1
46.100000,7,13.531651,9.011051,19.032190,27.511590,13.531651,9.011051,1
46.600000,5,8.994513,4.473913,19.374476,27.853876,8.994513,4.473913,1
46.600000,6,13.208705,8.688105,19.374476,27.853876,13.208705,8.688105,1
46.600000,7,12.710995,8.190395,19.374476,27.853876,12.710995,8.190395,1
47.100000,5,11.933282,7.412682,20.389351,28.868751,11.933282,7.412682,1
47.100000,6,13.017299,8.496699,20.389351,28.868751,13.017299,8.496699,1
47.100000,7,15.398072,10.877473,20.389351,28.868751,15.398072,10.877473,1
47.600000,5,9.519687,4.999087,19.597480,28.076880,9.519687,4.999087,1
47.600000,6,9.065319,4.544719,19.597480,28.076880,9.065319,4.544719,1
47.600000,7,11.399843,6.879243,19.597480,28.076880,11.399843,6.879243,1
48.100000,5,11.254495,6.733895,19.561321,28.040721,11.254495,6.733895,1
48.100000,6,13.045079,8.524479,19.561321,28.040721,13.045079,8.524479,1
48.100000,7,7.623369,3.102769,19.561321,28.040721,7.623369,3.102769,1
48.600000,5,14.298149,9.777549,17.116018,25.595418,14.298149,9.777549,1
48.600000,6,13.061171,8.540571,17.116018,25.595418,13.061171,8.540571,1
48.600000,7,12.478393,7.957793,17.116018,25.595418,12.478393,7.957793,1
49.100000,5,11.087231,6.566631,14.186400,22.665800,11.087231,6.566631,1
49.100000,6,11.968568,7.447969,14.186400,22.665800,11.968568,7.447969,1
49.100000,7,11.291359,6.770759,14.186400,22.665800,11.291359,6.770759,1
49.600000,5,10.844668,6.324068,18.710562,27.189962,10.844668,6.324068,1
49.600000,6,8.062860,3.542260,18.710562,27.189962,8.062860,3.542260,1
49.600000,7,11.179146,6.658546,18.710562,27.189962,11.179146,6.658546,1
50.100000,5,14.712638,10.192038,13.964622,22.444023,13.964622,10.192038,1
50.100000,6,11.440624,6.920024,13.964622,22.444023,11.440624,6.920024,1
50.100000,7,10.956641,6.436041,13.964622,22.444023,10.956641,6.436041,1
50.600000,5,12.063445,7.542846,14.563484,23.042884,12.063445,7.542846,1
50.600000,6,13.416231,8.895632,14.563484,23.042884,13.416231,8.895632,1
50.600000,7,13.103402,8.582802,14.563484,23.042884,13.103402,8.582802,1
51.100000,5,13.414845,8.894245,18.900091,27.379491,13.414845,8.894245,1
51.100000,6,7.572812,3.052212,18.900091,27.379491,7.572812,3.052212,1
51.100000,7,12.460816,7.940216,18.900091,27.379491,12.460816,7.940216,1
51.600000,5,10.201799,5.681199,18.203971,26.683371,10.201799,5.681199,1
51.600000,6,12.044432,7.523832,18.203971,26.683371,12.044432,7.523832,1
51.600000,7,12.132739,7.612139,18.203971,26.683371,12.132739,7.612139,1
52.100000,5,10.665675,6.145075,16.616790,25.096190,10.665675,6.145075,1
52.100000,6,13.583138,9.062538,16.616790,25.096190,13.583138,9.062538,1
52.100000,7,13.059453,8.538853,16.616790,25.096190,13.059453,8.538853,1
52.600000,5,11.245478,6.724878,17.458506,25.937907,11.245478,6.724878,1
52.600000,6,14.178923,9.658323,17.458506,25.937907,14.178923,9.658323,1
52.600000,7,13.738348,9.217748,17.458506,25.937907,13.738348,9.217748,1
53.100000,5,12.977043,8.456444,20.664856,29.144256,12.977043,8.456444,1
53.100000,6,14.344516,9.823916,20.664856,29.144256,14.344516,9.823916,1
53.100000,7,13.101969,8.581369,20.664856,29.144256,13.101969,8.581369,1
53.600000,5,13.117422,8.596822,15.847388,24.326788,13.117422,8.596822,1
53.600000,6,11.221422,6.700822,15.847388,24.326788,11.221422,6.700822,1
53.600000,7,13.702672,9.182072,15.847388,24.326788,13.702672,9.182072,1
54.100000,5,13.873631,9.353031,18.131504,26.610904,13.873631,9.353031,1
54.100000,6,12.573619,8.053019,18.131504,26.610904,12.573619,8.053019,1
54.100000,7,13.345113,8.824513,18.131504,26.610904,13.345113,8.824513,1
54.600000,5,11.212879,6.692280,19.955566,28.434966,11.212879,6.692280,1
54.600000,6,12.535016,8.014416,19.955566,28.434966,12.535016,8.014416,1
54.600000,7,12.616640,8.096040,19.955566,28.434966,12.616640,8.096040,1
55.100000,5,11.457894,6.937294,14.937871,23.417271,11.457894,6.937294,1
55.100000,6,12.687326,8.166726,14.937871,23.417271,12.687326,8.166726,1
55.100000,7,12.891490,8.370890,14.937871,23.417271,12.891490,8.370890,1
55.600000,5,14.202284,9.681684,18.244203,26.723603,14.202284,9.681684,1
55.600000,6,14.503230,9.982630,18.244203,26.723603,14.503230,9.982630,1
55.600000,7,12.186974,7.666374,18.244203,26.723603,12.186974,7.666374,1
56.100000,5,13.093333,8.572733,20.634556,29.113957,13.093333,8.572733,1
56.100000,6,13.494119,8.973519,20.634556,29.113957,13.494119,8.973519,1
56.100000,7,8.700913,4.180313,20.634556,29.113957,8.700913,4.180313,1
56.600000,5,10.445500,5.924900,18.704247,27.183647,10.445500,5.924900,1
56.600000,6,10.559789,6.039190,18.704247,27.183647,10.559789,6.039190,1
56.600000,7,12.738725,8.218125,18.704247,27.183647,12.738725,8.218125,1
57.100000,5,12.598357,8.077757,20.352366,28.831766,12.598357,8.077757,1
57.100000,6,11.875836,7.355236,20.352366,28.831766,11.875836,7.355236,1
57.100000,7,8.948051,4.427451,20.352366,28.831766,8.948051,4.427451,1
57.600000,5,11.691059,7.170459,19.527867,28.007267,11.691059,7.170459,1
57.600000,6,12.713724,8.193124,19.527867,28.007267,12.713724,8.193124,1
57.600000,7,11.176090,6.655490,19.527867,28.007267,11.176090,6.655490,1
58.100000,5,13.786972,9.266372,19.345580,27.824980,13.786972,9.266372,1
58.100000,6,9.314475,4.793875,19.345580,27.824980,9.314475,4.793875,1
58.100000,7,10.831011,6.310411,19.345580,27.824980,10.831011,6.310411,1
58.600000,5,12.979490,8.458890,14.746853,23.226253,12.979490,8.458890,1
58.600000,6,14.954409,10.433810,14.746853,23.226253,14.746853,10.433810,1
58.600000,7,9.751597,5.230997,14.746853,23.226253,9.751597,5.230997,1
59.100000,5,14.383727,9.863127,18.193665,26.673065,14.383727,9.863127,1
59.100000,6,10.510296,5.989696,18.193665,26.673065,10.510296,5.989696,1
59.100000,7,12.992366,8.471766,18.193665,26.673065,12.992366,8.471766,1
59.600000,5,14.232773,9.712173,18.569319,27.048719,14.232773,9.712173,1
59.600000,6,13.378404,8.857804,18.569319,27.048719,13.378404,8.857804,1
59.600000,7,11.692198,7.171598,18.569319,27.048719,11.692198,7.171598,1
60.100000,5,10.295888,5.775288,19.504208,27.983608,10.295888,5.775288,1
60.100000,6,14.908258,10.387658,19.504208,27.983608,14.908258,10.387658,1
60.100000,7,12.456613,7.936013,19.504208,27.983608,12.456613,7.936013,1
60.600000,5,12.233239,7.712639,20.241594,28.720994,12.233239,7.712639,1
60.600000,6,12.859096,8.338496,20.241594,28.720994,12.859096,8.338496,1
60.600000,7,13.272189,8.751589,20.241594,28.720994,13.272189,8.751589,1
61.100000,5,13.076259,8.555659,17.671140,26.150540,13.076259,8.555659,1
61.100000,6,11.649074,7.128474,17.671140,26.150540,11.649074,7.128474,1
61.100000,7,13.045666,8.525066,17.671140,26.150540,13.045666,8.525066,1
61.600000,5,11.789949,7.269349,20.481277,28.960677,11.789949,7.269349,1
61.600000,6,11.959290,7.438691,20.481277,28.960677,11.959290,7.438691,1
61.600000,7,14.603910,10.083310,20.481277,28.960677,14.603910,10.083310,1
62.100000,5,13.849170,9.328570,18.366202,26.845602,13.849170,9.328570,1
62.100000,6,13.823829,9.303229,18.366202,26.845602,13.823829,9.303229,1
62.100000,7,13.304949,8.784349,18.366202,26.845602,13.304949,8.784349,1
62.600000,5,10.766478,6.245878,18.683181,27.162581,10.766478,6.245878,1
62.600000,6,11.599525,7.078925,18.683181,27.162581,11.599525,7.078925,1
62.600000,7,9.551989,5.031389,18.683181,27.162581,9.551989,5.031389,1
63.100000,5,12.783855,8.263255,16.762870,25.242270,12.783855,8.263255,1
63.100000,6,14.171001,9.650401,16.762870,25.242270,14.171001,9.650401,1
63.100000,7,11.903929,7.383329,16.762870,25.242270,11.903929,7.383329,1
63.600000,5,12.600255,8.079655,21.423225,29.902625,12.600255,8.079655,1
63.600000,6,13.072732,8.552132,21.423225,29.902625,13.072732,8.552132,1
63.600000,7,11.949035,7.428435,21.423225,29.902625,11.949035,7.428435,1
64.100000,5,13.519169,8.998569,18.493512,26.972912,13.519169,8.998569,1
64.100000,6,12.508345,7.987745,18.493512,26.972912,12.508345,7.987745,1
64.100000,7,11.687239,7.166639,18.493512,26.972912,11.687239,7.166639,1
64.600000,5,12.990072,8.469472,17.809272,26.288672,12.990072,8.469472,1
64.600000,6,10.451089,5.930489,17.809272,26.288672,10.451089,5.930489,1
64.600000,7,5.003197,0.482597,17.809272,26.288672,5.003197,0.482597,1
65.100000,5,15.790171,11.269571,19.365927,27.845327,15.790171,11.269571,1
65.100000,6,11.199817,6.679217,19.365927,27.845327,11.199817,6.679217,1
65.100000,7,9.538181,5.017582,19.365927,27.845327,9.538181,5.017582,1
65.600000,5,9.266917,4.746317,17.471646,25.951046,9.266917,4.746317,1
65.600000,6,8.601107,4.080507,17.471646,25.951046,8.601107,4.080507,1
65.600000,7,11.217636,6.697036,17.471646,25.951046,11.217636,6.697036,1
66.100000,5,12.606256,8.085656,16.034495,24.513895,12.606256,8.085656,1
66.100000,6,15.035517,10.514917,16.034495,24.513895,15.035517,10.514917,1
66.100000,7,16.072220,11.551620,16.034495,24.513895,16.034495,11.551620,1
66.600000,5,14.990391,10.469791,19.979871,28.459271,14.990391,10.469791,1
66.600000,6,14.119234,9.598634,19.979871,28.459271,14.119234,9.598634,1
66.600000,7,13.451076,8.930476,19.979871,28.459271,13.451076,8.930476,1
67.100000,5,10.879823,6.359223,16.079924,24.559324,10.879823,6.359223,1
67.100000,6,11.511094,6.990494,16.079924,24.559324,11.511094,6.990494,1
67.100000,7,12.051441,7.530841,16.079924,24.559324,12.051441,7.530841,1
67.600000,5,11.574289,7.053689,17.634773,26.114173,11.574289,7.053689,1
67.600000,6,13.128134,8.607534,17.634773,26.114173,13.128134,8.607534,1
67.600000,7,15.565743,11.045143,17.634773,26.114173,15.565743,11.045143,1
68.100000,5,14.620961,10.100361,19.030795,27.510196,14.620961,10.100361,1
68.100000,6,14.004402,9.483803,19.030795,27.510196,14.004402,9.483803,1
68.100000,7,13.523593,9.002993,19.030795,27.510196,13.523593,9.002993,1
68.600000,5,14.196345,9.675745,19.049409,27.528809,14.196345,9.675745,1
68.600000,6,10.636897,6.116297,19.049409,27.528809,10.636897,6.116297,1
68.600000,7,14.435747,9.915147,19.049409,27.528809,14.435747,9.915147,1
69.100000,5,14.263611,9.743011,20.671279,29.150679,14.263611,9.743011,1
69.100000,6,7.760641,3.240041,20.671279,29.150679,7.760641,3.240041,1
69.100000,7,6.388374,1.867774,20.671279,29.150679,6.388374,1.867774,1
69.600000,5,14.026967,9.506367,18.937120,27.416520,14.026967,9.506367,1
69.600000,6,11.495929,6.975329,18.937120,27.416520,11.495929,6.975329,1
69.600000,7,13.181038,8.660438,18.937120,27.416520,13.181038,8.660438,1
70.100000,5,13.450913,8.930313,19.229881,27.709281,13.450913,8.930313,1
70.100000,6,8.783556,4.262956,19.229881,27.709281,8.783556,4.262956,1
70.100000,7,13.461909,8.941309,19.229881,27.709281,13.461909,8.941309,1
70.600000,5,13.976399,9.455799,18.426044,26.905444,13.976399,9.455799,1
70.600000,6,9.834185,5.313585,18.426044,26.905444,9.834185,5.313585,1
70.600000,7,14.179024,9.658424,18.426044,26.905444,14.179024,9.658424,1
71.100000,5,15.118565,10.597965,20.397236,28.876636,15.118565,10.597965,1
71.100000,6,10.652502,6.131902,20.397236,28.876636,10.652502,6.131902,1
71.100000,7,13.963518,9.442918,20.397236,28.876636,13.963518,9.442918,1
71.600000,5,11.098499,6.577899,18.585303,27.064703,11.098499,6.577899,1
71.600000,6,9.886945,5.366345,18.585303,27.064703,9.886945,5.366345,1
71.600000,7,8.670762,4.150162,18.585303,27.064703,8.670762,4.150162,1
72.100000,5,13.578730,9.058130,17.645733,26.125133,13.578730,9.058130,1
72.100000,6,10.335008,5.814408,17.645733,26.125133,10.335008,5.814408,1
72.100000,7,13.471371,8.950771,17.645733,26.125133,13.471371,8.950771,1
72.600000,5,14.102238,9.581639,15.999596,24.478996,14.102238,9.581639,1
72.600000,6,12.983803,8.463203,15.999596,24.478996,12.983803,8.463203,1
72.600000,7,12.405409,7.884809,15.999596,24.478996,12.405409,7.884809,1
73.100000,5,13.583863,9.063263,14.754933,23.234333,13.583863,9.063263,1
73.100000,6,8.735575,4.214975,14.754933,23.234333,8.735575,4.214975,1
73.100000,7,12.331418,7.810818,14.754933,23.234333,12.331418,7.810818,1
73.600000,5,12.241921,7.721321,17.611045,26.090445,12.241921,7.721321,1
73.600000,6,7.518118,2.997518,17.611045,26.090445,7.518118,2.997518,1
73.600000,7,13.785015,9.264415,17.611045,26.090445,13.785015,9.264415,1
74.100000,5,13.366476,8.845876,19.729769,28.209169,13.366476,8.845876,1
74.100000,6,11.491118,6.970518,19.729769,28.209169,11.491118,6.970518,1
74.100000,7,13.918106,9.397506,19.729769,28.209169,13.918106,9.397506,1
74.600000,5,13.616519,9.095919,16.979127,25.458527,13.616519,9.095919,1
74.600000,6,10.969079,6.448479,16.979127,25.458527,10.969079,6.448479,1
74.600000,7,12.330288,7.809688,16.979127,25.458527,12.330288,7.809688,1
75.100000,5,14.249990,9.729390,18.987624,27.467024,14.249990,9.729390,1
75.100000,6,9.375556,4.854956,18.987624,27.467024,9.375556,4.854956,1
75.100000,7,14.842783,10.322184,18.987624,27.467024,14.842783,10.322184,1
75.600000,5,12.666498,8.145898,23.315494,31.794894,12.666498,8.145898,1
75.600000,6,13.350948,8.830348,23.315494,31.794894,13.350948,8.830348,1
75.600000,7,13.007632,8.487032,23.315494,31.794894,13.007632,8.487032,1
76.100000,5,11.955882,7.435282,18.224521,26.703921,11.955882,7.435282,1
76.100000,6,10.928139,6.407539,18.224521,26.703921,10.928139,6.407539,1
76.100000,7,15.922928,11.402328,18.224521,26.703921,15.922928,11.402328,1
76.600000,5,12.097787,7.577187,19.601337,28.080737,12.097787,7.577187,1
76.600000,6,12.504532,7.983932,19.601337,28.080737,12.504532,7.983932,1
76.600000,7,11.276978,6.756378,19.601337,28.080737,11.276978,6.756378,1
77.100000,5,9.357513,4.836913,16.336606,24.816007,9.357513,4.836913,1
77.100000,6,14.209811,9.689211,16.336606,24.816007,14.209811,9.689211,1
77.100000,7,15.087657,10.567057,16.336606,24.816007,15.087657,10.567057,1
77.600000,5,10.156236,5.635636,21.037096,29.516496,10.156236,5.635636,1
77.600000,6,12.108029,7.587429,21.037096,29.516496,12.108029,7.587429,1
77.600000,7,14.433800,9.913200,21.037096,29.516496,14.433800,9.913200,1
78.100000,5,13.337390,8.816790,19.364466,27.843866,13.337390,8.816790,1
78.100000,6,11.312500,6.791900,19.364466,27.843866,11.312500,6.791900,1
78.100000,7,8.995132,4.474532,19.364466,27.843866,8.995132,4.474532,1
78.600000,5,9.863675,5.343075,14.426537,22.905937,9.863675,5.343075,1
78.600000,6,11.983559,7.462959,14.426537,22.905937,11.983559,7.462959,1
78.600000,7,14.554879,10.034279,14.426537,22.905937,14.426537,10.034279,1
79.100000,5,13.294814,8.774214,17.503483,25.982883,13.294814,8.774214,1
79.100000,6,13.726872,9.206272,17.503483,25.982883,13.726872,9.206272,1
79.100000,7,12.850036,8.329436,17.503483,25.982883,12.850036,8.329436,1
79.600000,5,12.078032,7.557432,17.743460,26.222860,12.078032,7.557432,1
79.600000,6,14.054265,9.533665,17.743460,26.222860,14.054265,9.533665,1
79.600000,7,14.999629,10.479029,17.743460,26.222860,14.999629,10.479029,1
80.100000,5,8.562429,4.041829,16.821767,25.301167,8.562429,4.041829,1
80.100000,6,10.407795,5.887195,16.821767,25.301167,10.407795,5.887195,1
80.100000,7,13.620939,9.100339,16.821767,25.301167,13.620939,9.100339,1
80.600000,5,11.810519,7.289919,19.770360,28.249760,11.810519,7.289919,1
80.600000,6,14.827351,10.306751,19.770360,28.249760,14.827351,10.306751,1
80.600000,7,12.088885,7.568285,19.770360,28.249760,12.088885,7.568285,1
81.100000,5,11.536319,7.015719,18.590015,27.069415,11.536319,7.015719,1
81.100000,6,15.563816,11.043216,18.590015,27.069415,15.563816,11.043216,1
81.100000,7,13.102309,8.581709,18.590015,27.069415,13.102309,8.581709,1
81.600000,5,14.471426,9.950826,18.106293,26.585693,14.471426,9.950826,1
81.600000,6,12.900326,8.379726,18.106293,26.585693,12.900326,8.379726,1
81.600000,7,12.628967,8.108367,18.106293,26.585693,12.628967,8.108367,1
82.100000,5,14.033035,9.512435,19.862682,28.342082,14.033035,9.512435,1
82.100000,6,15.329252,10.808652,19.862682,28.342082,15.329252,10.808652,1
82.100000,7,16.182109,11.661510,19.862682,28.342082,16.182109,11.661510,1
82.600000,5,13.809364,9.288764,18.008510,26.487910,13.809364,9.288764,1
82.600000,6,10.085459,5.564859,18.008510,26.487910,10.085459,5.564859,1
82.600000,7,14.026729,9.506129,18.008510,26.487910,14.026729,9.506129,1
83.100000,5,11.730869,7.210269,18.652093,27.131493,11.730869,7.210269,1
83.100000,6,13.864192,9.343592,18.652093,27.131493,13.864192,9.343592,1
83.100000,7,12.944713,8.424113,18.652093,27.131493,12.944713,8.424113,1
83.600000,5,11.434709,6.914109,16.896492,25.375892,11.434709,6.914109,1
83.600000,6,15.413379,10.892779,16.896492,25.375892,15.413379,10.892779,1
83.600000,7,14.189259,9.668659,16.896492,25.375892,14.189259,9.668659,1
84.100000,5,11.891252,7.370652,17.633413,26.112813,11.891252,7.370652,1
84.100000,6,13.319937,8.799337,17.633413,26.112813,13.319937,8.799337,1
84.100000,7,13.360221,8.839621,17.633413,26.112813,13.360221,8.839621,1
84.600000,5,12.497862,7.977262,11.277756,19.757156,11.277756,7.977262,1
84.600000,6,10.182658,5.662058,11.277756,19.757156,10.182658,5.662058,1
84.600000,7,10.472837,5.952237,11.277756,19.757156,10.472837,5.952237,1
85.100000,5,8.784676,4.264076,19.227354,27.706754,8.784676,4.264076,1
85.100000,6,11.808435,7.287835,19.227354,27.706754,11.808435,7.287835,1
85.100000,7,13.493896,8.973296,19.227354,27.706754,13.493896,8.973296,1
85.600000,5,13.521579,9.000979,19.700698,28.180098,13.521579,9.000979,1
85.600000,6,12.925391,8.404791,19.700698,28.180098,12.925391,8.404791,1
85.600000,7,12.225196,7.704596,19.700698,28.180098,12.225196,7.704596,1
86.100000,5,12.340187,7.819587,19.969442,28.448842,12.340187,7.819587,1
86.100000,6,14.107010,9.586410,19.969442,28.448842,14.107010,9.586410,1
86.100000,7,7.799959,3.279360,19.969442,28.448842,7.799959,3.279360,1
86.600000,5,10.884728,6.364128,19.446819,27.926219,10.884728,6.364128,1
86.600000,6,14.151322,9.630722,19.446819,27.926219,14.151322,9.630722,1
86.600000,7,11.562352,7.041752,19.446819,27.926219,11.562352,7.041752,1
87.100000,5,10.434530,5.913930,18.110983,26.590383,10.434530,5.913930,1
87.100000,6,13.003187,8.482588,18.110983,26.590383,13.003187,8.482588,1
87.100000,7,12.235151,7.714551,18.110983,26.590383,12.235151,7.714551,1
87.600000,5,12.453906,7.933306,17.143370,25.622770,12.453906,7.933306,1
87.600000,6,14.250298,9.729698,17.143370,25.622770,14.250298,9.729698,1
87.600000,7,8.605085,4.084485,17.143370,25.622770,8.605085,4.084485,1
88.100000,5,7.047350,2.526751,21.949969,30.429370,7.047350,2.526751,1
88.100000,6,6.233351,1.712751,21.949969,30.429370,6.233351,1.712751,1
88.100000,7,13.476525,8.955925,21.949969,30.429370,13.476525,8.955925,1
88.600000,5,10.995295,6.474696,20.056776,28.536176,10.995295,6.474696,1
88.600000,6,10.895757,6.375157,20.056776,28.536176,10.895757,6.375157,1
88.600000,7,12.397650,7.877050,20.056776,28.536176,12.397650,7.877050,1
89.100000,5,12.965836,8.445236,19.389543,27.868943,12.965836,8.445236,1
89.100000,6,13.608234,9.087634,19.389543,27.868943,13.608234,9.087634,1
89.100000,7,14.472566,9.951966,19.389543,27.868943,14.472566,9.951966,1
89.600000,5,11.642635,7.122035,19.311267,27.790667,11.642635,7.122035,1
89.600000,6,13.408005,8.887405,19.311267,27.790667,13.408005,8.887405,1
89.600000,7,12.067400,7.546800,19.311267,27.790667,12.067400,7.546800,1
90.100000,5,8.559051,4.038452,12.467460,20.946860,8.559051,4.038452,1
90.100000,6,13.039341,8.518741,12.467460,20.946860,12.467460,8.518741,1
90.100000,7,12.396619,7.876019,12.467460,20.946860,12.396619,7.876019,1
90.600000,5,10.329937,5.809337,19.426022,27.905423,10.329937,5.809337,1
90.600000,6,12.022101,7.501501,19.426022,27.905423,12.022101,7.501501,1
90.600000,7,11.339104,6.818504,19.426022,27.905423,11.339104,6.818504,1
91.100000,5,14.786217,10.265617,18.626602,27.106002,14.786217,10.265617,1
91.100000,6,13.990931,9.470331,18.626602,27.106002,13.990931,9.470331,1
91.100000,7,12.071614,7.551014,18.626602,27.106002,12.071614,7.551014,1
91.600000,5,10.093095,5.572495,19.609875,28.089276,10.093095,5.572495,1
91.600000,6,14.661509,10.140909,19.609875,28.089276,14.661509,10.140909,1
91.600000,7,10.791358,6.270758,19.609875,28.089276,10.791358,6.270758,1
92.100000,5,11.815207,7.294607,19.025973,27.505373,11.815207,7.294607,1
92.100000,6,12.366019,7.845419,19.025973,27.505373,12.366019,7.845419,1
92.100000,7,12.414793,7.894193,19.025973,27.505373,12.414793,7.894193,1
92.600000,5,13.388865,8.868265,17.432683,25.912083,13.388865,8.868265,1
92.600000,6,13.212439,8.691839,17.432683,25.912083,13.212439,8.691839,1
92.600000,7,7.648161,3.127561,17.432683,25.912083,7.648161,3.127561,1
93.100000,5,13.039289,8.518689,15.905645,24.385045,13.039289,8.518689,1
93.100000,6,12.912649,8.392049,15.905645,24.385045,12.912649,8.392049,1
93.100000,7,14.092390,9.571790,15.905645,24.385045,14.092390,9.571790,1
93.600000,5,11.787265,7.266666,16.510963,24.990363,11.787265,7.266666,1
93.600000,6,15.810289,11.289689,16.510963,24.990363,15.810289,11.289689,1
93.600000,7,9.244283,4.723684,16.510963,24.990363,9.244283,4.723684,1
94.100000,5,13.677059,9.156459,19.215683,27.695083,13.677059,9.156459,1
94.100000,6,13.067506,8.546906,19.215683,27.695083,13.067506,8.546906,1
94.100000,7,11.538691,7.018091,19.215683,27.695083,11.538691,7.018091,1
94.600000,5,13.002574,8.481974,18.915481,27.394881,13.002574,8.481974,1
94.600000,6,11.864153,7.343553,18.915481,27.394881,11.864153,7.343553,1
94.600000,7,12.802488,8.281888,18.915481,27.394881,12.802488,8.281888,1
95.100000,5,11.185782,6.665182,16.894193,25.373594,11.185782,6.665182,1
95.100000,6,12.103714,7.583114,16.894193,25.373594,12.103714,7.583114,1
95.100000,7,13.966445,9.445845,16.894193,25.373594,13.966445,9.445845,1
95.600000,5,13.987177,9.466577,19.109468,27.588868,13.987177,9.466577,1
95.600000,6,15.016373,10.495774,19.109468,27.588868,15.016373,10.495774,1
95.600000,7,14.473352,9.952752,19.109468,27.588868,14.473352,9.952752,1
96.100000,5,11.341392,6.820792,20.503762,28.983162,11.341392,6.820792,1
96.100000,6,13.250632,8.730032,20.503762,28.983162,13.250632,8.730032,1
96.100000,7,11.666692,7.146092,20.503762,28.983162,11.666692,7.146092,1
96.600000,5,12.478578,7.957979,17.799795,26.279195,12.478578,7.957979,1
96.600000,6,13.438934,8.918334,17.799795,26.279195,13.438934,8.918334,1
96.600000,7,10.682289,6.161689,17.799795,26.279195,10.682289,6.161689,1
97.100000,5,10.194048,5.673448,20.469047,28.948447,10.194048,5.673448,1
97.100000,6,13.019911,8.499311,20.469047,28.948447,13.019911,8.499311,1
97.100000,7,15.433168,10.912568,20.469047,28.948447,15.433168,10.912568,1
97.600000,5,8.603516,4.082916,14.620425,23.099825,8.603516,4.082916,1
97.600000,6,11.016898,6.496298,14.620425,23.099825,11.016898,6.496298,1
97.600000,7,11.168372,6.647772,14.620425,23.099825,11.168372,6.647772,1
98.100000,5,11.005186,6.484586,17.670218,26.149618,11.005186,6.484586,1
98.100000,6,11.523626,7.003026,17.670218,26.149618,11.523626,7.003026,1
98.100000,7,12.068862,7.548262,17.670218,26.149618,12.068862,7.548262,1
98.600000,5,13.364497,8.843897,18.321466,26.800867,13.364497,8.843897,1
98.600000,6,11.449405,6.928805,18.321466,26.800867,11.449405,6.928805,1
98.600000,7,13.162441,8.641841,18.321466,26.800867,13.162441,8.641841,1
99.100000,5,8.739664,4.219064,20.166910,28.646310,8.739664,4.219064,1
99.100000,6,7.361446,2.840846,20.166910,28.646310,7.361446,2.840846,1
99.100000,7,12.142148,7.621548,20.166910,28.646310,12.142148,7.621548,1
99.600000,5,10.749659,6.229059,21.716218,30.195618,10.749659,6.229059,1
99.600000,6,11.686501,7.165901,21.716218,30.195618,11.686501,7.165901,1
99.600000,7,10.940611,6.420011,21.716218,30.195618,10.940611,6.420011,1
100.100000,5,14.340749,9.820149,19.370913,27.850313,14.340749,9.820149,1
100.100000,6,12.281089,7.760489,19.370913,27.850313,12.281089,7.760489,1
100.100000,7,11.442037,6.921437,19.370913,27.850313,11.442037,6.921437,1
100.600000,5,12.184451,7.663851,19.318734,27.798134,12.184451,7.663851,1
100.600000,6,13.274994,8.754394,19.318734,27.798134,13.274994,8.754394,1
100.600000,7,13.014686,8.494086,19.318734,27.798134,13.014686,8.494086,1
101.100000,5,11.765551,7.244951,18.276203,26.755603,11.765551,7.244951,1
101.100000,6,12.496173,7.975573,18.276203,26.755603,12.496173,7.975573,1
101.100000,7,12.279210,7.758610,18.276203,26.755603,12.279210,7.758610,1
101.600000,5,9.595279,5.074679,17.914684,26.394084,9.595279,5.074679,1
101.600000,6,12.416071,7.895471,17.914684,26.394084,12.416071,7.895471,1
101.600000,7,11.863700,7.343100,17.914684,26.394084,11.863700,7.343100,1
102.100000,5,11.455545,6.934945,18.899982,27.379382,11.455545,6.934945,1
102.100000,6,9.569103,5.048503,18.899982,27.379382,9.569103,5.048503,1
102.100000,7,12.851620,8.331020,18.899982,27.379382,12.851620,8.331020,1
102.600000,5,12.586469,8.065869,19.364958,27.844358,12.586469,8.065869,1
102.600000,6,10.829149,6.308549,19.364958,27.844358,10.829149,6.308549,1
102.600000,7,12.558391,8.037791,19.364958,27.844358,12.558391,8.037791,1
103.100000,5,12.930277,8.409678,18.766372,27.245772,12.930277,8.409678,1
103.100000,6,7.031710,2.511110,18.766372,27.245772,7.031710,2.511110,1
103.100000,7,13.498273,8.977673,18.766372,27.245772,13.498273,8.977673,1
103.600000,5,11.182625,6.662025,20.102846,28.582246,11.182625,6.662025,1
103.600000,6,10.953549,6.432949,20.102846,28.582246,10.953549,6.432949,1
103.600000,7,11.984855,7.464255,20.102846,28.582246,11.984855,7.464255,1
104.100000,5,11.836685,7.316085,21.511437,29.990837,11.836685,7.316085,1
104.100000,6,14.782124,10.261524,21.511437,29.990837,14.782124,10.261524,1
104.100000,7,13.208275,8.687675,21.511437,29.990837,13.208275,8.687675,1
104.600000,5,11.847100,7.326500,20.150537,28.629937,11.847100,7.326500,1
104.600000,6,14.848325,10.327725,20.150537,28.629937,14.848325,10.327725,1
104.600000,7,12.540945,8.020345,20.150537,28.629937,12.540945,8.020345,1
105.100000,5,13.156596,8.635996,18.324280,26.803680,13.156596,8.635996,1
105.100000,6,13.919317,9.398717,18.324280,26.803680,13.919317,9.398717,1
105.100000,7,11.878867,7.358267,18.324280,26.803680,11.878867,7.358267,1
105.600000,5,12.101802,7.581202,20.225308,28.704708,12.101802,7.581202,1
105.600000,6,14.139297,9.618697,20.225308,28.704708,14.139297,9.618697,1
105.600000,7,12.284155,7.763555,20.225308,28.704708,12.284155,7.763555,1
106.100000,5,13.134876,8.614276,19.168525,27.647925,13.134876,8.614276,1
106.100000,6,11.325690,6.805090,19.168525,27.647925,11.325690,6.805090,1
106.100000,7,11.895409,7.374809,19.168525,27.647925,11.895409,7.374809,1
106.600000,5,10.384061,5.863461,18.911737,27.391138,10.384061,5.863461,1
106.600000,6,15.801126,11.280526,18.911737,27.391138,15.801126,11.280526,1
106.600000,7,12.562157,8.041557,18.911737,27.391138,12.562157,8.041557,1
107.100000,5,10.563943,6.043343,15.238733,23.718133,10.563943,6.043343,1
107.100000,6,12.492288,7.971688,15.238733,23.718133,12.492288,7.971688,1
107.100000,7,13.454636,8.934036,15.238733,23.718133,13.454636,8.934036,1
107.600000,5,14.099552,9.578953,15.894670,24.374070,14.099552,9.578953,1
107.600000,6,12.322352,7.801753,15.894670,24.374070,12.322352,7.801753,1
107.600000,7,8.482986,3.962386,15.894670,24.374070,8.482986,3.962386,1
108.100000,5,14.823569,10.302969,19.749281,28.228681,14.823569,10.302969,1
108.100000,6,13.384946,8.864346,19.749281,28.228681,13.384946,8.864346,1
108.100000,7,12.409816,7.889216,19.749281,28.228681,12.409816,7.889216,1
108.600000,5,12.221770,7.701171,18.219530,26.698931,12.221770,7.701171,1
108.600000,6,11.288367,6.767768,18.219530,26.698931,11.288367,6.767768,1
108.600000,7,10.992369,6.471769,18.219530,26.698931,10.992369,6.471769,1
109.100000,5,12.426280,7.905680,17.286911,25.766311,12.426280,7.905680,1
109.100000,6,14.869499,10.348899,17.286911,25.766311,14.869499,10.348899,1
109.100000,7,10.872380,6.351780,17.286911,25.766311,10.872380,6.351780,1
109.600000,5,13.769939,9.249340,15.540900,24.020300,13.769939,9.249340,1
109.600000,6,10.114583,5.593984,15.540900,24.020300,10.114583,5.593984,1
109.600000,7,7.136569,2.615969,15.540900,24.020300,7.136569,2.615969,1
110.100000,5,13.696517,9.175918,18.518261,26.997661,13.696517,9.175918,1
110.100000,6,12.445126,7.924526,18.518261,26.997661,12.445126,7.924526,1
110.100000,7,15.160984,10.640384,18.518261,26.997661,15.160984,10.640384,1
110.600000,5,10.763896,6.243296,16.015066,24.494466,10.763896,6.243296,1
110.600000,6,15.121537,10.600937,16.015066,24.494466,15.121537,10.600937,1
110.600000,7,11.762174,7.241574,16.015066,24.494466,11.762174,7.241574,1
111.100000,5,12.565323,8.044723,16.957242,25.436642,12.565323,8.044723,1
111.100000,6,12.437311,7.916711,16.957242,25.436642,12.437311,7.916711,1
111.100000,7,12.508334,7.987734,16.957242,25.436642,12.508334,7.987734,1
111.600000,5,12.110599,7.589999,19.080030,27.559431,12.110599,7.589999,1
111.600000,6,14.925113,10.404513,19.080030,27.559431,14.925113,10.404513,1
111.600000,7,12.431875,7.911275,19.080030,27.559431,12.431875,7.911275,1
112.100000,5,16.224601,11.704001,20.181518,28.660918,16.224601,11.704001,1
112.100000,6,12.878900,8.358300,20.181518,28.660918,12.878900,8.358300,1
112.100000,7,13.407143,8.886543,20.181518,28.660918,13.407143,8.886543,1
112.600000,5,11.433073,6.912473,18.513367,26.992767,11.433073,6.912473,1
112.600000,6,14.940479,10.419879,18.513367,26.992767,14.940479,10.419879,1
112.600000,7,13.140152,8.619552,18.513367,26.992767,13.140152,8.619552,1
113.100000,5,10.878080,6.357480,13.945075,22.424475,10.878080,6.357480,1
113.100000,6,14.771640,10.251040,13.945075,22.424475,13.945075,10.251040,1
113.100000,7,7.889923,3.369323,13.945075,22.424475,7.889923,3.369323,1
113.600000,5,13.113660,8.593060,16.042428,24.521828,13.113660,8.593060,1
113.600000,6,13.010933,8.490333,16.042428,24.521828,13.010933,8.490333,1
113.600000,7,11.123637,6.603038,16.042428,24.521828,11.123637,6.603038,1
114.100000,5,10.459357,5.938757,18.166516,26.645916,10.459357,5.938757,1
114.100000,6,13.555715,9.035115,18.166516,26.645916,13.555715,9.035115,1
114.100000,7,12.064753,7.544153,18.166516,26.645916,12.064753,7.544153,1
114.600000,5,11.741718,7.221118,17.534524,26.013924,11.741718,7.221118,1
114.600000,6,10.881144,6.360544,17.534524,26.013924,10.881144,6.360544,1
114.600000,7,14.870224,10.349624,17.534524,26.013924,14.870224,10.349624,1
115.100000,5,13.970078,9.449478,20.654043,29.133443,13.970078,9.449478,1
115.100000,6,15.059299,10.538699,20.654043,29.133443,15.059299,10.538699,1
115.100000,7,9.599289,5.078689,20.654043,29.133443,9.599289,5.078689,1
115.600000,5,12.227194,7.706595,18.901734,27.381134,12.227194,7.706595,1
115.600000,6,9.738880,5.218280,18.901734,27.381134,9.738880,5.218280,1
115.600000,7,12.247218,7.726618,18.901734,27.381134,12.247218,7.726618,1
116.100000,5,14.177017,9.656417,18.688400,27.167800,14.177017,9.656417,1
116.100000,6,11.138614,6.618014,18.688400,27.167800,11.138614,6.618014,1
116.100000,7,12.499601,7.979001,18.688400,27.167800,12.499601,7.979001,1
116.600000,5,11.912032,7.391432,19.777078,28.256478,11.912032,7.391432,1
116.600000,6,12.158557,7.637957,19.777078,28.256478,12.158557,7.637957,1
116.600000,7,12.491140,7.970540,19.777078,28.256478,12.491140,7.970540,1
117.100000,5,10.939462,6.418862,16.103284,24.582684,10.939462,6.418862,1
117.100000,6,13.167158,8.646558,16.103284,24.582684,13.167158,8.646558,1
117.100000,7,9.865397,5.344797,16.103284,24.582684,9.865397,5.344797,1
117.600000,5,14.353082,9.832482,18.680122,27.159522,14.353082,9.832482,1
117.600000,6,10.081246,5.560646,18.680122,27.159522,10.081246,5.560646,1
117.600000,7,13.101990,8.581391,18.680122,27.159522,13.101990,8.581391,1
118.100000,5,13.753942,9.233342,20.895215,29.374615,13.753942,9.233342,1
118.100000,6,5.683070,1.162470,20.895215,29.374615,5.683070,1.162470,1
118.100000,7,9.394698,4.874098,20.895215,29.374615,9.394698,4.874098,1
118.600000,5,11.574808,7.054208,20.770890,29.250290,11.574808,7.054208,1
118.600000,6,13.063172,8.542572,20.770890,29.250290,13.063172,8.542572,1
118.600000,7,11.078030,6.557430,20.770890,29.250290,11.078030,6.557430,1
119.100000,5,13.272356,8.751756,17.001714,25.481114,13.272356,8.751756,1
119.100000,6,11.937645,7.417045,17.001714,25.481114,11.937645,7.417045,1
119.100000,7,13.267898,8.747298,17.001714,25.481114,13.267898,8.747298,1
119.600000,5,9.263895,4.743295,20.307889,28.787290,9.263895,4.743295,1
119.600000,6,14.082718,9.562118,20.307889,28.787290,14.082718,9.562118,1
119.600000,7,14.036486,9.515886,20.307889,28.787290,14.036486,9.515886,1
120.100000,5,13.504974,8.984374,18.702076,27.181476,13.504974,8.984374,1
120.100000,6,13.466545,8.945945,18.702076,27.181476,13.466545,8.945945,1
120.100000,7,17.126262,12.605662,18.702076,27.181476,17.126262,12.605662,1
120.600000,5,11.763121,7.242522,15.132892,23.612292,11.763121,7.242522,1
120.600000,6,14.543111,10.022511,15.132892,23.612292,14.543111,10.022511,1
120.600000,7,14.208531,9.687931,15.132892,23.612292,14.208531,9.687931,1
121.100000,5,12.151205,7.630605,15.621040,24.100440,12.151205,7.630605,1
121.100000,6,14.899660,10.379060,15.621040,24.100440,14.899660,10.379060,1
121.100000,7,10.497254,5.976654,15.621040,24.100440,10.497254,5.976654,1
121.600000,5,12.948422,8.427822,18.308304,26.787704,12.948422,8.427822,1
121.600000,6,14.336724,9.816124,18.308304,26.787704,14.336724,9.816124,1
121.600000,7,11.972526,7.451926,18.308304,26.787704,11.972526,7.451926,1
122.100000,5,12.735322,8.214722,17.260316,25.739716,12.735322,8.214722,1
122.100000,6,14.427923,9.907323,17.260316,25.739716,14.427923,9.907323,1
122.100000,7,13.477193,8.956593,17.260316,25.739716,13.477193,8.956593,1
122.600000,5,12.836105,8.315505,18.702316,27.181716,12.836105,8.315505,1
122.600000,6,13.373963,8.853363,18.702316,27.181716,13.373963,8.853363,1
122.600000,7,11.759182,7.238582,18.702316,27.181716,11.759182,7.238582,1
123.100000,5,13.403222,8.882622,19.511933,27.991333,13.403222,8.882622,1
123.100000,6,13.483408,8.962809,19.511933,27.991333,13.483408,8.962809,1
123.100000,7,12.686944,8.166344,19.511933,27.991333,12.686944,8.166344,1
123.600000,5,12.485873,7.965273,18.328112,26.807512,12.485873,7.965273,1
123.600000,6,13.742685,9.222085,18.328112,26.807512,13.742685,9.222085,1
123.600000,7,14.092064,9.571464,18.328112,26.807512,14.092064,9.571464,1
124.100000,5,12.506273,7.985673,19.897679,28.377079,12.506273,7.985673,1
124.100000,6,11.751622,7.231022,19.897679,28.377079,11.751622,7.231022,1
124.100000,7,13.971654,9.451054,19.897679,28.377079,13.971654,9.451054,1
124.600000,5,12.501783,7.981183,16.665118,25.144518,12.501783,7.981183,1
124.600000,6,13.286062,8.765462,16.665118,25.144518,13.286062,8.765462,1
124.600000,7,13.687554,9.166954,16.665118,25.144518,13.687554,9.166954,1
125.100000,5,12.843432,8.322832,19.797297,28.276697,12.843432,8.322832,1
125.100000,6,13.953202,9.432602,19.797297,28.276697,13.953202,9.432602,1
125.100000,7,8.655297,4.134697,19.797297,28.276697,8.655297,4.134697,1
125.600000,5,6.998999,2.478399,19.436734,27.916134,6.998999,2.478399,1
125.600000,6,15.056493,10.535893,19.436734,27.916134,15.056493,10.535893,1
125.600000,7,11.954199,7.433599,19.436734,27.916134,11.954199,7.433599,1
126.100000,5,15.418254,10.897654,18.399762,26.879163,15.418254,10.897654,1
126.100000,6,12.865553,8.344953,18.399762,26.879163,12.865553,8.344953,1
126.100000,7,11.658775,7.138175,18.399762,26.879163,11.658775,7.138175,1
126.600000,5,11.442934,6.922334,17.824410,26.303811,11.442934,6.922334,1
126.600000,6,13.029363,8.508763,17.824410,26.303811,13.029363,8.508763,1
126.600000,7,12.006323,7.485724,17.824410,26.303811,12.006323,7.485724,1
127.100000,5,11.774896,7.254296,18.729703,27.209103,11.774896,7.254296,1
127.100000,6,9.274729,4.754129,18.729703,27.209103,9.274729,4.754129,1
127.100000,7,13.834548,9.313948,18.729703,27.209103,13.834548,9.313948,1
127.600000,5,12.559349,8.038749,19.125235,27.604635,12.559349,8.038749,1
127.600000,6,5.944236,1.423636,19.125235,27.604635,5.944236,1.423636,1
127.600000,7,12.523444,8.002844,19.125235,27.604635,12.523444,8.002844,1
128.100000,5,7.550503,3.029903,18.473170,26.952571,7.550503,3.029903,1
128.100000,6,12.316377,7.795777,18.473170,26.952571,12.316377,7.795777,1
128.100000,7,11.048918,6.528318,18.473170,26.952571,11.048918,6.528318,1
128.600000,5,14.311349,9.790749,18.987911,27.467311,14.311349,9.790749,1
128.600000,6,12.464956,7.944356,18.987911,27.467311,12.464956,7.944356,1
128.600000,7,11.214961,6.694362,18.987911,27.467311,11.214961,6.694362,1
129.100000,5,12.683537,8.162937,12.334022,20.813422,12.334022,8.162937,1
129.100000,6,10.228202,5.707602,12.334022,20.813422,10.228202,5.707602,1
129.100000,7,14.129726,9.609126,12.334022,20.813422,12.334022,9.609126,1
129.600000,5,7.703278,3.182679,17.472963,25.952363,7.703278,3.182679,1
129.600000,6,10.848106,6.327506,17.472963,25.952363,10.848106,6.327506,1
129.600000,7,13.821898,9.301298,17.472963,25.952363,13.821898,9.301298,1
130.100000,5,14.590441,10.069842,19.071355,27.550755,14.590441,10.069842,1
130.100000,6,15.118982,10.598382,19.071355,27.550755,15.118982,10.598382,1
130.100000,7,14.293390,9.772790,19.071355,27.550755,14.293390,9.772790,1
130.600000,5,13.214958,8.694358,18.557908,27.037308,13.214958,8.694358,1
130.600000,6,12.898616,8.378016,18.557908,27.037308,12.898616,8.378016,1
130.600000,7,9.215145,4.694545,18.557908,27.037308,9.215145,4.694545,1
131.100000,5,11.602981,7.082382,16.264168,24.743569,11.602981,7.082382,1
131.100000,6,8.198485,3.677885,16.264168,24.743569,8.198485,3.677885,1
131.100000,7,9.757836,5.237236,16.264168,24.743569,9.757836,5.237236,1
131.600000,5,10.790551,6.269951,18.910702,27.390102,10.790551,6.269951,1
131.600000,6,11.448944,6.928344,18.910702,27.390102,11.448944,6.928344,1
131.600000,7,12.549283,8.028684,18.910702,27.390102,12.549283,8.028684,1
132.100000,5,12.760173,8.239573,17.387454,25.866854,12.760173,8.239573,1
132.100000,6,11.645788,7.125188,17.387454,25.866854,11.645788,7.125188,1
132.100000,7,10.406270,5.885670,17.387454,25.866854,10.406270,5.885670,1
132.600000,5,9.048589,4.527989,18.046573,26.525973,9.048589,4.527989,1
132.600000,6,11.983851,7.463251,18.046573,26.525973,11.983851,7.463251,1
132.600000,7,9.578504,5.057904,18.046573,26.525973,9.578504,5.057904,1
133.100000,5,12.449278,7.928679,18.380292,26.859692,12.449278,7.928679,1
133.100000,6,12.057131,7.536531,18.380292,26.859692,12.057131,7.536531,1
133.100000,7,14.591993,10.071393,18.380292,26.859692,14.591993,10.071393,1
133.600000,5,16.613476,12.092876,17.345470,25.824870,16.613476,12.092876,1
133.600000,6,10.651606,6.131006,17.345470,25.824870,10.651606,6.131006,1
133.600000,7,11.370616,6.850016,17.345470,25.824870,11.370616,6.850016,1
134.100000,5,9.617067,5.096468,21.080460,29.559860,9.617067,5.096468,1
134.100000,6,6.437817,1.917217,21.080460,29.559860,6.437817,1.917217,1
134.100000,7,8.733737,4.213137,21.080460,29.559860,8.733737,4.213137,1
134.600000,5,10.317495,5.796895,19.475766,27.955166,10.317495,5.796895,1
134.600000,6,14.349770,9.829170,19.475766,27.955166,14.349770,9.829170,1
134.600000,7,12.536104,8.015504,19.475766,27.955166,12.536104,8.015504,1
135.100000,5,11.466446,6.945846,17.807665,26.287065,11.466446,6.945846,1
135.100000,6,13.755443,9.234843,17.807665,26.287065,13.755443,9.234843,1
135.100000,7,7.176595,2.655995,17.807665,26.287065,7.176595,2.655995,1
135.600000,5,11.126796,6.606196,19.828412,28.307812,11.126796,6.606196,1
135.600000,6,12.937805,8.417205,19.828412,28.307812,12.937805,8.417205,1
135.600000,7,10.234913,5.714313,19.828412,28.307812,10.234913,5.714313,1
136.100000,5,13.126992,8.606392,18.481546,26.960946,13.126992,8.606392,1
136.100000,6,14.702084,10.181484,18.481546,26.960946,14.702084,10.181484,1
136.100000,7,14.247971,9.727371,18.481546,26.960946,14.247971,9.727371,1
136.600000,5,12.393005,7.872405,19.357476,27.836876,12.393005,7.872405,1
136.600000,6,12.442245,7.921645,19.357476,27.836876,12.442245,7.921645,1
136.600000,7,12.593202,8.072602,19.357476,27.836876,12.593202,8.072602,1
137.100000,5,10.691034,6.170434,18.068406,26.547806,10.691034,6.170434,1
137.100000,6,12.427101,7.906501,18.068406,26.547806,12.427101,7.906501,1
137.100000,7,10.210629,5.690029,18.068406,26.547806,10.210629,5.690029,1
137.600000,5,13.169990,8.649390,18.025754,26.505154,13.169990,8.649390,1
137.600000,6,14.812726,10.292126,18.025754,26.505154,14.812726,10.292126,1
137.600000,7,14.291294,9.770694,18.025754,26.505154,14.291294,9.770694,1
138.100000,5,12.544307,8.023707,17.461230,25.940630,12.544307,8.023707,1
138.100000,6,14.278050,9.757450,17.461230,25.940630,14.278050,9.757450,1
138.100000,7,14.372834,9.852234,17.461230,25.940630,14.372834,9.852234,1
138.600000,5,14.535338,10.014738,19.299052,27.778452,14.535338,10.014738,1
138.600000,6,14.296171,9.775571,19.299052,27.778452,14.296171,9.775571,1
138.600000,7,13.433932,8.913332,19.299052,27.778452,13.433932,8.913332,1
139.100000,5,14.487006,9.966406,18.122926,26.602327,14.487006,9.966406,1
139.100000,6,13.319559,8.798959,18.122926,26.602327,13.319559,8.798959,1
139.100000,7,13.062265,8.541666,18.122926,26.602327,13.062265,8.541666,1
139.600000,5,11.652890,7.132290,17.424643,25.904043,11.652890,7.132290,1
139.600000,6,11.946608,7.426008,17.424643,25.904043,11.946608,7.426008,1
139.600000,7,14.816749,10.296149,17.424643,25.904043,14.816749,10.296149,1
140.100000,5,14.288657,9.768057,19.952320,28.431721,14.288657,9.768057,1
140.100000,6,13.192159,8.671559,19.952320,28.431721,13.192159,8.671559,1
140.100000,7,10.406353,5.885753,19.952320,28.431721,10.406353,5.885753,1
140.600000,5,13.574195,9.053595,19.964625,28.444025,13.574195,9.053595,1
140.600000,6,13.422855,8.902255,19.964625,28.444025,13.422855,8.902255,1
140.600000,7,12.939544,8.418944,19.964625,28.444025,12.939544,8.418944,1
141.100000,5,14.094985,9.574385,20.448556,28.927956,14.094985,9.574385,1
141.100000,6,11.636790,7.116190,20.448556,28.927956,11.636790,7.116190,1
141.100000,7,7.392071,2.871472,20.448556,28.927956,7.392071,2.871472,1
141.600000,5,13.611542,9.090943,19.168477,27.647877,13.611542,9.090943,1
141.600000,6,11.469833,6.949233,19.168477,27.647877,11.469833,6.949233,1
141.600000,7,11.922924,7.402324,19.168477,27.647877,11.922924,7.402324,1
142.100000,5,10.027168,5.506568,18.151205,26.630605,10.027168,5.506568,1
142.100000,6,14.802835,10.282235,18.151205,26.630605,14.802835,10.282235,1
142.100000,7,11.640878,7.120278,18.151205,26.630605,11.640878,7.120278,1
142.600000,5,7.102302,2.581702,19.669923,28.149323,7.102302,2.581702,1
142.600000,6,9.990011,5.469411,19.669923,28.149323,9.990011,5.469411,1
142.600000,7,14.062404,9.541804,19.669923,28.149323,14.062404,9.541804,1
143.100000,5,13.840886,9.320286,15.971280,24.450680,13.840886,9.320286,1
143.100000,6,13.798429,9.277829,15.971280,24.450680,13.798429,9.277829,1
143.100000,7,11.601950,7.081350,15.971280,24.450680,11.601950,7.081350,1
143.600000,5,14.647342,10.126742,20.015359,28.494759,14.647342,10.126742,1
143.600000,6,12.535972,8.015372,20.015359,28.494759,12.535972,8.015372,1
143.600000,7,11.034543,6.513943,20.015359,28.494759,11.034543,6.513943,1
144.100000,5,17.283900,12.763300,17.777066,26.256466,17.283900,12.763300,1
144.100000,6,13.763997,9.243397,17.777066,26.256466,13.763997,9.243397,1
144.100000,7,10.025996,5.505396,17.777066,26.256466,10.025996,5.505396,1
144.600000,5,10.616117,6.095517,16.124573,24.603973,10.616117,6.095517,1
144.600000,6,14.358483,9.837883,16.124573,24.603973,14.358483,9.837883,1
144.600000,7,12.413090,7.892490,16.124573,24.603973,12.413090,7.892490,1
145.100000,5,13.913904,9.393304,21.199624,29.679024,13.913904,9.393304,1
145.100000,6,10.151987,5.631387,21.199624,29.679024,10.151987,5.631387,1
145.100000,7,9.145175,4.624575,21.199624,29.679024,9.145175,4.624575,1
145.600000,5,9.615362,5.094762,18.051048,26.530448,9.615362,5.094762,1
145.600000,6,8.408104,3.887504,18.051048,26.530448,8.408104,3.887504,1
145.600000,7,12.240043,7.719443,18.051048,26.530448,12.240043,7.719443,1
146.100000,5,11.760635,7.240036,17.187436,25.666836,11.760635,7.240036,1
146.100000,6,14.032175,9.511575,17.187436,25.666836,14.032175,9.511575,1
146.100000,7,11.949091,7.428491,17.187436,25.666836,11.949091,7.428491,1
146.600000,5,10.694994,6.174394,15.496325,23.975725,10.694994,6.174394,1
146.600000,6,10.668678,6.148078,15.496325,23.975725,10.668678,6.148078,1
146.600000,7,12.607687,8.087087,15.496325,23.975725,12.607687,8.087087,1
147.100000,5,11.418494,6.897895,18.182198,26.661598,11.418494,6.897895,1
147.100000,6,10.216808,5.696208,18.182198,26.661598,10.216808,5.696208,1
147.100000,7,12.386848,7.866248,18.182198,26.661598,12.386848,7.866248,1
147.600000,5,14.385604,9.865004,20.244286,28.723686,14.385604,9.865004,1
147.600000,6,14.181196,9.660596,20.244286,28.723686,14.181196,9.660596,1
147.600000,7,9.646513,5.125913,20.244286,28.723686,9.646513,5.125913,1
148.100000,5,13.767850,9.247250,19.129461,27.608862,13.767850,9.247250,1
148.100000,6,8.142952,3.622352,19.129461,27.608862,8.142952,3.622352,1
148.100000,7,10.545072,6.024472,19.129461,27.608862,10.545072,6.024472,1
148.600000,5,16.067162,11.546562,17.368954,25.848354,16.067162,11.546562,1
148.600000,6,14.330630,9.810030,17.368954,25.848354,14.330630,9.810030,1
148.600000,7,11.637214,7.116614,17.368954,25.848354,11.637214,7.116614,1
149.100000,5,4.926816,0.406216,18.265046,26.744446,4.926816,0.406216,1
149.100000,6,13.413927,8.893327,18.265046,26.744446,13.413927,8.893327,1
149.100000,7,12.978653,8.458053,18.265046,26.744446,12.978653,8.458053,1
149.600000,5,12.600445,8.079845,19.536365,28.015765,12.600445,8.079845,1
149.600000,6,12.733667,8.213068,19.536365,28.015765,12.733667,8.213068,1
149.600000,7,11.219222,6.698622,19.536365,28.015765,11.219222,6.698622,1
150.100000,5,15.269461,10.748861,18.319584,26.798984,15.269461,10.748861,1
150.100000,6,13.532337,9.011737,18.319584,26.798984,13.532337,9.011737,1
150.100000,7,11.212626,6.692026,18.319584,26.798984,11.212626,6.692026,1
150.600000,5,12.305483,7.784883,20.649364,29.128764,12.305483,7.784883,1
150.600000,6,12.401524,7.880925,20.649364,29.128764,12.401524,7.880925,1
150.600000,7,9.704786,5.184186,20.649364,29.128764,9.704786,5.184186,1
151.100000,5,12.055449,7.534849,19.243404,27.722804,12.055449,7.534849,1
151.100000,6,14.761262,10.240663,19.243404,27.722804,14.761262,10.240663,1
151.100000,7,8.976447,4.455847,19.243404,27.722804,8.976447,4.455847,1
151.600000,5,10.960893,6.440293,19.268779,27.748179,10.960893,6.440293,1
151.600000,6,16.670783,12.150183,19.268779,27.748179,16.670783,12.150183,1
151.600000,7,11.892117,7.371517,19.268779,27.748179,11.892117,7.371517,1
152.100000,5,16.609395,12.088795,18.040964,26.520365,16.609395,12.088795,1
152.100000,6,13.761971,9.241371,18.040964,26.520365,13.761971,9.241371,1
152.100000,7,15.257592,10.736992,18.040964,26.520365,15.257592,10.736992,1
152.600000,5,11.842321,7.321721,17.127574,25.606974,11.842321,7.321721,1
152.600000,6,7.037485,2.516885,17.127574,25.606974,7.037485,2.516885,1
152.600000,7,14.096488,9.575888,17.127574,25.606974,14.096488,9.575888,1
153.100000,5,12.380909,7.860309,19.401486,27.880886,12.380909,7.860309,1
153.100000,6,9.681696,5.161096,19.401486,27.880886,9.681696,5.161096,1
153.100000,7,11.408326,6.887726,19.401486,27.880886,11.408326,6.887726,1
153.600000,5,9.739771,5.219171,20.303751,28.783151,9.739771,5.219171,1
153.600000,6,11.799712,7.279112,20.303751,28.783151,11.799712,7.279112,1
153.600000,7,12.671486,8.150886,20.303751,28.783151,12.671486,8.150886,1
154.100000,5,13.970940,9.450340,18.859263,27.338663,13.970940,9.450340,1
154.100000,6,13.869313,9.348713,18.859263,27.338663,13.869313,9.348713,1
154.100000,7,12.260659,7.740059,18.859263,27.338663,12.260659,7.740059,1
154.600000,5,12.516524,7.995924,16.147648,24.627048,12.516524,7.995924,1
154.600000,6,13.252529,8.731929,16.147648,24.627048,13.252529,8.731929,1
154.600000,7,12.328535,7.807935,16.147648,24.627048,12.328535,7.807935,1
155.100000,5,15.019408,10.498808,17.924676,26.404076,15.019408,10.498808,1
155.100000,6,12.933118,8.412518,17.924676,26.404076,12.933118,8.412518,1
155.100000,7,10.208213,5.687613,17.924676,26.404076,10.208213,5.687613,1
155.600000,5,11.375008,6.854408,19.793220,28.272620,11.375008,6.854408,1
155.600000,6,13.057757,8.537157,19.793220,28.272620,13.057757,8.537157,1
155.600000,7,13.415462,8.894862,19.793220,28.272620,13.415462,8.894862,1
156.100000,5,12.030697,7.510098,20.546519,29.025919,12.030697,7.510098,1
156.100000,6,11.395164,6.874564,20.546519,29.025919,11.395164,6.874564,1
156.100000,7,10.601112,6.080512,20.546519,29.025919,10.601112,6.080512,1
156.600000,5,12.797760,8.277160,20.894954,29.374354,12.797760,8.277160,1
156.600000,6,13.435941,8.915341,20.894954,29.374354,13.435941,8.915341,1
156.600000,7,14.274663,9.754063,20.894954,29.374354,14.274663,9.754063,1
157.100000,5,14.106896,9.586297,18.942013,27.421413,14.106896,9.586297,1
157.100000,6,13.904282,9.383682,18.942013,27.421413,13.904282,9.383682,1
157.100000,7,13.222871,8.702271,18.942013,27.421413,13.222871,8.702271,1
157.600000,5,14.194330,9.673730,18.870458,27.349858,14.194330,9.673730,1
157.600000,6,12.426594,7.905994,18.870458,27.349858,12.426594,7.905994,1
157.600000,7,13.393199,8.872599,18.870458,27.349858,13.393199,8.872599,1
158.100000,5,8.184642,3.664042,16.180535,24.659935,8.184642,3.664042,1
158.100000,6,12.713169,8.192570,16.180535,24.659935,12.713169,8.192570,1
158.100000,7,12.358360,7.837760,16.180535,24.659935,12.358360,7.837760,1
158.600000,5,13.411762,8.891162,16.828808,25.308208,13.411762,8.891162,1
158.600000,6,12.243876,7.723276,16.828808,25.308208,12.243876,7.723276,1
158.600000,7,12.810050,8.289451,16.828808,25.308208,12.810050,8.289451,1
159.100000,5,13.286164,8.765564,17.246770,25.726170,13.286164,8.765564,1
159.100000,6,15.498717,10.978117,17.246770,25.726170,15.498717,10.978117,1
159.100000,7,6.984520,2.463920,17.246770,25.726170,6.984520,2.463920,1
159.600000,5,13.019514,8.498915,19.288234,27.767634,13.019514,8.498915,1
159.600000,6,12.098659,7.578060,19.288234,27.767634,12.098659,7.578060,1
159.600000,7,11.098031,6.577431,19.288234,27.767634,11.098031,6.577431,1
160.100000,5,13.398567,8.877967,19.239787,27.719187,13.398567,8.877967,1
160.100000,6,13.171317,8.650717,19.239787,27.719187,13.171317,8.650717,1
160.100000,7,14.476642,9.956042,19.239787,27.719187,14.476642,9.956042,1
160.600000,5,9.905104,5.384504,17.369792,25.849192,9.905104,5.384504,1
160.600000,6,12.047034,7.526434,17.369792,25.849192,12.047034,7.526434,1
160.600000,7,11.373282,6.852682,17.369792,25.849192,11.373282,6.852682,1
161.100000,5,13.865594,9.344994,18.156039,26.635439,13.865594,9.344994,1
161.100000,6,13.819569,9.298969,18.156039,26.635439,13.819569,9.298969,1
161.100000,7,15.359153,10.838553,18.156039,26.635439,15.359153,10.838553,1
161.600000,5,13.292152,8.771552,18.410550,26.889950,13.292152,8.771552,1
161.600000,6,11.503224,6.982624,18.410550,26.889950,11.503224,6.982624,1
161.600000,7,11.669267,7.148667,18.410550,26.889950,11.669267,7.148667,1
162.100000,5,12.033093,7.512493,18.844093,27.323493,12.033093,7.512493,1
162.100000,6,11.229641,6.709041,18.844093,27.323493,11.229641,6.709041,1
162.100000,7,12.474699,7.954099,18.844093,27.323493,12.474699,7.954099,1
162.600000,5,12.041076,7.520476,19.287471,27.766871,12.041076,7.520476,1
162.600000,6,7.797877,3.277277,19.287471,27.766871,7.797877,3.277277,1
162.600000,7,15.148005,10.627405,19.287471,27.766871,15.148005,10.627405,1
163.100000,5,12.452438,7.931838,17.622909,26.102309,12.452438,7.931838,1
163.100000,6,12.348578,7.827978,17.622909,26.102309,12.348578,7.827978,1
163.100000,7,13.323540,8.802940,17.622909,26.102309,13.323540,8.802940,1
163.600000,5,13.458358,8.937758,18.827732,27.307132,13.458358,8.937758,1
163.600000,6,12.951224,8.430624,18.827732,27.307132,12.951224,8.430624,1
163.600000,7,14.170268,9.649668,18.827732,27.307132,14.170268,9.649668,1
164.100000,5,13.153312,8.632712,19.672314,28.151714,13.153312,8.632712,1
164.100000,6,14.290615,9.770015,19.672314,28.151714,14.290615,9.770015,1
164.100000,7,11.854693,7.334093,19.672314,28.151714,11.854693,7.334093,1
164.600000,5,13.229653,8.709054,15.432754,23.912154,13.229653,8.709054,1
164.600000,6,11.861436,7.340836,15.432754,23.912154,11.861436,7.340836,1
164.600000,7,12.470951,7.950351,15.432754,23.912154,12.470951,7.950351,1
165.100000,5,13.166758,8.646158,18.162495,26.641895,13.166758,8.646158,1
165.100000,6,10.707039,6.186440,18.162495,26.641895,10.707039,6.186440,1
165.100000,7,12.705064,8.184464,18.162495,26.641895,12.705064,8.184464,1
165.600000,5,12.422817,7.902218,18.320302,26.799702,12.422817,7.902218,1
165.600000,6,12.964169,8.443569,18.320302,26.799702,12.964169,8.443569,1
165.600000,7,14.952248,10.431648,18.320302,26.799702,14.952248,10.431648,1
166.100000,5,7.163864,2.643264,18.408048,26.887448,7.163864,2.643264,1
166.100000,6,12.261624,7.741024,18.408048,26.887448,12.261624,7.741024,1
166.100000,7,11.845343,7.324743,18.408048,26.887448,11.845343,7.324743,1
166.600000,5,13.472129,8.951529,20.140374,28.619775,13.472129,8.951529,1
166.600000,6,10.466616,5.946017,20.140374,28.619775,10.466616,5.946017,1
166.600000,7,14.284950,9.764350,20.140374,28.619775,14.284950,9.764350,1
167.100000,5,13.042301,8.521701,20.028226,28.507627,13.042301,8.521701,1
167.100000,6,10.532381,6.011781,20.028226,28.507627,10.532381,6.011781,1
167.100000,7,11.587098,7.066498,20.028226,28.507627,11.587098,7.066498,1
167.600000,5,11.369295,6.848695,20.066542,28.545942,11.369295,6.848695,1
167.600000,6,9.072661,4.552061,20.066542,28.545942,9.072661,4.552061,1
167.600000,7,13.187105,8.666505,20.066542,28.545942,13.187105,8.666505,1
168.100000,5,16.244911,11.724311,19.275656,27.755056,16.244911,11.724311,1
168.100000,6,10.932805,6.412205,19.275656,27.755056,10.932805,6.412205,1
168.100000,7,13.148185,8.627585,19.275656,27.755056,13.148185,8.627585,1
168.600000,5,7.860691,3.340091,12.477961,20.957361,7.860691,3.340091,1
168.600000,6,10.897795,6.377195,12.477961,20.957361,10.897795,6.377195,1
168.600000,7,12.971968,8.451368,12.477961,20.957361,12.477961,8.451368,1
169.100000,5,10.381260,5.860660,18.493473,26.972873,10.381260,5.860660,1
169.100000,6,13.625422,9.104822,18.493473,26.972873,13.625422,9.104822,1
169.100000,7,13.733280,9.212680,18.493473,26.972873,13.733280,9.212680,1
169.600000,5,12.759503,8.238903,18.380436,26.859836,12.759503,8.238903,1
169.600000,6,13.208560,8.687960,18.380436,26.859836,13.208560,8.687960,1
169.600000,7,13.485772,8.965172,18.380436,26.859836,13.485772,8.965172,1
170.100000,5,13.250641,8.730041,20.077558,28.556958,13.250641,8.730041,1
170.100000,6,11.133295,6.612695,20.077558,28.556958,11.133295,6.612695,1
170.100000,7,12.775697,8.255097,20.077558,28.556958,12.775697,8.255097,1
170.600000,5,14.731275,10.210675,16.117779,24.597179,14.731275,10.210675,1
170.600000,6,10.599595,6.078995,16.117779,24.597179,10.599595,6.078995,1
170.600000,7,10.104631,5.584031,16.117779,24.597179,10.104631,5.584031,1
171.100000,5,11.983512,7.462912,18.942738,27.422138,11.983512,7.462912,1
171.100000,6,13.963299,9.442699,18.942738,27.422138,13.963299,9.442699,1
171.100000,7,12.234923,7.714323,18.942738,27.422138,12.234923,7.714323,1
171.600000,5,9.909565,5.388965,16.179064,24.658464,9.909565,5.388965,1
171.600000,6,9.874631,5.354031,16.179064,24.658464,9.874631,5.354031,1
171.600000,7,8.985349,4.464749,16.179064,24.658464,8.985349,4.464749,1
172.100000,5,13.599198,9.078598,17.706749,26.186149,13.599198,9.078598,1
172.100000,6,14.042037,9.521437,17.706749,26.186149,14.042037,9.521437,1
172.100000,7,10.572318,6.051718,17.706749,26.186149,10.572318,6.051718,1
172.600000,5,11.127722,6.607122,16.425540,24.904940,11.127722,6.607122,1
172.600000,6,10.887501,6.366902,16.425540,24.904940,10.887501,6.366902,1
172.600000,7,13.298258,8.777658,16.425540,24.904940,13.298258,8.777658,1
173.100000,5,9.778881,5.258281,17.544741,26.024141,9.778881,5.258281,1
173.100000,6,14.012088,9.491488,17.544741,26.024141,14.012088,9.491488,1
173.100000,7,10.177638,5.657039,17.544741,26.024141,10.177638,5.657039,1
173.600000,5,14.202613,9.682013,16.170799,24.650199,14.202613,9.682013,1
173.600000,6,6.351312,1.830712,16.170799,24.650199,6.351312,1.830712,1
173.600000,7,13.912615,9.392015,16.170799,24.650199,13.912615,9.392015,1
174.100000,5,10.653262,6.132662,20.391069,28.870469,10.653262,6.132662,1
174.100000,6,15.441759,10.921159,20.391069,28.870469,15.441759,10.921159,1
174.100000,7,12.983679,8.463079,20.391069,28.870469,12.983679,8.463079,1
174.600000,5,9.925456,5.404857,17.493462,25.972863,9.925456,5.404857,1
174.600000,6,11.412328,6.891728,17.493462,25.972863,11.412328,6.891728,1
174.600000,7,14.181632,9.661033,17.493462,25.972863,14.181632,9.661033,1
175.100000,5,13.634107,9.113507,20.123907,28.603307,13.634107,9.113507,1
175.100000,6,14.144736,9.624136,20.123907,28.603307,14.144736,9.624136,1
175.100000,7,13.853592,9.332992,20.123907,28.603307,13.853592,9.332992,1
175.600000,5,11.952944,7.432344,19.216645,27.696045,11.952944,7.432344,1
175.600000,6,13.517995,8.997395,19.216645,27.696045,13.517995,8.997395,1
175.600000,7,12.888210,8.367611,19.216645,27.696045,12.888210,8.367611,1
176.100000,5,10.952872,6.432272,17.049159,25.528560,10.952872,6.432272,1
176.100000,6,8.748653,4.228053,17.049159,25.528560,8.748653,4.228053,1
176.100000,7,13.635582,9.114982,17.049159,25.528560,13.635582,9.114982,1
176.600000,5,13.318963,8.798363,19.778680,28.258080,13.318963,8.798363,1
176.600000,6,14.675155,10.154555,19.778680,28.258080,14.675155,10.154555,1
176.600000,7,9.092688,4.572088,19.778680,28.258080,9.092688,4.572088,1
177.100000,5,13.233352,8.712752,18.315624,26.795024,13.233352,8.712752,1
177.100000,6,11.090714,6.570114,18.315624,26.795024,11.090714,6.570114,1
177.100000,7,13.957281,9.436681,18.315624,26.795024,13.957281,9.436681,1
177.600000,5,14.911110,10.390510,17.835130,26.314530,14.911110,10.390510,1
177.600000,6,14.458150,9.937550,17.835130,26.314530,14.458150,9.937550,1
177.600000,7,13.351263,8.830664,17.835130,26.314530,13.351263,8.830664,1
178.100000,5,13.304539,8.783939,18.895743,27.375143,13.304539,8.783939,1
178.100000,6,10.818263,6.297663,18.895743,27.375143,10.818263,6.297663,1
178.100000,7,12.928803,8.408203,18.895743,27.375143,12.928803,8.408203,1
178.600000,5,13.624985,9.104385,20.156153,28.635553,13.624985,9.104385,1
178.600000,6,12.289828,7.769229,20.156153,28.635553,12.289828,7.769229,1
178.600000,7,16.965078,12.444478,20.156153,28.635553,16.965078,12.444478,1
179.100000,5,12.187091,7.666491,17.508844,25.988244,12.187091,7.666491,1
179.100000,6,12.859991,8.339391,17.508844,25.988244,12.859991,8.339391,1
179.100000,7,13.181376,8.660777,17.508844,25.988244,13.181376,8.660777,1
179.600000,5,13.785348,9.264749,18.729457,27.208857,13.785348,9.264749,1
179.600000,6,11.751692,7.231093,18.729457,27.208857,11.751692,7.231093,1
179.600000,7,10.400813,5.880213,18.729457,27.208857,10.400813,5.880213,1
180.100000,5,13.518536,8.997936,17.548750,26.028151,13.518536,8.997936,1
180.100000,6,11.607827,7.087227,17.548750,26.028151,11.607827,7.087227,1
180.100000,7,10.440663,5.920063,17.548750,26.028151,10.440663,5.920063,1
180.600000,5,13.697406,9.176806,16.163387,24.642788,13.697406,9.176806,1
180.600000,6,13.837604,9.317004,16.163387,24.642788,13.837604,9.317004,1
180.600000,7,13.654594,9.133994,16.163387,24.642788,13.654594,9.133994,1
181.100000,5,14.545598,10.024998,18.727812,27.207212,14.545598,10.024998,1
181.100000,6,12.631602,8.111002,18.727812,27.207212,12.631602,8.111002,1
181.100000,7,9.511473,4.990873,18.727812,27.207212,9.511473,4.990873,1
181.600000,5,13.116286,8.595686,19.691849,28.171249,13.116286,8.595686,1
181.600000,6,14.998230,10.477630,19.691849,28.171249,14.998230,10.477630,1
181.600000,7,12.335974,7.815374,19.691849,28.171249,12.335974,7.815374,1
182.100000,5,14.973156,10.452556,16.132529,24.611929,14.973156,10.452556,1
182.100000,6,10.697170,6.176570,16.132529,24.611929,10.697170,6.176570,1
182.100000,7,15.458985,10.938385,16.132529,24.611929,15.458985,10.938385,1
182.600000,5,7.855321,3.334721,18.742004,27.221404,7.855321,3.334721,1
182.600000,6,12.091220,7.570621,18.742004,27.221404,12.091220,7.570621,1
182.600000,7,10.972507,6.451907,18.742004,27.221404,10.972507,6.451907,1
183.100000,5,14.040953,9.520353,18.562006,27.041406,14.040953,9.520353,1
183.100000,6,9.336261,4.815661,18.562006,27.041406,9.336261,4.815661,1
183.100000,7,13.290194,8.769594,18.562006,27.041406,13.290194,8.769594,1
183.600000,5,11.796526,7.275926,16.198114,24.677514,11.796526,7.275926,1
183.600000,6,11.487606,6.967006,16.198114,24.677514,11.487606,6.967006,1
183.600000,7,12.967226,8.446626,16.198114,24.677514,12.967226,8.446626,1
184.100000,5,12.137019,7.616419,18.081728,26.561128,12.137019,7.616419,1
184.100000,6,13.577055,9.056455,18.081728,26.561128,13.577055,9.056455,1
184.100000,7,13.841490,9.320890,18.081728,26.561128,13.841490,9.320890,1
184.600000,5,13.594041,9.073441,19.795366,28.274766,13.594041,9.073441,1
184.600000,6,13.918490,9.397890,19.795366,28.274766,13.918490,9.397890,1
184.600000,7,10.418684,5.898084,19.795366,28.274766,10.418684,5.898084,1
185.100000,5,13.810166,9.289566,19.135203,27.614604,13.810166,9.289566,1
185.100000,6,12.024297,7.503697,19.135203,27.614604,12.024297,7.503697,1
185.100000,7,13.641129,9.120529,19.135203,27.614604,13.641129,9.120529,1
185.600000,5,9.521350,5.000750,17.774089,26.253489,9.521350,5.000750,1
185.600000,6,12.681226,8.160626,17.774089,26.253489,12.681226,8.160626,1
185.600000,7,11.770647,7.250047,17.774089,26.253489,11.770647,7.250047,1
186.100000,5,12.975803,8.455203,17.777771,26.257171,12.975803,8.455203,1
186.100000,6,11.978801,7.458201,17.777771,26.257171,11.978801,7.458201,1
186.100000,7,11.741832,7.221232,17.777771,26.257171,11.741832,7.221232,1
186.600000,5,11.570773,7.050173,21.108549,29.587949,11.570773,7.050173,1
186.600000,6,13.045805,8.525205,21.108549,29.587949,13.045805,8.525205,1
186.600000,7,7.650609,3.130009,21.108549,29.587949,7.650609,3.130009,1
187.100000,5,13.432990,8.912391,18.998049,27.477450,13.432990,8.912391,1
187.100000,6,12.439712,7.919113,18.998049,27.477450,12.439712,7.919113,1
187.100000,7,8.242019,3.721419,18.998049,27.477450,8.242019,3.721419,1
187.600000,5,11.933201,7.412601,18.454094,26.933494,11.933201,7.412601,1
187.600000,6,13.537814,9.017215,18.454094,26.933494,13.537814,9.017215,1
187.600000,7,15.879252,11.358652,18.454094,26.933494,15.879252,11.358652,1
188.100000,5,14.086298,9.565698,20.505375,28.984775,14.086298,9.565698,1
188.100000,6,12.811272,8.290673,20.505375,28.984775,12.811272,8.290673,1
188.100000,7,14.414219,9.893619,20.505375,28.984775,14.414219,9.893619,1
188.600000,5,12.264116,7.743516,12.911401,21.390801,12.264116,7.743516,1
188.600000,6,14.894654,10.374054,12.911401,21.390801,12.911401,10.374054,1
188.600000,7,11.291824,6.771224,12.911401,21.390801,11.291824,6.771224,1
189.100000,5,10.435394,5.914795,18.590850,27.070250,10.435394,5.914795,1
189.100000,6,14.790576,10.269976,18.590850,27.070250,14.790576,10.269976,1
189.100000,7,13.875750,9.355150,18.590850,27.070250,13.875750,9.355150,1
189.600000,5,12.656713,8.136114,18.167012,26.646412,12.656713,8.136114,1
189.600000,6,10.187570,5.666970,18.167012,26.646412,10.187570,5.666970,1
189.600000,7,9.789956,5.269356,18.167012,26.646412,9.789956,5.269356,1
190.100000,5,14.310883,9.790283,19.800410,28.279810,14.310883,9.790283,1
190.100000,6,14.579738,10.059138,19.800410,28.279810,14.579738,10.059138,1
190.100000,7,13.301378,8.780778,19.800410,28.279810,13.301378,8.780778,1
190.600000,5,14.557393,10.036793,15.647241,24.126641,14.557393,10.036793,1
190.600000,6,9.116693,4.596093,15.647241,24.126641,9.116693,4.596093,1
190.600000,7,13.625947,9.105347,15.647241,24.126641,13.625947,9.105347,1
191.100000,5,13.264267,8.743667,18.287770,26.767170,13.264267,8.743667,1
191.100000,6,13.622042,9.101442,18.287770,26.767170,13.622042,9.101442,1
191.100000,7,11.617601,7.097001,18.287770,26.767170,11.617601,7.097001,1
191.600000,5,11.721764,7.201164,19.896769,28.376169,11.721764,7.201164,1
191.600000,6,12.282491,7.761891,19.896769,28.376169,12.282491,7.761891,1
191.600000,7,9.070716,4.550116,19.896769,28.376169,9.070716,4.550116,1
192.100000,5,8.538935,4.018335,18.338873,26.818273,8.538935,4.018335,1
192.100000,6,11.105605,6.585006,18.338873,26.818273,11.105605,6.585006,1
192.100000,7,11.239075,6.718475,18.338873,26.818273,11.239075,6.718475,1
192.600000,5,15.007171,10.486571,18.208315,26.687715,15.007171,10.486571,1
192.600000,6,10.583131,6.062531,18.208315,26.687715,10.583131,6.062531,1
192.600000,7,13.176036,8.655436,18.208315,26.687715,13.176036,8.655436,1
193.100000,5,13.480654,8.960054,16.123292,24.602692,13.480654,8.960054,1
193.100000,6,14.354320,9.833720,16.123292,24.602692,14.354320,9.833720,1
193.100000,7,9.509703,4.989103,16.123292,24.602692,9.509703,4.989103,1
193.600000,5,11.523566,7.002966,17.892050,26.371450,11.523566,7.002966,1
193.600000,6,11.489787,6.969187,17.892050,26.371450,11.489787,6.969187,1
193.600000,7,9.948651,5.428051,17.892050,26.371450,9.948651,5.428051,1
194.100000,5,12.305645,7.785045,14.338003,22.817403,12.305645,7.785045,1
194.100000,6,13.079210,8.558610,14.338003,22.817403,13.079210,8.558610,1
194.100000,7,10.336881,5.816281,14.338003,22.817403,10.336881,5.816281,1
194.600000,5,13.179818,8.659218,21.771519,30.250919,13.179818,8.659218,1
194.600000,6,10.810935,6.290335,21.771519,30.250919,10.810935,6.290335,1
194.600000,7,13.704631,9.184031,21.771519,30.250919,13.704631,9.184031,1
195.100000,5,10.344278,5.823678,16.026958,24.506358,10.344278,5.823678,1
195.100000,6,11.154321,6.633721,16.026958,24.506358,11.154321,6.633721,1
195.100000,7,12.509895,7.989295,16.026958,24.506358,12.509895,7.989295,1
195.600000,5,11.638558,7.117958,19.942229,28.421629,11.638558,7.117958,1
195.600000,6,8.747609,4.227009,19.942229,28.421629,8.747609,4.227009,1
195.600000,7,10.906966,6.386366,19.942229,28.421629,10.906966,6.386366,1
196.100000,5,12.548707,8.028107,19.187652,27.667052,12.548707,8.028107,1
196.100000,6,16.122221,11.601622,19.187652,27.667052,16.122221,11.601622,1
196.100000,7,11.868120,7.347521,19.187652,27.667052,11.868120,7.347521,1
196.600000,5,12.225540,7.704940,20.095940,28.575340,12.225540,7.704940,1
196.600000,6,12.513621,7.993021,20.095940,28.575340,12.513621,7.993021,1
196.600000,7,10.280713,5.760113,20.095940,28.575340,10.280713,5.760113,1
197.100000,5,10.588880,6.068280,18.872538,27.351939,10.588880,6.068280,1
197.100000,6,11.817341,7.296741,18.872538,27.351939,11.817341,7.296741,1
197.100000,7,14.501142,9.980542,18.872538,27.351939,14.501142,9.980542,1
197.600000,5,10.622541,6.101941,19.676547,28.155947,10.622541,6.101941,1
197.600000,6,10.405012,5.884412,19.676547,28.155947,10.405012,5.884412,1
197.600000,7,13.554274,9.033674,19.676547,28.155947,13.554274,9.033674,1
198.100000,5,14.119304,9.598704,19.537778,28.017178,14.119304,9.598704,1
198.100000,6,13.939237,9.418637,19.537778,28.017178,13.939237,9.418637,1
198.100000,7,12.102107,7.581507,19.537778,28.017178,12.102107,7.581507,1
198.600000,5,13.199090,8.678490,18.664992,27.144392,13.199090,8.678490,1
198.600000,6,11.715080,7.194480,18.664992,27.144392,11.715080,7.194480,1
198.600000,7,10.177029,5.656429,18.664992,27.144392,10.177029,5.656429,1
199.100000,5,14.328005,9.807405,20.392433,28.871833,14.328005,9.807405,1
199.100000,6,12.915208,8.394608,20.392433,28.871833,12.915208,8.394608,1
199.100000,7,12.593388,8.072789,20.392433,28.871833,12.593388,8.072789,1
199.600000,5,12.833919,8.313319,17.488061,25.967461,12.833919,8.313319,1
199.600000,6,12.488222,7.967622,17.488061,25.967461,12.488222,7.967622,1
199.600000,7,13.389752,8.869152,17.488061,25.967461,13.389752,8.869152,1
