Time,UE,Dir,Delay,Jitter,Throughput,PDR
4,0,DL,0,0,0,0
4,0,UL,0,0,0,0
4,1,DL,0,0,0,0
4,1,UL,0,0,0,0
4,2,DL,0,0,0,0
4,2,UL,0,0,0,0
4,3,DL,0,0,0,0
4,3,UL,0,0,0,0
4,4,DL,0,0,0,0
4,4,UL,0,0,0,0
4,5,DL,0,0,0,0
4,5,UL,0,0,0,0
4,6,DL,0,0,0,0
4,6,UL,0,0,0,0
4,7,DL,0,0,0,0
4,7,UL,0,0,0,0
4,8,DL,0,0,0,0
4,8,UL,0,0,0,0
4,9,DL,0,0,0,0
4,9,UL,0,0,0,0
4,10,DL,0,0,0,0
4,10,UL,0,0,0,0
4,11,DL,0,0,0,0
4,11,UL,0,0,0,0
4,12,DL,0,0,0,0
4,12,UL,0,0,0,0
4,13,DL,0,0,0,0
4,13,UL,0,0,0,0
4,14,DL,0,0,0,0
4,14,UL,0,0,0,0
4,15,DL,0,0,0,0
4,15,UL,0,0,0,0
4,16,DL,0,0,0,0
4,16,UL,0,0,0,0
4,17,DL,0,0,0,0
4,17,UL,0,0,0,0
4,18,DL,0,0,0,0
4,18,UL,0,0,0,0
4,19,DL,0,0,0,0
4,19,UL,0,0,0,0
6,0,DL,0,0,0,0
6,0,UL,0,0,0,0
6,1,DL,0.0951,0.03,0.015686,8
6,1,UL,0,0,0,0
6,2,DL,0,0,0,0
6,2,UL,0,0,0,0
6,3,DL,0,0,0,0
6,3,UL,0,0,0,0
6,4,DL,0,0,0,0
6,4,UL,0,0,0,0
6,5,DL,0.01935,0.01975,0.015686,8
6,5,UL,0,0,0,0
6,6,DL,0,0,0,0
6,6,UL,0,0,0,0
6,7,DL,0,0,0,0
6,7,UL,0,0,0,0
6,8,DL,0.0407,0.0282,0.0196075,10
6,8,UL,0,0,0,0
6,9,DL,0,0,0,0
6,9,UL,0,0,0,0
6,10,DL,0.0912111,0.0532222,0.105881,54
6,10,UL,0,0,0,0
6,11,DL,0,0,0,0
6,11,UL,0,0,0,0
6,12,DL,0,0,0,0
6,12,UL,0,0,0,0
6,13,DL,0.1151,0.02,0.00784302,4
6,13,UL,0,0,0,0
6,14,DL,0,0,0,0
6,14,UL,0,0,0,0
6,15,DL,0,0,0,0
6,15,UL,0,0,0,0
6,16,DL,0,0,0,0
6,16,UL,0,0,0,0
6,17,DL,0,0,0,0
6,17,UL,0,0,0,0
6,18,DL,0.026073,0.0292973,0.145096,74
6,18,UL,0,0,0,0
6,19,DL,0,0,0,0
6,19,UL,0,0,0,0
8,0,DL,0,0,0,0
8,0,UL,0,0,0,0
8,1,DL,0,0,0,0
8,1,UL,0,0,0,0
8,2,DL,0,0,0,0
8,2,UL,0,0,0,0
8,3,DL,0,0,0,0
8,3,UL,0,0,0,0
8,4,DL,0,0,0,0
8,4,UL,0,0,0,0
8,5,DL,0,0,0,0
8,5,UL,0,0,0,0
8,6,DL,0,0,0,0
8,6,UL,0,0,0,0
8,7,DL,0,0,0,0
8,7,UL,0,0,0,0
8,8,DL,0,0,0,0
8,8,UL,0,0,0,0
8,9,DL,0,0,0,0
8,9,UL,0,0,0,0
8,10,DL,0,0,0,0
8,10,UL,0,0,0,0
8,11,DL,0,0,0,0
8,11,UL,0,0,0,0
8,12,DL,0,0,0,0
8,12,UL,0,0,0,0
8,13,DL,0,0,0,0
8,13,UL,0,0,0,0
8,14,DL,0,0,0,0
8,14,UL,0,0,0,0
8,15,DL,0,0,0,0
8,15,UL,0,0,0,0
8,16,DL,0,0,0,0
8,16,UL,0,0,0,0
8,17,DL,0,0,0,0
8,17,UL,0,0,0,0
8,18,DL,0,0,0,0
8,18,UL,0,0,0,0
8,19,DL,0,0,0,0
8,19,UL,0,0,0,0
10,0,DL,0,0,0,0
10,0,UL,0,0,0,0
10,1,DL,0,0,0,0
10,1,UL,0,0,0,0
10,2,DL,0,0,0,0
10,2,UL,0,0,0,0
10,3,DL,0,0,0,0
10,3,UL,0,0,0,0
10,4,DL,0,0,0,0
10,4,UL,0,0,0,0
10,5,DL,0,0,0,0
10,5,UL,0,0,0,0
10,6,DL,0,0,0,0
10,6,UL,0,0,0,0
10,7,DL,0,0,0,0
10,7,UL,0,0,0,0
10,8,DL,0,0,0,0
10,8,UL,0,0,0,0
10,9,DL,0,0,0,0
10,9,UL,0,0,0,0
10,10,DL,0,0,0,0
10,10,UL,0,0,0,0
10,11,DL,0,0,0,0
10,11,UL,0,0,0,0
10,12,DL,0,0,0,0
10,12,UL,0,0,0,0
10,13,DL,0,0,0,0
10,13,UL,0,0,0,0
10,14,DL,0,0,0,0
10,14,UL,0,0,0,0
10,15,DL,0,0,0,0
10,15,UL,0,0,0,0
10,16,DL,0,0,0,0
10,16,UL,0,0,0,0
10,17,DL,0,0,0,0
10,17,UL,0,0,0,0
10,18,DL,0,0,0,0
10,18,UL,0,0,0,0
10,19,DL,0,0,0,0
10,19,UL,0,0,0,0
12,0,DL,0,0,0,0
12,0,UL,0,0,0,0
12,1,DL,0,0,0,0
12,1,UL,0,0,0,0
12,2,DL,0,0,0,0
12,2,UL,0,0,0,0
12,3,DL,0,0,0,0
12,3,UL,0,0,0,0
12,4,DL,0,0,0,0
12,4,UL,0,0,0,0
12,5,DL,0,0,0,0
12,5,UL,0,0,0,0
12,6,DL,0,0,0,0
12,6,UL,0,0,0,0
12,7,DL,0,0,0,0
12,7,UL,0,0,0,0
12,8,DL,0,0,0,0
12,8,UL,0,0,0,0
12,9,DL,0,0,0,0
12,9,UL,0,0,0,0
12,10,DL,0,0,0,0
12,10,UL,0,0,0,0
12,11,DL,0,0,0,0
12,11,UL,0,0,0,0
12,12,DL,0,0,0,0
12,12,UL,0,0,0,0
12,13,DL,0,0,0,0
12,13,UL,0,0,0,0
12,14,DL,0,0,0,0
12,14,UL,0,0,0,0
12,15,DL,0,0,0,0
12,15,UL,0,0,0,0
12,16,DL,0,0,0,0
12,16,UL,0,0,0,0
12,17,DL,0,0,0,0
12,17,UL,0,0,0,0
12,18,DL,0,0,0,0
12,18,UL,0,0,0,0
12,19,DL,0,0,0,0
12,19,UL,0,0,0,0
14,0,DL,0,0,0,0
14,0,UL,0,0,0,0
14,1,DL,0,0,0,0
14,1,UL,0,0,0,0
14,2,DL,0,0,0,0
14,2,UL,0,0,0,0
14,3,DL,0,0,0,0
14,3,UL,0,0,0,0
14,4,DL,0,0,0,0
14,4,UL,0,0,0,0
14,5,DL,0,0,0,0
14,5,UL,0,0,0,0
14,6,DL,0,0,0,0
14,6,UL,0,0,0,0
14,7,DL,0,0,0,0
14,7,UL,0,0,0,0
14,8,DL,0,0,0,0
14,8,UL,0,0,0,0
14,9,DL,0,0,0,0
14,9,UL,0,0,0,0
14,10,DL,0,0,0,0
14,10,UL,0,0,0,0
14,11,DL,0,0,0,0
14,11,UL,0,0,0,0
14,12,DL,0,0,0,0
14,12,UL,0,0,0,0
14,13,DL,0,0,0,0
14,13,UL,0,0,0,0
14,14,DL,0,0,0,0
14,14,UL,0,0,0,0
14,15,DL,0,0,0,0
14,15,UL,0,0,0,0
14,16,DL,0,0,0,0
14,16,UL,0,0,0,0
14,17,DL,0,0,0,0
14,17,UL,0,0,0,0
14,18,DL,0,0,0,0
14,18,UL,0,0,0,0
14,19,DL,0,0,0,0
14,19,UL,0,0,0,0
16,0,DL,0,0,0,0
16,0,UL,0,0,0,0
16,1,DL,0,0,0,0
16,1,UL,0,0,0,0
16,2,DL,0,0,0,0
16,2,UL,0,0,0,0
16,3,DL,0,0,0,0
16,3,UL,0,0,0,0
16,4,DL,0,0,0,0
16,4,UL,0,0,0,0
16,5,DL,0,0,0,0
16,5,UL,0,0,0,0
16,6,DL,0,0,0,0
16,6,UL,0,0,0,0
16,7,DL,0,0,0,0
16,7,UL,0,0,0,0
16,8,DL,0,0,0,0
16,8,UL,0,0,0,0
16,9,DL,0,0,0,0
16,9,UL,0,0,0,0
16,10,DL,0,0,0,0
16,10,UL,0,0,0,0
16,11,DL,0,0,0,0
16,11,UL,0,0,0,0
16,12,DL,0,0,0,0
16,12,UL,0,0,0,0
16,13,DL,0,0,0,0
16,13,UL,0,0,0,0
16,14,DL,0,0,0,0
16,14,UL,0,0,0,0
16,15,DL,0,0,0,0
16,15,UL,0,0,0,0
16,16,DL,0,0,0,0
16,16,UL,0,0,0,0
16,17,DL,0,0,0,0
16,17,UL,0,0,0,0
16,18,DL,0,0,0,0
16,18,UL,0,0,0,0
16,19,DL,0.0111,0,0.00392151,2
16,19,UL,0,0,0,0
18,0,DL,0,0,0,0
18,0,UL,0,0,0,0
18,1,DL,0,0,0,0
18,1,UL,0,0,0,0
18,2,DL,0,0,0,0
18,2,UL,0,0,0,0
18,3,DL,0,0,0,0
18,3,UL,0,0,0,0
18,4,DL,0,0,0,0
18,4,UL,0,0,0,0
18,5,DL,0,0,0,0
18,5,UL,0,0,0,0
18,6,DL,0,0,0,0
18,6,UL,0,0,0,0
18,7,DL,0,0,0,0
18,7,UL,0,0,0,0
18,8,DL,0,0,0,0
18,8,UL,0,0,0,0
18,9,DL,0,0,0,0
18,9,UL,0,0,0,0
18,10,DL,0.0518738,0.0408214,0.0235291,12
18,10,UL,0,0,0,0
18,11,DL,0,0,0,0
18,11,UL,0,0,0,0
18,12,DL,0,0,0,0
18,12,UL,0,0,0,0
18,13,DL,0,0,0,0
18,13,UL,0,0,0,0
18,14,DL,0,0,0,0
18,14,UL,0,0,0,0
18,15,DL,0,0,0,0
18,15,UL,0,0,0,0
18,16,DL,0,0,0,0
18,16,UL,0,0,0,0
18,17,DL,0,0,0,0
18,17,UL,0,0,0,0
18,18,DL,0,0,0,0
18,18,UL,0,0,0,0
18,19,DL,0,0,0,0
18,19,UL,0,0,0,0
20,0,DL,0,0,0,0
20,0,UL,0,0,0,0
20,1,DL,0,0,0,0
20,1,UL,0,0,0,0
20,2,DL,0,0,0,0
20,2,UL,0,0,0,0
20,3,DL,0,0,0,0
20,3,UL,0,0,0,0
20,4,DL,0,0,0,0
20,4,UL,0,0,0,0
20,5,DL,0,0,0,0
20,5,UL,0,0,0,0
20,6,DL,0,0,0,0
20,6,UL,0,0,0,0
20,7,DL,0,0,0,0
20,7,UL,0,0,0,0
20,8,DL,0,0,0,0
20,8,UL,0,0,0,0
20,9,DL,0,0,0,0
20,9,UL,0,0,0,0
20,10,DL,0,0,0,0
20,10,UL,0,0,0,0
20,11,DL,0,0,0,0
20,11,UL,0,0,0,0
20,12,DL,0,0,0,0
20,12,UL,0,0,0,0
20,13,DL,0,0,0,0
20,13,UL,0,0,0,0
20,14,DL,0,0,0,0
20,14,UL,0,0,0,0
20,15,DL,0,0,0,0
20,15,UL,0,0,0,0
20,16,DL,0,0,0,0
20,16,UL,0,0,0,0
20,17,DL,0,0,0,0
20,17,UL,0,0,0,0
20,18,DL,0,0,0,0
20,18,UL,0,0,0,0
20,19,DL,0,0,0,0
20,19,UL,0,0,0,0
22,0,DL,0,0,0,0
22,0,UL,0,0,0,0
22,1,DL,0,0,0,0
22,1,UL,0,0,0,0
22,2,DL,0,0,0,0
22,2,UL,0,0,0,0
22,3,DL,0,0,0,0
22,3,UL,0,0,0,0
22,4,DL,0,0,0,0
22,4,UL,0,0,0,0
22,5,DL,0,0,0,0
22,5,UL,0,0,0,0
22,6,DL,0,0,0,0
22,6,UL,0,0,0,0
22,7,DL,0,0,0,0
22,7,UL,0,0,0,0
22,8,DL,0,0,0,0
22,8,UL,0,0,0,0
22,9,DL,0,0,0,0
22,9,UL,0,0,0,0
22,10,DL,0,0,0,0
22,10,UL,0,0,0,0
22,11,DL,0,0,0,0
22,11,UL,0,0,0,0
22,12,DL,0,0,0,0
22,12,UL,0,0,0,0
22,13,DL,0,0,0,0
22,13,UL,0,0,0,0
22,14,DL,0,0,0,0
22,14,UL,0,0,0,0
22,15,DL,0,0,0,0
22,15,UL,0,0,0,0
22,16,DL,0,0,0,0
22,16,UL,0,0,0,0
22,17,DL,0,0,0,0
22,17,UL,0,0,0,0
22,18,DL,0,0,0,0
22,18,UL,0,0,0,0
22,19,DL,0,0,0,0
22,19,UL,0,0,0,0
24,0,DL,0,0,0,0
24,0,UL,0,0,0,0
24,1,DL,0,0,0,0
24,1,UL,0,0,0,0
24,2,DL,0,0,0,0
24,2,UL,0,0,0,0
24,3,DL,0,0,0,0
24,3,UL,0,0,0,0
24,4,DL,0,0,0,0
24,4,UL,0,0,0,0
24,5,DL,0,0,0,0
24,5,UL,0,0,0,0
24,6,DL,0,0,0,0
24,6,UL,0,0,0,0
24,7,DL,0,0,0,0
24,7,UL,0,0,0,0
24,8,DL,0,0,0,0
24,8,UL,0,0,0,0
24,9,DL,0,0,0,0
24,9,UL,0,0,0,0
24,10,DL,0,0,0,0
24,10,UL,0,0,0,0
24,11,DL,0,0,0,0
24,11,UL,0,0,0,0
24,12,DL,0,0,0,0
24,12,UL,0,0,0,0
24,13,DL,0,0,0,0
24,13,UL,0,0,0,0
24,14,DL,0,0,0,0
24,14,UL,0,0,0,0
24,15,DL,0,0,0,0
24,15,UL,0,0,0,0
24,16,DL,0,0,0,0
24,16,UL,0,0,0,0
24,17,DL,0,0,0,0
24,17,UL,0,0,0,0
24,18,DL,0,0,0,0
24,18,UL,0,0,0,0
24,19,DL,0.184767,0.088,0.0117645,6
24,19,UL,0,0,0,0
26,0,DL,0,0,0,0
26,0,UL,0,0,0,0
26,1,DL,0,0,0,0
26,1,UL,0,0,0,0
26,2,DL,0,0,0,0
26,2,UL,0,0,0,0
26,3,DL,0,0,0,0
26,3,UL,0,0,0,0
26,4,DL,0,0,0,0
26,4,UL,0,0,0,0
26,5,DL,0,0,0,0
26,5,UL,0,0,0,0
26,6,DL,0,0,0,0
26,6,UL,0,0,0,0
26,7,DL,0,0,0,0
26,7,UL,0,0,0,0
26,8,DL,0,0,0,0
26,8,UL,0,0,0,0
26,9,DL,0,0,0,0
26,9,UL,0,0,0,0
26,10,DL,0,0,0,0
26,10,UL,0,0,0,0
26,11,DL,0,0,0,0
26,11,UL,0,0,0,0
26,12,DL,0,0,0,0
26,12,UL,0,0,0,0
26,13,DL,0,0,0,0
26,13,UL,0,0,0,0
26,14,DL,0,0,0,0
26,14,UL,0,0,0,0
26,15,DL,0,0,0,0
26,15,UL,0,0,0,0
26,16,DL,0,0,0,0
26,16,UL,0,0,0,0
26,17,DL,0,0,0,0
26,17,UL,0,0,0,0
26,18,DL,0,0,0,0
26,18,UL,0,0,0,0
26,19,DL,0,0,0,0
26,19,UL,0,0,0,0
28,0,DL,0,0,0,0
28,0,UL,0,0,0,0
28,1,DL,0,0,0,0
28,1,UL,0,0,0,0
28,2,DL,0,0,0,0
28,2,UL,0,0,0,0
28,3,DL,0,0,0,0
28,3,UL,0,0,0,0
28,4,DL,0,0,0,0
28,4,UL,0,0,0,0
28,5,DL,0,0,0,0
28,5,UL,0,0,0,0
28,6,DL,0,0,0,0
28,6,UL,0,0,0,0
28,7,DL,0,0,0,0
28,7,UL,0,0,0,0
28,8,DL,0,0,0,0
28,8,UL,0,0,0,0
28,9,DL,0,0,0,0
28,9,UL,0,0,0,0
28,10,DL,0,0,0,0
28,10,UL,0,0,0,0
28,11,DL,0,0,0,0
28,11,UL,0,0,0,0
28,12,DL,0,0,0,0
28,12,UL,0,0,0,0
28,13,DL,0,0,0,0
28,13,UL,0,0,0,0
28,14,DL,0,0,0,0
28,14,UL,0,0,0,0
28,15,DL,0,0,0,0
28,15,UL,0,0,0,0
28,16,DL,0,0,0,0
28,16,UL,0,0,0,0
28,17,DL,0,0,0,0
28,17,UL,0,0,0,0
28,18,DL,0,0,0,0
28,18,UL,0,0,0,0
28,19,DL,0,0,0,0
28,19,UL,0,0,0,0
30,0,DL,0,0,0,0
30,0,UL,0,0,0,0
30,1,DL,0,0,0,0
30,1,UL,0,0,0,0
30,2,DL,0,0,0,0
30,2,UL,0,0,0,0
30,3,DL,0,0,0,0
30,3,UL,0,0,0,0
30,4,DL,0,0,0,0
30,4,UL,0,0,0,0
30,5,DL,0,0,0,0
30,5,UL,0,0,0,0
30,6,DL,0,0,0,0
30,6,UL,0,0,0,0
30,7,DL,0,0,0,0
30,7,UL,0,0,0,0
30,8,DL,0,0,0,0
30,8,UL,0,0,0,0
30,9,DL,0,0,0,0
30,9,UL,0,0,0,0
30,10,DL,0,0,0,0
30,10,UL,0,0,0,0
30,11,DL,0,0,0,0
30,11,UL,0,0,0,0
30,12,DL,0,0,0,0
30,12,UL,0,0,0,0
30,13,DL,0,0,0,0
30,13,UL,0,0,0,0
30,14,DL,0,0,0,0
30,14,UL,0,0,0,0
30,15,DL,0,0,0,0
30,15,UL,0,0,0,0
30,16,DL,0,0,0,0
30,16,UL,0,0,0,0
30,17,DL,0,0,0,0
30,17,UL,0,0,0,0
30,18,DL,0,0,0,0
30,18,UL,0,0,0,0
30,19,DL,0,0,0,0
30,19,UL,0,0,0,0
32,0,DL,0,0,0,0
32,0,UL,0,0,0,0
32,1,DL,0,0,0,0
32,1,UL,0,0,0,0
32,2,DL,0,0,0,0
32,2,UL,0,0,0,0
32,3,DL,0,0,0,0
32,3,UL,0,0,0,0
32,4,DL,0,0,0,0
32,4,UL,0,0,0,0
32,5,DL,0,0,0,0
32,5,UL,0,0,0,0
32,6,DL,0,0,0,0
32,6,UL,0,0,0,0
32,7,DL,0,0,0,0
32,7,UL,0,0,0,0
32,8,DL,0,0,0,0
32,8,UL,0,0,0,0
32,9,DL,0,0,0,0
32,9,UL,0,0,0,0
32,10,DL,0,0,0,0
32,10,UL,0,0,0,0
32,11,DL,0,0,0,0
32,11,UL,0,0,0,0
32,12,DL,0,0,0,0
32,12,UL,0,0,0,0
32,13,DL,0,0,0,0
32,13,UL,0,0,0,0
32,14,DL,0,0,0,0
32,14,UL,0,0,0,0
32,15,DL,0,0,0,0
32,15,UL,0,0,0,0
32,16,DL,0,0,0,0
32,16,UL,0,0,0,0
32,17,DL,0,0,0,0
32,17,UL,0,0,0,0
32,18,DL,0,0,0,0
32,18,UL,0,0,0,0
32,19,DL,0,0,0,0
32,19,UL,0,0,0,0
34,0,DL,0,0,0,0
34,0,UL,0,0,0,0
34,1,DL,0,0,0,0
34,1,UL,0,0,0,0
34,2,DL,0,0,0,0
34,2,UL,0,0,0,0
34,3,DL,0,0,0,0
34,3,UL,0,0,0,0
34,4,DL,0,0,0,0
34,4,UL,0,0,0,0
34,5,DL,0,0,0,0
34,5,UL,0,0,0,0
34,6,DL,0,0,0,0
34,6,UL,0,0,0,0
34,7,DL,0,0,0,0
34,7,UL,0,0,0,0
34,8,DL,0,0,0,0
34,8,UL,0,0,0,0
34,9,DL,0,0,0,0
34,9,UL,0,0,0,0
34,10,DL,0,0,0,0
34,10,UL,0,0,0,0
34,11,DL,0,0,0,0
34,11,UL,0,0,0,0
34,12,DL,0,0,0,0
34,12,UL,0,0,0,0
34,13,DL,0,0,0,0
34,13,UL,0,0,0,0
34,14,DL,0,0,0,0
34,14,UL,0,0,0,0
34,15,DL,0,0,0,0
34,15,UL,0,0,0,0
34,16,DL,0,0,0,0
34,16,UL,0,0,0,0
34,17,DL,0,0,0,0
34,17,UL,0,0,0,0
34,18,DL,0,0,0,0
34,18,UL,0,0,0,0
34,19,DL,0,0,0,0
34,19,UL,0,0,0,0
36,0,DL,0,0,0,0
36,0,UL,0,0,0,0
36,1,DL,0,0,0,0
36,1,UL,0,0,0,0
36,2,DL,0,0,0,0
36,2,UL,0,0,0,0
36,3,DL,0,0,0,0
36,3,UL,0,0,0,0
36,4,DL,0,0,0,0
36,4,UL,0,0,0,0
36,5,DL,0,0,0,0
36,5,UL,0,0,0,0
36,6,DL,0,0,0,0
36,6,UL,0,0,0,0
36,7,DL,0,0,0,0
36,7,UL,0,0,0,0
36,8,DL,0,0,0,0
36,8,UL,0,0,0,0
36,9,DL,0,0,0,0
36,9,UL,0,0,0,0
36,10,DL,0,0,0,0
36,10,UL,0,0,0,0
36,11,DL,0,0,0,0
36,11,UL,0,0,0,0
36,12,DL,0,0,0,0
36,12,UL,0,0,0,0
36,13,DL,0,0,0,0
36,13,UL,0,0,0,0
36,14,DL,0,0,0,0
36,14,UL,0,0,0,0
36,15,DL,0,0,0,0
36,15,UL,0,0,0,0
36,16,DL,0,0,0,0
36,16,UL,0,0,0,0
36,17,DL,0,0,0,0
36,17,UL,0,0,0,0
36,18,DL,0,0,0,0
36,18,UL,0,0,0,0
36,19,DL,0,0,0,0
36,19,UL,0,0,0,0
38,0,DL,0,0,0,0
38,0,UL,0,0,0,0
38,1,DL,0,0,0,0
38,1,UL,0,0,0,0
38,2,DL,0,0,0,0
38,2,UL,0,0,0,0
38,3,DL,0,0,0,0
38,3,UL,0,0,0,0
38,4,DL,0,0,0,0
38,4,UL,0,0,0,0
38,5,DL,0,0,0,0
38,5,UL,0,0,0,0
38,6,DL,0,0,0,0
38,6,UL,0,0,0,0
38,7,DL,0,0,0,0
38,7,UL,0,0,0,0
38,8,DL,0,0,0,0
38,8,UL,0,0,0,0
38,9,DL,0,0,0,0
38,9,UL,0,0,0,0
38,10,DL,0,0,0,0
38,10,UL,0,0,0,0
38,11,DL,0,0,0,0
38,11,UL,0,0,0,0
38,12,DL,0,0,0,0
38,12,UL,0,0,0,0
38,13,DL,0.0801595,0.0586905,0.0235291,12
38,13,UL,0,0,0,0
38,14,DL,0,0,0,0
38,14,UL,0,0,0,0
38,15,DL,0,0,0,0
38,15,UL,0,0,0,0
38,16,DL,0,0,0,0
38,16,UL,0,0,0,0
38,17,DL,0,0,0,0
38,17,UL,0,0,0,0
38,18,DL,0,0,0,0
38,18,UL,0,0,0,0
38,19,DL,0,0,0,0
38,19,UL,0,0,0,0
40,0,DL,0,0,0,0
40,0,UL,0,0,0,0
40,1,DL,0,0,0,0
40,1,UL,0,0,0,0
40,2,DL,0,0,0,0
40,2,UL,0,0,0,0
40,3,DL,0,0,0,0
40,3,UL,0,0,0,0
40,4,DL,0,0,0,0
40,4,UL,0,0,0,0
40,5,DL,0,0,0,0
40,5,UL,0,0,0,0
40,6,DL,0,0,0,0
40,6,UL,0,0,0,0
40,7,DL,0,0,0,0
40,7,UL,0,0,0,0
40,8,DL,0,0,0,0
40,8,UL,0,0,0,0
40,9,DL,0,0,0,0
40,9,UL,0,0,0,0
40,10,DL,0,0,0,0
40,10,UL,0,0,0,0
40,11,DL,0,0,0,0
40,11,UL,0,0,0,0
40,12,DL,0,0,0,0
40,12,UL,0,0,0,0
40,13,DL,0,0,0,0
40,13,UL,0,0,0,0
40,14,DL,0,0,0,0
40,14,UL,0,0,0,0
40,15,DL,0,0,0,0
40,15,UL,0,0,0,0
40,16,DL,0,0,0,0
40,16,UL,0,0,0,0
40,17,DL,0,0,0,0
40,17,UL,0,0,0,0
40,18,DL,0,0,0,0
40,18,UL,0,0,0,0
40,19,DL,0,0,0,0
40,19,UL,0,0,0,0
42,0,DL,0,0,0,0
42,0,UL,0,0,0,0
42,1,DL,0,0,0,0
42,1,UL,0,0,0,0
42,2,DL,0,0,0,0
42,2,UL,0,0,0,0
42,3,DL,0,0,0,0
42,3,UL,0,0,0,0
42,4,DL,0,0,0,0
42,4,UL,0,0,0,0
42,5,DL,0,0,0,0
42,5,UL,0,0,0,0
42,6,DL,0,0,0,0
42,6,UL,0,0,0,0
42,7,DL,0,0,0,0
42,7,UL,0,0,0,0
42,8,DL,0,0,0,0
42,8,UL,0,0,0,0
42,9,DL,0,0,0,0
42,9,UL,0,0,0,0
42,10,DL,0,0,0,0
42,10,UL,0,0,0,0
42,11,DL,0,0,0,0
42,11,UL,0,0,0,0
42,12,DL,0,0,0,0
42,12,UL,0,0,0,0
42,13,DL,0,0,0,0
42,13,UL,0,0,0,0
42,14,DL,0,0,0,0
42,14,UL,0,0,0,0
42,15,DL,0,0,0,0
42,15,UL,0,0,0,0
42,16,DL,0,0,0,0
42,16,UL,0,0,0,0
42,17,DL,0,0,0,0
42,17,UL,0,0,0,0
42,18,DL,0,0,0,0
42,18,UL,0,0,0,0
42,19,DL,0,0,0,0
42,19,UL,0,0,0,0
44,0,DL,0,0,0,0
44,0,UL,0,0,0,0
44,1,DL,0,0,0,0
44,1,UL,0,0,0,0
44,2,DL,0,0,0,0
44,2,UL,0,0,0,0
44,3,DL,0,0,0,0
44,3,UL,0,0,0,0
44,4,DL,0,0,0,0
44,4,UL,0,0,0,0
44,5,DL,0,0,0,0
44,5,UL,0,0,0,0
44,6,DL,0,0,0,0
44,6,UL,0,0,0,0
44,7,DL,0,0,0,0
44,7,UL,0,0,0,0
44,8,DL,0,0,0,0
44,8,UL,0,0,0,0
44,9,DL,0,0,0,0
44,9,UL,0,0,0,0
44,10,DL,0,0,0,0
44,10,UL,0,0,0,0
44,11,DL,0,0,0,0
44,11,UL,0,0,0,0
44,12,DL,0,0,0,0
44,12,UL,0,0,0,0
44,13,DL,0,0,0,0
44,13,UL,0,0,0,0
44,14,DL,0,0,0,0
44,14,UL,0,0,0,0
44,15,DL,0,0,0,0
44,15,UL,0,0,0,0
44,16,DL,0,0,0,0
44,16,UL,0,0,0,0
44,17,DL,0,0,0,0
44,17,UL,0,0,0,0
44,18,DL,0,0,0,0
44,18,UL,0,0,0,0
44,19,DL,0,0,0,0
44,19,UL,0,0,0,0
46,0,DL,0,0,0,0
46,0,UL,0,0,0,0
46,1,DL,0,0,0,0
46,1,UL,0,0,0,0
46,2,DL,0,0,0,0
46,2,UL,0,0,0,0
46,3,DL,0,0,0,0
46,3,UL,0,0,0,0
46,4,DL,0,0,0,0
46,4,UL,0,0,0,0
46,5,DL,0,0,0,0
46,5,UL,0,0,0,0
46,6,DL,0,0,0,0
46,6,UL,0,0,0,0
46,7,DL,0,0,0,0
46,7,UL,0,0,0,0
46,8,DL,0,0,0,0
46,8,UL,0,0,0,0
46,9,DL,0,0,0,0
46,9,UL,0,0,0,0
46,10,DL,0,0,0,0
46,10,UL,0,0,0,0
46,11,DL,0,0,0,0
46,11,UL,0,0,0,0
46,12,DL,0,0,0,0
46,12,UL,0,0,0,0
46,13,DL,0,0,0,0
46,13,UL,0,0,0,0
46,14,DL,0,0,0,0
46,14,UL,0,0,0,0
46,15,DL,0,0,0,0
46,15,UL,0,0,0,0
46,16,DL,0,0,0,0
46,16,UL,0,0,0,0
46,17,DL,0,0,0,0
46,17,UL,0,0,0,0
46,18,DL,0,0,0,0
46,18,UL,0,0,0,0
46,19,DL,0,0,0,0
46,19,UL,0,0,0,0
48,0,DL,0,0,0,0
48,0,UL,0,0,0,0
48,1,DL,0,0,0,0
48,1,UL,0,0,0,0
48,2,DL,0,0,0,0
48,2,UL,0,0,0,0
48,3,DL,0,0,0,0
48,3,UL,0,0,0,0
48,4,DL,0,0,0,0
48,4,UL,0,0,0,0
48,5,DL,0,0,0,0
48,5,UL,0,0,0,0
48,6,DL,0,0,0,0
48,6,UL,0,0,0,0
48,7,DL,0,0,0,0
48,7,UL,0,0,0,0
48,8,DL,0,0,0,0
48,8,UL,0,0,0,0
48,9,DL,0,0,0,0
48,9,UL,0,0,0,0
48,10,DL,0,0,0,0
48,10,UL,0,0,0,0
48,11,DL,0,0,0,0
48,11,UL,0,0,0,0
48,12,DL,0,0,0,0
48,12,UL,0,0,0,0
48,13,DL,0,0,0,0
48,13,UL,0,0,0,0
48,14,DL,0,0,0,0
48,14,UL,0,0,0,0
48,15,DL,0,0,0,0
48,15,UL,0,0,0,0
48,16,DL,0,0,0,0
48,16,UL,0,0,0,0
48,17,DL,0,0,0,0
48,17,UL,0,0,0,0
48,18,DL,0,0,0,0
48,18,UL,0,0,0,0
48,19,DL,0,0,0,0
48,19,UL,0,0,0,0
50,0,DL,0,0,0,0
50,0,UL,0,0,0,0
50,1,DL,0,0,0,0
50,1,UL,0,0,0,0
50,2,DL,0,0,0,0
50,2,UL,0,0,0,0
50,3,DL,0,0,0,0
50,3,UL,0,0,0,0
50,4,DL,0,0,0,0
50,4,UL,0,0,0,0
50,5,DL,0,0,0,0
50,5,UL,0,0,0,0
50,6,DL,0,0,0,0
50,6,UL,0,0,0,0
50,7,DL,0,0,0,0
50,7,UL,0,0,0,0
50,8,DL,0,0,0,0
50,8,UL,0,0,0,0
50,9,DL,0,0,0,0
50,9,UL,0,0,0,0
50,10,DL,0,0,0,0
50,10,UL,0,0,0,0
50,11,DL,0,0,0,0
50,11,UL,0,0,0,0
50,12,DL,0,0,0,0
50,12,UL,0,0,0,0
50,13,DL,0,0,0,0
50,13,UL,0,0,0,0
50,14,DL,0,0,0,0
50,14,UL,0,0,0,0
50,15,DL,0,0,0,0
50,15,UL,0,0,0,0
50,16,DL,0,0,0,0
50,16,UL,0,0,0,0
50,17,DL,0,0,0,0
50,17,UL,0,0,0,0
50,18,DL,0,0,0,0
50,18,UL,0,0,0,0
50,19,DL,0,0,0,0
50,19,UL,0,0,0,0
52,0,DL,0,0,0,0
52,0,UL,0,0,0,0
52,1,DL,0,0,0,0
52,1,UL,0,0,0,0
52,2,DL,0,0,0,0
52,2,UL,0,0,0,0
52,3,DL,0.0294571,0.0133333,0.0117645,6
52,3,UL,0,0,0,0
52,4,DL,0,0,0,0
52,4,UL,0,0,0,0
52,5,DL,0,0,0,0
52,5,UL,0,0,0,0
52,6,DL,0,0,0,0
52,6,UL,0,0,0,0
52,7,DL,0,0,0,0
52,7,UL,0,0,0,0
52,8,DL,0,0,0,0
52,8,UL,0,0,0,0
52,9,DL,0,0,0,0
52,9,UL,0,0,0,0
52,10,DL,0,0,0,0
52,10,UL,0,0,0,0
52,11,DL,0,0,0,0
52,11,UL,0,0,0,0
52,12,DL,0,0,0,0
52,12,UL,0,0,0,0
52,13,DL,0,0,0,0
52,13,UL,0,0,0,0
52,14,DL,0,0,0,0
52,14,UL,0,0,0,0
52,15,DL,0,0,0,0
52,15,UL,0,0,0,0
52,16,DL,0,0,0,0
52,16,UL,0,0,0,0
52,17,DL,0,0,0,0
52,17,UL,0,0,0,0
52,18,DL,0,0,0,0
52,18,UL,0,0,0,0
52,19,DL,0,0,0,0
52,19,UL,0,0,0,0
54,0,DL,0,0,0,0
54,0,UL,0,0,0,0
54,1,DL,0,0,0,0
54,1,UL,0,0,0,0
54,2,DL,0,0,0,0
54,2,UL,0,0,0,0
54,3,DL,0,0,0,0
54,3,UL,0,0,0,0
54,4,DL,0,0,0,0
54,4,UL,0,0,0,0
54,5,DL,0,0,0,0
54,5,UL,0,0,0,0
54,6,DL,0,0,0,0
54,6,UL,0,0,0,0
54,7,DL,0,0,0,0
54,7,UL,0,0,0,0
54,8,DL,0,0,0,0
54,8,UL,0,0,0,0
54,9,DL,0,0,0,0
54,9,UL,0,0,0,0
54,10,DL,0,0,0,0
54,10,UL,0,0,0,0
54,11,DL,0,0,0,0
54,11,UL,0,0,0,0
54,12,DL,0,0,0,0
54,12,UL,0,0,0,0
54,13,DL,0,0,0,0
54,13,UL,0,0,0,0
54,14,DL,0,0,0,0
54,14,UL,0,0,0,0
54,15,DL,0,0,0,0
54,15,UL,0,0,0,0
54,16,DL,0,0,0,0
54,16,UL,0,0,0,0
54,17,DL,0,0,0,0
54,17,UL,0,0,0,0
54,18,DL,0,0,0,0
54,18,UL,0,0,0,0
54,19,DL,0,0,0,0
54,19,UL,0,0,0,0
56,0,DL,0,0,0,0
56,0,UL,0,0,0,0
56,1,DL,0,0,0,0
56,1,UL,0,0,0,0
56,2,DL,0,0,0,0
56,2,UL,0,0,0,0
56,3,DL,0,0,0,0
56,3,UL,0,0,0,0
56,4,DL,0,0,0,0
56,4,UL,0,0,0,0
56,5,DL,0,0,0,0
56,5,UL,0,0,0,0
56,6,DL,0,0,0,0
56,6,UL,0,0,0,0
56,7,DL,0,0,0,0
56,7,UL,0,0,0,0
56,8,DL,0,0,0,0
56,8,UL,0,0,0,0
56,9,DL,0,0,0,0
56,9,UL,0,0,0,0
56,10,DL,0,0,0,0
56,10,UL,0,0,0,0
56,11,DL,0,0,0,0
56,11,UL,0,0,0,0
56,12,DL,0,0,0,0
56,12,UL,0,0,0,0
56,13,DL,0,0,0,0
56,13,UL,0,0,0,0
56,14,DL,0,0,0,0
56,14,UL,0,0,0,0
56,15,DL,0,0,0,0
56,15,UL,0,0,0,0
56,16,DL,0,0,0,0
56,16,UL,0,0,0,0
56,17,DL,0,0,0,0
56,17,UL,0,0,0,0
56,18,DL,0,0,0,0
56,18,UL,0,0,0,0
56,19,DL,0,0,0,0
56,19,UL,0,0,0,0
58,0,DL,0,0,0,0
58,0,UL,0,0,0,0
58,1,DL,0,0,0,0
58,1,UL,0,0,0,0
58,2,DL,0,0,0,0
58,2,UL,0,0,0,0
58,3,DL,0,0,0,0
58,3,UL,0,0,0,0
58,4,DL,0,0,0,0
58,4,UL,0,0,0,0
58,5,DL,0,0,0,0
58,5,UL,0,0,0,0
58,6,DL,0,0,0,0
58,6,UL,0,0,0,0
58,7,DL,0,0,0,0
58,7,UL,0,0,0,0
58,8,DL,0,0,0,0
58,8,UL,0,0,0,0
58,9,DL,0,0,0,0
58,9,UL,0,0,0,0
58,10,DL,0.0293262,0.0357738,0.0235291,12
58,10,UL,0,0,0,0
58,11,DL,0,0,0,0
58,11,UL,0,0,0,0
58,12,DL,0,0,0,0
58,12,UL,0,0,0,0
58,13,DL,0,0,0,0
58,13,UL,0,0,0,0
58,14,DL,0,0,0,0
58,14,UL,0,0,0,0
58,15,DL,0,0,0,0
58,15,UL,0,0,0,0
58,16,DL,0,0,0,0
58,16,UL,0,0,0,0
58,17,DL,0,0,0,0
58,17,UL,0,0,0,0
58,18,DL,0,0,0,0
58,18,UL,0,0,0,0
58,19,DL,0,0,0,0
58,19,UL,0,0,0,0
60,0,DL,0,0,0,0
60,0,UL,0,0,0,0
60,1,DL,0,0,0,0
60,1,UL,0,0,0,0
60,2,DL,0,0,0,0
60,2,UL,0,0,0,0
60,3,DL,0,0,0,0
60,3,UL,0,0,0,0
60,4,DL,0,0,0,0
60,4,UL,0,0,0,0
60,5,DL,0,0,0,0
60,5,UL,0,0,0,0
60,6,DL,0,0,0,0
60,6,UL,0,0,0,0
60,7,DL,0,0,0,0
60,7,UL,0,0,0,0
60,8,DL,0,0,0,0
60,8,UL,0,0,0,0
60,9,DL,0,0,0,0
60,9,UL,0,0,0,0
60,10,DL,0,0,0,0
60,10,UL,0,0,0,0
60,11,DL,0,0,0,0
60,11,UL,0,0,0,0
60,12,DL,0,0,0,0
60,12,UL,0,0,0,0
60,13,DL,0,0,0,0
60,13,UL,0,0,0,0
60,14,DL,0,0,0,0
60,14,UL,0,0,0,0
60,15,DL,0,0,0,0
60,15,UL,0,0,0,0
60,16,DL,0,0,0,0
60,16,UL,0,0,0,0
60,17,DL,0,0,0,0
60,17,UL,0,0,0,0
60,18,DL,0,0,0,0
60,18,UL,0,0,0,0
60,19,DL,0,0,0,0
60,19,UL,0,0,0,0
62,0,DL,0,0,0,0
62,0,UL,0,0,0,0
62,1,DL,0,0,0,0
62,1,UL,0,0,0,0
62,2,DL,0,0,0,0
62,2,UL,0,0,0,0
62,3,DL,0,0,0,0
62,3,UL,0,0,0,0
62,4,DL,0,0,0,0
62,4,UL,0,0,0,0
62,5,DL,0,0,0,0
62,5,UL,0,0,0,0
62,6,DL,0,0,0,0
62,6,UL,0,0,0,0
62,7,DL,0,0,0,0
62,7,UL,0,0,0,0
62,8,DL,0,0,0,0
62,8,UL,0,0,0,0
62,9,DL,0,0,0,0
62,9,UL,0,0,0,0
62,10,DL,0,0,0,0
62,10,UL,0,0,0,0
62,11,DL,0,0,0,0
62,11,UL,0,0,0,0
62,12,DL,0,0,0,0
62,12,UL,0,0,0,0
62,13,DL,0,0,0,0
62,13,UL,0,0,0,0
62,14,DL,0,0,0,0
62,14,UL,0,0,0,0
62,15,DL,0,0,0,0
62,15,UL,0,0,0,0
62,16,DL,0,0,0,0
62,16,UL,0,0,0,0
62,17,DL,0,0,0,0
62,17,UL,0,0,0,0
62,18,DL,0,0,0,0
62,18,UL,0,0,0,0
62,19,DL,0.0241,0.251,0.00392151,2
62,19,UL,0,0,0,0
64,0,DL,0,0,0,0
64,0,UL,0,0,0,0
64,1,DL,0,0,0,0
64,1,UL,0,0,0,0
64,2,DL,0,0,0,0
64,2,UL,0,0,0,0
64,3,DL,0,0,0,0
64,3,UL,0,0,0,0
64,4,DL,0,0,0,0
64,4,UL,0,0,0,0
64,5,DL,0,0,0,0
64,5,UL,0,0,0,0
64,6,DL,0,0,0,0
64,6,UL,0,0,0,0
64,7,DL,0,0,0,0
64,7,UL,0,0,0,0
64,8,DL,0,0,0,0
64,8,UL,0,0,0,0
64,9,DL,0,0,0,0
64,9,UL,0,0,0,0
64,10,DL,0,0,0,0
64,10,UL,0,0,0,0
64,11,DL,0,0,0,0
64,11,UL,0,0,0,0
64,12,DL,0,0,0,0
64,12,UL,0,0,0,0
64,13,DL,0,0,0,0
64,13,UL,0,0,0,0
64,14,DL,0,0,0,0
64,14,UL,0,0,0,0
64,15,DL,0,0,0,0
64,15,UL,0,0,0,0
64,16,DL,0,0,0,0
64,16,UL,0,0,0,0
64,17,DL,0,0,0,0
64,17,UL,0,0,0,0
64,18,DL,0,0,0,0
64,18,UL,0,0,0,0
64,19,DL,0,0,0,0
64,19,UL,0,0,0,0
66,0,DL,0,0,0,0
66,0,UL,0,0,0,0
66,1,DL,0,0,0,0
66,1,UL,0,0,0,0
66,2,DL,0,0,0,0
66,2,UL,0,0,0,0
66,3,DL,0,0,0,0
66,3,UL,0,0,0,0
66,4,DL,0,0,0,0
66,4,UL,0,0,0,0
66,5,DL,0,0,0,0
66,5,UL,0,0,0,0
66,6,DL,0,0,0,0
66,6,UL,0,0,0,0
66,7,DL,0,0,0,0
66,7,UL,0,0,0,0
66,8,DL,0,0,0,0
66,8,UL,0,0,0,0
66,9,DL,0,0,0,0
66,9,UL,0,0,0,0
66,10,DL,0,0,0,0
66,10,UL,0,0,0,0
66,11,DL,0,0,0,0
66,11,UL,0,0,0,0
66,12,DL,0,0,0,0
66,12,UL,0,0,0,0
66,13,DL,0,0,0,0
66,13,UL,0,0,0,0
66,14,DL,0,0,0,0
66,14,UL,0,0,0,0
66,15,DL,0,0,0,0
66,15,UL,0,0,0,0
66,16,DL,0,0,0,0
66,16,UL,0,0,0,0
66,17,DL,0,0,0,0
66,17,UL,0,0,0,0
66,18,DL,0,0,0,0
66,18,UL,0,0,0,0
66,19,DL,0,0,0,0
66,19,UL,0,0,0,0
68,0,DL,0,0,0,0
68,0,UL,0,0,0,0
68,1,DL,0,0,0,0
68,1,UL,0,0,0,0
68,2,DL,0,0,0,0
68,2,UL,0,0,0,0
68,3,DL,0,0,0,0
68,3,UL,0,0,0,0
68,4,DL,0,0,0,0
68,4,UL,0,0,0,0
68,5,DL,0,0,0,0
68,5,UL,0,0,0,0
68,6,DL,0,0,0,0
68,6,UL,0,0,0,0
68,7,DL,0,0,0,0
68,7,UL,0,0,0,0
68,8,DL,0,0,0,0
68,8,UL,0,0,0,0
68,9,DL,0,0,0,0
68,9,UL,0,0,0,0
68,10,DL,0,0,0,0
68,10,UL,0,0,0,0
68,11,DL,0,0,0,0
68,11,UL,0,0,0,0
68,12,DL,0,0,0,0
68,12,UL,0,0,0,0
68,13,DL,0,0,0,0
68,13,UL,0,0,0,0
68,14,DL,0,0,0,0
68,14,UL,0,0,0,0
68,15,DL,0,0,0,0
68,15,UL,0,0,0,0
68,16,DL,0,0,0,0
68,16,UL,0,0,0,0
68,17,DL,0,0,0,0
68,17,UL,0,0,0,0
68,18,DL,0,0,0,0
68,18,UL,0,0,0,0
68,19,DL,0,0,0,0
68,19,UL,0,0,0,0
70,0,DL,0,0,0,0
70,0,UL,0,0,0,0
70,1,DL,0,0,0,0
70,1,UL,0,0,0,0
70,2,DL,0,0,0,0
70,2,UL,0,0,0,0
70,3,DL,0,0,0,0
70,3,UL,0,0,0,0
70,4,DL,0,0,0,0
70,4,UL,0,0,0,0
70,5,DL,0,0,0,0
70,5,UL,0,0,0,0
70,6,DL,0,0,0,0
70,6,UL,0,0,0,0
70,7,DL,0,0,0,0
70,7,UL,0,0,0,0
70,8,DL,0,0,0,0
70,8,UL,0,0,0,0
70,9,DL,0,0,0,0
70,9,UL,0,0,0,0
70,10,DL,0,0,0,0
70,10,UL,0,0,0,0
70,11,DL,0,0,0,0
70,11,UL,0,0,0,0
70,12,DL,0,0,0,0
70,12,UL,0,0,0,0
70,13,DL,0,0,0,0
70,13,UL,0,0,0,0
70,14,DL,0,0,0,0
70,14,UL,0,0,0,0
70,15,DL,0,0,0,0
70,15,UL,0,0,0,0
70,16,DL,0,0,0,0
70,16,UL,0,0,0,0
70,17,DL,0,0,0,0
70,17,UL,0,0,0,0
70,18,DL,0,0,0,0
70,18,UL,0,0,0,0
70,19,DL,0,0,0,0
70,19,UL,0,0,0,0
72,0,DL,0,0,0,0
72,0,UL,0,0,0,0
72,1,DL,0,0,0,0
72,1,UL,0,0,0,0
72,2,DL,0,0,0,0
72,2,UL,0,0,0,0
72,3,DL,0,0,0,0
72,3,UL,0,0,0,0
72,4,DL,0,0,0,0
72,4,UL,0,0,0,0
72,5,DL,0,0,0,0
72,5,UL,0,0,0,0
72,6,DL,0,0,0,0
72,6,UL,0,0,0,0
72,7,DL,0,0,0,0
72,7,UL,0,0,0,0
72,8,DL,0,0,0,0
72,8,UL,0,0,0,0
72,9,DL,0,0,0,0
72,9,UL,0,0,0,0
72,10,DL,0,0,0,0
72,10,UL,0,0,0,0
72,11,DL,0,0,0,0
72,11,UL,0,0,0,0
72,12,DL,0,0,0,0
72,12,UL,0,0,0,0
72,13,DL,0.0151,0.0277143,0.00392151,2
72,13,UL,0,0,0,0
72,14,DL,0,0,0,0
72,14,UL,0,0,0,0
72,15,DL,0,0,0,0
72,15,UL,0,0,0,0
72,16,DL,0,0,0,0
72,16,UL,0,0,0,0
72,17,DL,0,0,0,0
72,17,UL,0,0,0,0
72,18,DL,0,0,0,0
72,18,UL,0,0,0,0
72,19,DL,0,0,0,0
72,19,UL,0,0,0,0
74,0,DL,0,0,0,0
74,0,UL,0,0,0,0
74,1,DL,0,0,0,0
74,1,UL,0,0,0,0
74,2,DL,0,0,0,0
74,2,UL,0,0,0,0
74,3,DL,0,0,0,0
74,3,UL,0,0,0,0
74,4,DL,0,0,0,0
74,4,UL,0,0,0,0
74,5,DL,0,0,0,0
74,5,UL,0,0,0,0
74,6,DL,0,0,0,0
74,6,UL,0,0,0,0
74,7,DL,0,0,0,0
74,7,UL,0,0,0,0
74,8,DL,0,0,0,0
74,8,UL,0,0,0,0
74,9,DL,0,0,0,0
74,9,UL,0,0,0,0
74,10,DL,0,0,0,0
74,10,UL,0,0,0,0
74,11,DL,0,0,0,0
74,11,UL,0,0,0,0
74,12,DL,0,0,0,0
74,12,UL,0,0,0,0
74,13,DL,0,0,0,0
74,13,UL,0,0,0,0
74,14,DL,0,0,0,0
74,14,UL,0,0,0,0
74,15,DL,0,0,0,0
74,15,UL,0,0,0,0
74,16,DL,0,0,0,0
74,16,UL,0,0,0,0
74,17,DL,0,0,0,0
74,17,UL,0,0,0,0
74,18,DL,0,0,0,0
74,18,UL,0,0,0,0
74,19,DL,0,0,0,0
74,19,UL,0,0,0,0
76,0,DL,0,0,0,0
76,0,UL,0,0,0,0
76,1,DL,0,0,0,0
76,1,UL,0,0,0,0
76,2,DL,0,0,0,0
76,2,UL,0,0,0,0
76,3,DL,0,0,0,0
76,3,UL,0,0,0,0
76,4,DL,0,0,0,0
76,4,UL,0,0,0,0
76,5,DL,0,0,0,0
76,5,UL,0,0,0,0
76,6,DL,0,0,0,0
76,6,UL,0,0,0,0
76,7,DL,0,0,0,0
76,7,UL,0,0,0,0
76,8,DL,0.121656,0.067,0.0352936,18
76,8,UL,0,0,0,0
76,9,DL,0,0,0,0
76,9,UL,0,0,0,0
76,10,DL,0,0,0,0
76,10,UL,0,0,0,0
76,11,DL,0,0,0,0
76,11,UL,0,0,0,0
76,12,DL,0,0,0,0
76,12,UL,0,0,0,0
76,13,DL,0,0,0,0
76,13,UL,0,0,0,0
76,14,DL,0,0,0,0
76,14,UL,0,0,0,0
76,15,DL,0,0,0,0
76,15,UL,0,0,0,0
76,16,DL,0,0,0,0
76,16,UL,0,0,0,0
76,17,DL,0,0,0,0
76,17,UL,0,0,0,0
76,18,DL,0,0,0,0
76,18,UL,0,0,0,0
76,19,DL,0,0,0,0
76,19,UL,0,0,0,0
78,0,DL,0,0,0,0
78,0,UL,0,0,0,0
78,1,DL,0,0,0,0
78,1,UL,0,0,0,0
78,2,DL,0,0,0,0
78,2,UL,0,0,0,0
78,3,DL,0,0,0,0
78,3,UL,0,0,0,0
78,4,DL,0,0,0,0
78,4,UL,0,0,0,0
78,5,DL,0,0,0,0
78,5,UL,0,0,0,0
78,6,DL,0,0,0,0
78,6,UL,0,0,0,0
78,7,DL,0,0,0,0
78,7,UL,0,0,0,0
78,8,DL,0,0,0,0
78,8,UL,0,0,0,0
78,9,DL,0,0,0,0
78,9,UL,0,0,0,0
78,10,DL,0,0,0,0
78,10,UL,0,0,0,0
78,11,DL,0,0,0,0
78,11,UL,0,0,0,0
78,12,DL,0,0,0,0
78,12,UL,0,0,0,0
78,13,DL,0.0240643,0.0176786,0.015686,8
78,13,UL,0,0,0,0
78,14,DL,0,0,0,0
78,14,UL,0,0,0,0
78,15,DL,0.0241,0,0.00392151,2
78,15,UL,0,0,0,0
78,16,DL,0,0,0,0
78,16,UL,0,0,0,0
78,17,DL,0,0,0,0
78,17,UL,0,0,0,0
78,18,DL,0,0,0,0
78,18,UL,0,0,0,0
78,19,DL,0,0,0,0
78,19,UL,0,0,0,0
80,0,DL,0,0,0,0
80,0,UL,0,0,0,0
80,1,DL,0,0,0,0
80,1,UL,0,0,0,0
80,2,DL,0,0,0,0
80,2,UL,0,0,0,0
80,3,DL,0,0,0,0
80,3,UL,0,0,0,0
80,4,DL,0,0,0,0
80,4,UL,0,0,0,0
80,5,DL,0,0,0,0
80,5,UL,0,0,0,0
80,6,DL,0,0,0,0
80,6,UL,0,0,0,0
80,7,DL,0,0,0,0
80,7,UL,0,0,0,0
80,8,DL,0,0,0,0
80,8,UL,0,0,0,0
80,9,DL,0,0,0,0
80,9,UL,0,0,0,0
80,10,DL,0,0,0,0
80,10,UL,0,0,0,0
80,11,DL,0,0,0,0
80,11,UL,0,0,0,0
80,12,DL,0,0,0,0
80,12,UL,0,0,0,0
80,13,DL,0,0,0,0
80,13,UL,0,0,0,0
80,14,DL,0,0,0,0
80,14,UL,0,0,0,0
80,15,DL,0,0,0,0
80,15,UL,0,0,0,0
80,16,DL,0,0,0,0
80,16,UL,0,0,0,0
80,17,DL,0,0,0,0
80,17,UL,0,0,0,0
80,18,DL,0,0,0,0
80,18,UL,0,0,0,0
80,19,DL,0,0,0,0
80,19,UL,0,0,0,0
82,0,DL,0,0,0,0
82,0,UL,0,0,0,0
82,1,DL,0,0,0,0
82,1,UL,0,0,0,0
82,2,DL,0,0,0,0
82,2,UL,0,0,0,0
82,3,DL,0,0,0,0
82,3,UL,0,0,0,0
82,4,DL,0,0,0,0
82,4,UL,0,0,0,0
82,5,DL,0,0,0,0
82,5,UL,0,0,0,0
82,6,DL,0,0,0,0
82,6,UL,0,0,0,0
82,7,DL,0,0,0,0
82,7,UL,0,0,0,0
82,8,DL,0,0,0,0
82,8,UL,0,0,0,0
82,9,DL,0,0,0,0
82,9,UL,0,0,0,0
82,10,DL,0,0,0,0
82,10,UL,0,0,0,0
82,11,DL,0,0,0,0
82,11,UL,0,0,0,0
82,12,DL,0,0,0,0
82,12,UL,0,0,0,0
82,13,DL,0,0,0,0
82,13,UL,0,0,0,0
82,14,DL,0,0,0,0
82,14,UL,0,0,0,0
82,15,DL,0,0,0,0
82,15,UL,0,0,0,0
82,16,DL,0,0,0,0
82,16,UL,0,0,0,0
82,17,DL,0,0,0,0
82,17,UL,0,0,0,0
82,18,DL,0,0,0,0
82,18,UL,0,0,0,0
82,19,DL,0,0,0,0
82,19,UL,0,0,0,0
84,0,DL,0,0,0,0
84,0,UL,0,0,0,0
84,1,DL,0,0,0,0
84,1,UL,0,0,0,0
84,2,DL,0,0,0,0
84,2,UL,0,0,0,0
84,3,DL,0,0,0,0
84,3,UL,0,0,0,0
84,4,DL,0,0,0,0
84,4,UL,0,0,0,0
84,5,DL,0,0,0,0
84,5,UL,0,0,0,0
84,6,DL,0,0,0,0
84,6,UL,0,0,0,0
84,7,DL,0,0,0,0
84,7,UL,0,0,0,0
84,8,DL,0,0,0,0
84,8,UL,0,0,0,0
84,9,DL,0,0,0,0
84,9,UL,0,0,0,0
84,10,DL,0,0,0,0
84,10,UL,0,0,0,0
84,11,DL,0,0,0,0
84,11,UL,0,0,0,0
84,12,DL,0,0,0,0
84,12,UL,0,0,0,0
84,13,DL,0,0,0,0
84,13,UL,0,0,0,0
84,14,DL,0,0,0,0
84,14,UL,0,0,0,0
84,15,DL,0,0,0,0
84,15,UL,0,0,0,0
84,16,DL,0,0,0,0
84,16,UL,0,0,0,0
84,17,DL,0,0,0,0
84,17,UL,0,0,0,0
84,18,DL,0,0,0,0
84,18,UL,0,0,0,0
84,19,DL,0,0,0,0
84,19,UL,0,0,0,0
86,0,DL,0,0,0,0
86,0,UL,0,0,0,0
86,1,DL,0,0,0,0
86,1,UL,0,0,0,0
86,2,DL,0,0,0,0
86,2,UL,0,0,0,0
86,3,DL,0,0,0,0
86,3,UL,0,0,0,0
86,4,DL,0,0,0,0
86,4,UL,0,0,0,0
86,5,DL,0,0,0,0
86,5,UL,0,0,0,0
86,6,DL,0,0,0,0
86,6,UL,0,0,0,0
86,7,DL,0,0,0,0
86,7,UL,0,0,0,0
86,8,DL,0,0,0,0
86,8,UL,0,0,0,0
86,9,DL,0,0,0,0
86,9,UL,0,0,0,0
86,10,DL,0,0,0,0
86,10,UL,0,0,0,0
86,11,DL,0,0,0,0
86,11,UL,0,0,0,0
86,12,DL,0,0,0,0
86,12,UL,0,0,0,0
86,13,DL,0,0,0,0
86,13,UL,0,0,0,0
86,14,DL,0,0,0,0
86,14,UL,0,0,0,0
86,15,DL,0,0,0,0
86,15,UL,0,0,0,0
86,16,DL,0,0,0,0
86,16,UL,0,0,0,0
86,17,DL,0,0,0,0
86,17,UL,0,0,0,0
86,18,DL,0,0,0,0
86,18,UL,0,0,0,0
86,19,DL,0,0,0,0
86,19,UL,0,0,0,0
88,0,DL,0,0,0,0
88,0,UL,0,0,0,0
88,1,DL,0,0,0,0
88,1,UL,0,0,0,0
88,2,DL,0,0,0,0
88,2,UL,0,0,0,0
88,3,DL,0,0,0,0
88,3,UL,0,0,0,0
88,4,DL,0,0,0,0
88,4,UL,0,0,0,0
88,5,DL,0,0,0,0
88,5,UL,0,0,0,0
88,6,DL,0,0,0,0
88,6,UL,0,0,0,0
88,7,DL,0,0,0,0
88,7,UL,0,0,0,0
88,8,DL,0,0,0,0
88,8,UL,0,0,0,0
88,9,DL,0,0,0,0
88,9,UL,0,0,0,0
88,10,DL,0,0,0,0
88,10,UL,0,0,0,0
88,11,DL,0,0,0,0
88,11,UL,0,0,0,0
88,12,DL,0,0,0,0
88,12,UL,0,0,0,0
88,13,DL,0,0,0,0
88,13,UL,0,0,0,0
88,14,DL,0,0,0,0
88,14,UL,0,0,0,0
88,15,DL,0,0,0,0
88,15,UL,0,0,0,0
88,16,DL,0,0,0,0
88,16,UL,0,0,0,0
88,17,DL,0,0,0,0
88,17,UL,0,0,0,0
88,18,DL,0,0,0,0
88,18,UL,0,0,0,0
88,19,DL,0,0,0,0
88,19,UL,0,0,0,0
90,0,DL,0,0,0,0
90,0,UL,0,0,0,0
90,1,DL,0,0,0,0
90,1,UL,0,0,0,0
90,2,DL,0,0,0,0
90,2,UL,0,0,0,0
90,3,DL,0,0,0,0
90,3,UL,0,0,0,0
90,4,DL,0,0,0,0
90,4,UL,0,0,0,0
90,5,DL,0,0,0,0
90,5,UL,0,0,0,0
90,6,DL,0,0,0,0
90,6,UL,0,0,0,0
90,7,DL,0,0,0,0
90,7,UL,0,0,0,0
90,8,DL,0,0,0,0
90,8,UL,0,0,0,0
90,9,DL,0,0,0,0
90,9,UL,0,0,0,0
90,10,DL,0,0,0,0
90,10,UL,0,0,0,0
90,11,DL,0,0,0,0
90,11,UL,0,0,0,0
90,12,DL,0,0,0,0
90,12,UL,0,0,0,0
90,13,DL,0,0,0,0
90,13,UL,0,0,0,0
90,14,DL,0,0,0,0
90,14,UL,0,0,0,0
90,15,DL,0,0,0,0
90,15,UL,0,0,0,0
90,16,DL,0,0,0,0
90,16,UL,0,0,0,0
90,17,DL,0,0,0,0
90,17,UL,0,0,0,0
90,18,DL,0,0,0,0
90,18,UL,0,0,0,0
90,19,DL,0,0,0,0
90,19,UL,0,0,0,0
92,0,DL,0,0,0,0
92,0,UL,0,0,0,0
92,1,DL,0,0,0,0
92,1,UL,0,0,0,0
92,2,DL,0,0,0,0
92,2,UL,0,0,0,0
92,3,DL,0,0,0,0
92,3,UL,0,0,0,0
92,4,DL,0,0,0,0
92,4,UL,0,0,0,0
92,5,DL,0,0,0,0
92,5,UL,0,0,0,0
92,6,DL,0,0,0,0
92,6,UL,0,0,0,0
92,7,DL,0,0,0,0
92,7,UL,0,0,0,0
92,8,DL,0,0,0,0
92,8,UL,0,0,0,0
92,9,DL,0,0,0,0
92,9,UL,0,0,0,0
92,10,DL,0,0,0,0
92,10,UL,0,0,0,0
92,11,DL,0,0,0,0
92,11,UL,0,0,0,0
92,12,DL,0,0,0,0
92,12,UL,0,0,0,0
92,13,DL,0,0,0,0
92,13,UL,0,0,0,0
92,14,DL,0,0,0,0
92,14,UL,0,0,0,0
92,15,DL,0,0,0,0
92,15,UL,0,0,0,0
92,16,DL,0,0,0,0
92,16,UL,0,0,0,0
92,17,DL,0,0,0,0
92,17,UL,0,0,0,0
92,18,DL,0.0144571,0.0196429,0.00784302,4
92,18,UL,0,0,0,0
92,19,DL,0.0769095,0.0730952,0.0117645,6
92,19,UL,0,0,0,0
94,0,DL,0,0,0,0
94,0,UL,0,0,0,0
94,1,DL,0,0,0,0
94,1,UL,0,0,0,0
94,2,DL,0.0339,0.0294,0.0196075,10
94,2,UL,0,0,0,0
94,3,DL,0,0,0,0
94,3,UL,0,0,0,0
94,4,DL,0,0,0,0
94,4,UL,0,0,0,0
94,5,DL,0,0,0,0
94,5,UL,0,0,0,0
94,6,DL,0,0,0,0
94,6,UL,0,0,0,0
94,7,DL,0,0,0,0
94,7,UL,0,0,0,0
94,8,DL,0,0,0,0
94,8,UL,0,0,0,0
94,9,DL,0,0,0,0
94,9,UL,0,0,0,0
94,10,DL,0,0,0,0
94,10,UL,0,0,0,0
94,11,DL,0,0,0,0
94,11,UL,0,0,0,0
94,12,DL,0,0,0,0
94,12,UL,0,0,0,0
94,13,DL,0,0,0,0
94,13,UL,0,0,0,0
94,14,DL,0,0,0,0
94,14,UL,0,0,0,0
94,15,DL,0,0,0,0
94,15,UL,0,0,0,0
94,16,DL,0,0,0,0
94,16,UL,0,0,0,0
94,17,DL,0,0,0,0
94,17,UL,0,0,0,0
94,18,DL,0,0,0,0
94,18,UL,0,0,0,0
94,19,DL,0,0,0,0
94,19,UL,0,0,0,0
96,0,DL,0,0,0,0
96,0,UL,0,0,0,0
96,1,DL,0,0,0,0
96,1,UL,0,0,0,0
96,2,DL,0,0,0,0
96,2,UL,0,0,0,0
96,3,DL,0,0,0,0
96,3,UL,0,0,0,0
96,4,DL,0,0,0,0
96,4,UL,0,0,0,0
96,5,DL,0,0,0,0
96,5,UL,0,0,0,0
96,6,DL,0,0,0,0
96,6,UL,0,0,0,0
96,7,DL,0,0,0,0
96,7,UL,0,0,0,0
96,8,DL,0,0,0,0
96,8,UL,0,0,0,0
96,9,DL,0,0,0,0
96,9,UL,0,0,0,0
96,10,DL,0,0,0,0
96,10,UL,0,0,0,0
96,11,DL,0,0,0,0
96,11,UL,0,0,0,0
96,12,DL,0,0,0,0
96,12,UL,0,0,0,0
96,13,DL,0,0,0,0
96,13,UL,0,0,0,0
96,14,DL,0,0,0,0
96,14,UL,0,0,0,0
96,15,DL,0,0,0,0
96,15,UL,0,0,0,0
96,16,DL,0,0,0,0
96,16,UL,0,0,0,0
96,17,DL,0,0,0,0
96,17,UL,0,0,0,0
96,18,DL,0,0,0,0
96,18,UL,0,0,0,0
96,19,DL,0,0,0,0
96,19,UL,0,0,0,0
98,0,DL,0,0,0,0
98,0,UL,0,0,0,0
98,1,DL,0,0,0,0
98,1,UL,0,0,0,0
98,2,DL,0,0,0,0
98,2,UL,0,0,0,0
98,3,DL,0,0,0,0
98,3,UL,0,0,0,0
98,4,DL,0,0,0,0
98,4,UL,0,0,0,0
98,5,DL,0,0,0,0
98,5,UL,0,0,0,0
98,6,DL,0,0,0,0
98,6,UL,0,0,0,0
98,7,DL,0,0,0,0
98,7,UL,0,0,0,0
98,8,DL,0,0,0,0
98,8,UL,0,0,0,0
98,9,DL,0,0,0,0
98,9,UL,0,0,0,0
98,10,DL,0,0,0,0
98,10,UL,0,0,0,0
98,11,DL,0,0,0,0
98,11,UL,0,0,0,0
98,12,DL,0,0,0,0
98,12,UL,0,0,0,0
98,13,DL,0,0,0,0
98,13,UL,0,0,0,0
98,14,DL,0,0,0,0
98,14,UL,0,0,0,0
98,15,DL,0,0,0,0
98,15,UL,0,0,0,0
98,16,DL,0,0,0,0
98,16,UL,0,0,0,0
98,17,DL,0,0,0,0
98,17,UL,0,0,0,0
98,18,DL,0,0,0,0
98,18,UL,0,0,0,0
98,19,DL,0,0,0,0
98,19,UL,0,0,0,0
100,0,DL,0,0,0,0
100,0,UL,0,0,0,0
100,1,DL,0,0,0,0
100,1,UL,0,0,0,0
100,2,DL,0,0,0,0
100,2,UL,0,0,0,0
100,3,DL,0,0,0,0
100,3,UL,0,0,0,0
100,4,DL,0,0,0,0
100,4,UL,0,0,0,0
100,5,DL,0,0,0,0
100,5,UL,0,0,0,0
100,6,DL,0.0267667,0.016,0.0117645,6
100,6,UL,0,0,0,0
100,7,DL,0,0,0,0
100,7,UL,0,0,0,0
100,8,DL,0,0,0,0
100,8,UL,0,0,0,0
100,9,DL,0,0,0,0
100,9,UL,0,0,0,0
100,10,DL,0,0,0,0
100,10,UL,0,0,0,0
100,11,DL,0,0,0,0
100,11,UL,0,0,0,0
100,12,DL,0,0,0,0
100,12,UL,0,0,0,0
100,13,DL,0,0,0,0
100,13,UL,0,0,0,0
100,14,DL,0,0,0,0
100,14,UL,0,0,0,0
100,15,DL,0,0,0,0
100,15,UL,0,0,0,0
100,16,DL,0,0,0,0
100,16,UL,0,0,0,0
100,17,DL,0,0,0,0
100,17,UL,0,0,0,0
100,18,DL,0,0,0,0
100,18,UL,0,0,0,0
100,19,DL,0,0,0,0
100,19,UL,0,0,0,0
102,0,DL,0,0,0,0
102,0,UL,0,0,0,0
102,1,DL,0,0,0,0
102,1,UL,0,0,0,0
102,2,DL,0,0,0,0
102,2,UL,0,0,0,0
102,3,DL,0,0,0,0
102,3,UL,0,0,0,0
102,4,DL,0,0,0,0
102,4,UL,0,0,0,0
102,5,DL,0,0,0,0
102,5,UL,0,0,0,0
102,6,DL,0,0,0,0
102,6,UL,0,0,0,0
102,7,DL,0,0,0,0
102,7,UL,0,0,0,0
102,8,DL,0,0,0,0
102,8,UL,0,0,0,0
102,9,DL,0,0,0,0
102,9,UL,0,0,0,0
102,10,DL,0,0,0,0
102,10,UL,0,0,0,0
102,11,DL,0,0,0,0
102,11,UL,0,0,0,0
102,12,DL,0,0,0,0
102,12,UL,0,0,0,0
102,13,DL,0,0,0,0
102,13,UL,0,0,0,0
102,14,DL,0,0,0,0
102,14,UL,0,0,0,0
102,15,DL,0,0,0,0
102,15,UL,0,0,0,0
102,16,DL,0,0,0,0
102,16,UL,0,0,0,0
102,17,DL,0,0,0,0
102,17,UL,0,0,0,0
102,18,DL,0,0,0,0
102,18,UL,0,0,0,0
102,19,DL,0,0,0,0
102,19,UL,0,0,0,0
104,0,DL,0,0,0,0
104,0,UL,0,0,0,0
104,1,DL,0,0,0,0
104,1,UL,0,0,0,0
104,2,DL,0.0141,0.0105,0.00784302,4
104,2,UL,0,0,0,0
104,3,DL,0,0,0,0
104,3,UL,0,0,0,0
104,4,DL,0,0,0,0
104,4,UL,0,0,0,0
104,5,DL,0,0,0,0
104,5,UL,0,0,0,0
104,6,DL,0,0,0,0
104,6,UL,0,0,0,0
104,7,DL,0,0,0,0
104,7,UL,0,0,0,0
104,8,DL,0,0,0,0
104,8,UL,0,0,0,0
104,9,DL,0,0,0,0
104,9,UL,0,0,0,0
104,10,DL,0,0,0,0
104,10,UL,0,0,0,0
104,11,DL,0,0,0,0
104,11,UL,0,0,0,0
104,12,DL,0,0,0,0
104,12,UL,0,0,0,0
104,13,DL,0.110957,0.0650408,0.0274506,14
104,13,UL,0,0,0,0
104,14,DL,0,0,0,0
104,14,UL,0,0,0,0
104,15,DL,0,0,0,0
104,15,UL,0,0,0,0
104,16,DL,0,0,0,0
104,16,UL,0,0,0,0
104,17,DL,0,0,0,0
104,17,UL,0,0,0,0
104,18,DL,0,0,0,0
104,18,UL,0,0,0,0
104,19,DL,0,0,0,0
104,19,UL,0,0,0,0
106,0,DL,0,0,0,0
106,0,UL,0,0,0,0
106,1,DL,0,0,0,0
106,1,UL,0,0,0,0
106,2,DL,0,0,0,0
106,2,UL,0,0,0,0
106,3,DL,0,0,0,0
106,3,UL,0,0,0,0
106,4,DL,0,0,0,0
106,4,UL,0,0,0,0
106,5,DL,0,0,0,0
106,5,UL,0,0,0,0
106,6,DL,0,0,0,0
106,6,UL,0,0,0,0
106,7,DL,0,0,0,0
106,7,UL,0,0,0,0
106,8,DL,0,0,0,0
106,8,UL,0,0,0,0
106,9,DL,0,0,0,0
106,9,UL,0,0,0,0
106,10,DL,0,0,0,0
106,10,UL,0,0,0,0
106,11,DL,0,0,0,0
106,11,UL,0,0,0,0
106,12,DL,0,0,0,0
106,12,UL,0,0,0,0
106,13,DL,0,0,0,0
106,13,UL,0,0,0,0
106,14,DL,0,0,0,0
106,14,UL,0,0,0,0
106,15,DL,0,0,0,0
106,15,UL,0,0,0,0
106,16,DL,0,0,0,0
106,16,UL,0,0,0,0
106,17,DL,0,0,0,0
106,17,UL,0,0,0,0
106,18,DL,0,0,0,0
106,18,UL,0,0,0,0
106,19,DL,0,0,0,0
106,19,UL,0,0,0,0
108,0,DL,0,0,0,0
108,0,UL,0,0,0,0
108,1,DL,0,0,0,0
108,1,UL,0,0,0,0
108,2,DL,0,0,0,0
108,2,UL,0,0,0,0
108,3,DL,0,0,0,0
108,3,UL,0,0,0,0
108,4,DL,0,0,0,0
108,4,UL,0,0,0,0
108,5,DL,0,0,0,0
108,5,UL,0,0,0,0
108,6,DL,0,0,0,0
108,6,UL,0,0,0,0
108,7,DL,0,0,0,0
108,7,UL,0,0,0,0
108,8,DL,0,0,0,0
108,8,UL,0,0,0,0
108,9,DL,0,0,0,0
108,9,UL,0,0,0,0
108,10,DL,0,0,0,0
108,10,UL,0,0,0,0
108,11,DL,0,0,0,0
108,11,UL,0,0,0,0
108,12,DL,0,0,0,0
108,12,UL,0,0,0,0
108,13,DL,0,0,0,0
108,13,UL,0,0,0,0
108,14,DL,0,0,0,0
108,14,UL,0,0,0,0
108,15,DL,0,0,0,0
108,15,UL,0,0,0,0
108,16,DL,0,0,0,0
108,16,UL,0,0,0,0
108,17,DL,0,0,0,0
108,17,UL,0,0,0,0
108,18,DL,0,0,0,0
108,18,UL,0,0,0,0
108,19,DL,0,0,0,0
108,19,UL,0,0,0,0
110,0,DL,0,0,0,0
110,0,UL,0,0,0,0
110,1,DL,0,0,0,0
110,1,UL,0,0,0,0
110,2,DL,0,0,0,0
110,2,UL,0,0,0,0
110,3,DL,0,0,0,0
110,3,UL,0,0,0,0
110,4,DL,0,0,0,0
110,4,UL,0,0,0,0
110,5,DL,0,0,0,0
110,5,UL,0,0,0,0
110,6,DL,0,0,0,0
110,6,UL,0,0,0,0
110,7,DL,0,0,0,0
110,7,UL,0,0,0,0
110,8,DL,0,0,0,0
110,8,UL,0,0,0,0
110,9,DL,0,0,0,0
110,9,UL,0,0,0,0
110,10,DL,0,0,0,0
110,10,UL,0,0,0,0
110,11,DL,0,0,0,0
110,11,UL,0,0,0,0
110,12,DL,0,0,0,0
110,12,UL,0,0,0,0
110,13,DL,0,0,0,0
110,13,UL,0,0,0,0
110,14,DL,0,0,0,0
110,14,UL,0,0,0,0
110,15,DL,0,0,0,0
110,15,UL,0,0,0,0
110,16,DL,0,0,0,0
110,16,UL,0,0,0,0
110,17,DL,0,0,0,0
110,17,UL,0,0,0,0
110,18,DL,0,0,0,0
110,18,UL,0,0,0,0
110,19,DL,0,0,0,0
110,19,UL,0,0,0,0
112,0,DL,0,0,0,0
112,0,UL,0,0,0,0
112,1,DL,0,0,0,0
112,1,UL,0,0,0,0
112,2,DL,0,0,0,0
112,2,UL,0,0,0,0
112,3,DL,0,0,0,0
112,3,UL,0,0,0,0
112,4,DL,0,0,0,0
112,4,UL,0,0,0,0
112,5,DL,0,0,0,0
112,5,UL,0,0,0,0
112,6,DL,0,0,0,0
112,6,UL,0,0,0,0
112,7,DL,0,0,0,0
112,7,UL,0,0,0,0
112,8,DL,0,0,0,0
112,8,UL,0,0,0,0
112,9,DL,0,0,0,0
112,9,UL,0,0,0,0
112,10,DL,0,0,0,0
112,10,UL,0,0,0,0
112,11,DL,0,0,0,0
112,11,UL,0,0,0,0
112,12,DL,0,0,0,0
112,12,UL,0,0,0,0
112,13,DL,0,0,0,0
112,13,UL,0,0,0,0
112,14,DL,0,0,0,0
112,14,UL,0,0,0,0
112,15,DL,0,0,0,0
112,15,UL,0,0,0,0
112,16,DL,0,0,0,0
112,16,UL,0,0,0,0
112,17,DL,0,0,0,0
112,17,UL,0,0,0,0
112,18,DL,0,0,0,0
112,18,UL,0,0,0,0
112,19,DL,0.0131,0.0749048,0.0117645,6
112,19,UL,0,0,0,0
114,0,DL,0,0,0,0
114,0,UL,0,0,0,0
114,1,DL,0,0,0,0
114,1,UL,0,0,0,0
114,2,DL,0,0,0,0
114,2,UL,0,0,0,0
114,3,DL,0,0,0,0
114,3,UL,0,0,0,0
114,4,DL,0,0,0,0
114,4,UL,0,0,0,0
114,5,DL,0,0,0,0
114,5,UL,0,0,0,0
114,6,DL,0,0,0,0
114,6,UL,0,0,0,0
114,7,DL,0,0,0,0
114,7,UL,0,0,0,0
114,8,DL,0,0,0,0
114,8,UL,0,0,0,0
114,9,DL,0,0,0,0
114,9,UL,0,0,0,0
114,10,DL,0,0,0,0
114,10,UL,0,0,0,0
114,11,DL,0,0,0,0
114,11,UL,0,0,0,0
114,12,DL,0,0,0,0
114,12,UL,0,0,0,0
114,13,DL,0,0,0,0
114,13,UL,0,0,0,0
114,14,DL,0,0,0,0
114,14,UL,0,0,0,0
114,15,DL,0,0,0,0
114,15,UL,0,0,0,0
114,16,DL,0,0,0,0
114,16,UL,0,0,0,0
114,17,DL,0,0,0,0
114,17,UL,0,0,0,0
114,18,DL,0,0,0,0
114,18,UL,0,0,0,0
114,19,DL,0,0,0,0
114,19,UL,0,0,0,0
116,0,DL,0,0,0,0
116,0,UL,0,0,0,0
116,1,DL,0,0,0,0
116,1,UL,0,0,0,0
116,2,DL,0,0,0,0
116,2,UL,0,0,0,0
116,3,DL,0,0,0,0
116,3,UL,0,0,0,0
116,4,DL,0,0,0,0
116,4,UL,0,0,0,0
116,5,DL,0,0,0,0
116,5,UL,0,0,0,0
116,6,DL,0,0,0,0
116,6,UL,0,0,0,0
116,7,DL,0,0,0,0
116,7,UL,0,0,0,0
116,8,DL,0,0,0,0
116,8,UL,0,0,0,0
116,9,DL,0,0,0,0
116,9,UL,0,0,0,0
116,10,DL,0,0,0,0
116,10,UL,0,0,0,0
116,11,DL,0,0,0,0
116,11,UL,0,0,0,0
116,12,DL,0,0,0,0
116,12,UL,0,0,0,0
116,13,DL,0,0,0,0
116,13,UL,0,0,0,0
116,14,DL,0,0,0,0
116,14,UL,0,0,0,0
116,15,DL,0,0,0,0
116,15,UL,0,0,0,0
116,16,DL,0,0,0,0
116,16,UL,0,0,0,0
116,17,DL,0,0,0,0
116,17,UL,0,0,0,0
116,18,DL,0,0,0,0
116,18,UL,0,0,0,0
116,19,DL,0,0,0,0
116,19,UL,0,0,0,0
118,0,DL,0,0,0,0
118,0,UL,0,0,0,0
118,1,DL,0,0,0,0
118,1,UL,0,0,0,0
118,2,DL,0,0,0,0
118,2,UL,0,0,0,0
118,3,DL,0,0,0,0
118,3,UL,0,0,0,0
118,4,DL,0,0,0,0
118,4,UL,0,0,0,0
118,5,DL,0,0,0,0
118,5,UL,0,0,0,0
118,6,DL,0,0,0,0
118,6,UL,0,0,0,0
118,7,DL,0,0,0,0
118,7,UL,0,0,0,0
118,8,DL,0,0,0,0
118,8,UL,0,0,0,0
118,9,DL,0,0,0,0
118,9,UL,0,0,0,0
118,10,DL,0,0,0,0
118,10,UL,0,0,0,0
118,11,DL,0,0,0,0
118,11,UL,0,0,0,0
118,12,DL,0,0,0,0
118,12,UL,0,0,0,0
118,13,DL,0,0,0,0
118,13,UL,0,0,0,0
118,14,DL,0,0,0,0
118,14,UL,0,0,0,0
118,15,DL,0,0,0,0
118,15,UL,0,0,0,0
118,16,DL,0,0,0,0
118,16,UL,0,0,0,0
118,17,DL,0,0,0,0
118,17,UL,0,0,0,0
118,18,DL,0,0,0,0
118,18,UL,0,0,0,0
118,19,DL,0,0,0,0
118,19,UL,0,0,0,0
