Time,CellId,ServiceDlSnrDb,ServiceUlSnrDb,FeederDlSnrDb,FeederUlSnrDb,BackhaulDlSnrDb,BackhaulUlSnrDb,BackhaulHealthy
0.100000,5,10.852754,6.332154,18.267232,26.746632,10.852754,6.332154,1
0.100000,6,10.988754,6.468154,18.267232,26.746632,10.988754,6.468154,1
0.100000,7,11.725085,7.204485,18.267232,26.746632,11.725085,7.204485,1
0.600000,5,13.239665,8.719065,20.005874,28.485274,13.239665,8.719065,1
0.600000,6,12.695593,8.174993,20.005874,28.485274,12.695593,8.174993,1
0.600000,7,11.750661,7.230061,20.005874,28.485274,11.750661,7.230061,1
1.100000,5,12.817325,8.296725,20.342531,28.821931,12.817325,8.296725,1
1.100000,6,13.157064,8.636464,20.342531,28.821931,13.157064,8.636464,1
1.100000,7,13.466134,8.945535,20.342531,28.821931,13.466134,8.945535,1
1.600000,5,14.244427,9.723827,17.369550,25.848950,14.244427,9.723827,1
1.600000,6,11.647649,7.127049,17.369550,25.848950,11.647649,7.127049,1
1.600000,7,9.513805,4.993205,17.369550,25.848950,9.513805,4.993205,1
2.100000,5,13.432931,8.912331,20.555794,29.035194,13.432931,8.912331,1
2.100000,6,10.246087,5.725487,20.555794,29.035194,10.246087,5.725487,1
2.100000,7,13.439405,8.918805,20.555794,29.035194,13.439405,8.918805,1
2.600000,5,12.974413,8.453813,20.749866,29.229266,12.974413,8.453813,1
2.600000,6,14.126693,9.606093,20.749866,29.229266,14.126693,9.606093,1
2.600000,7,11.347934,6.827334,20.749866,29.229266,11.347934,6.827334,1
3.100000,5,14.541341,10.020741,20.546697,29.026097,14.541341,10.020741,1
3.100000,6,16.386337,11.865737,20.546697,29.026097,16.386337,11.865737,1
3.100000,7,13.233026,8.712426,20.546697,29.026097,13.233026,8.712426,1
3.600000,5,12.859547,8.338947,20.000686,28.480086,12.859547,8.338947,1
3.600000,6,10.672489,6.151890,20.000686,28.480086,10.672489,6.151890,1
3.600000,7,7.967820,3.447220,20.000686,28.480086,7.967820,3.447220,1
4.100000,5,12.313430,7.792830,19.950103,28.429503,12.313430,7.792830,1
4.100000,6,12.268074,7.747474,19.950103,28.429503,12.268074,7.747474,1
4.100000,7,10.069121,5.548521,19.950103,28.429503,10.069121,5.548521,1
4.600000,5,13.665228,9.144628,13.847362,22.326762,13.665228,9.144628,1
4.600000,6,12.923697,8.403097,13.847362,22.326762,12.923697,8.403097,1
4.600000,7,10.976469,6.455869,13.847362,22.326762,10.976469,6.455869,1
5.100000,5,11.922904,7.402305,18.351662,26.831063,11.922904,7.402305,1
5.100000,6,10.480285,5.959685,18.351662,26.831063,10.480285,5.959685,1
5.100000,7,13.151020,8.630420,18.351662,26.831063,13.151020,8.630420,1
5.600000,5,10.079864,5.559264,18.513986,26.993386,10.079864,5.559264,1
5.600000,6,12.696678,8.176078,18.513986,26.993386,12.696678,8.176078,1
5.600000,7,12.170980,7.650380,18.513986,26.993386,12.170980,7.650380,1
6.100000,5,7.093805,2.573205,17.054143,25.533543,7.093805,2.573205,1
6.100000,6,13.082455,8.561856,17.054143,25.533543,13.082455,8.561856,1
6.100000,7,12.640129,8.119529,17.054143,25.533543,12.640129,8.119529,1
6.600000,5,12.123553,7.602953,18.611234,27.090634,12.123553,7.602953,1
6.600000,6,13.093158,8.572558,18.611234,27.090634,13.093158,8.572558,1
6.600000,7,15.186039,10.665439,18.611234,27.090634,15.186039,10.665439,1
7.100000,5,9.628149,5.107549,19.243930,27.723330,9.628149,5.107549,1
7.100000,6,13.461649,8.941049,19.243930,27.723330,13.461649,8.941049,1
7.100000,7,15.646712,11.126112,19.243930,27.723330,15.646712,11.126112,1
7.600000,5,10.113885,5.593286,14.797199,23.276599,10.113885,5.593286,1
7.600000,6,14.137222,9.616622,14.797199,23.276599,14.137222,9.616622,1
7.600000,7,12.956274,8.435674,14.797199,23.276599,12.956274,8.435674,1
8.100000,5,12.078943,7.558343,19.657373,28.136773,12.078943,7.558343,1
8.100000,6,14.272137,9.751537,19.657373,28.136773,14.272137,9.751537,1
8.100000,7,12.301471,7.780871,19.657373,28.136773,12.301471,7.780871,1
8.600000,5,15.014182,10.493582,19.786227,28.265627,15.014182,10.493582,1
8.600000,6,13.039250,8.518650,19.786227,28.265627,13.039250,8.518650,1
8.600000,7,9.833617,5.313017,19.786227,28.265627,9.833617,5.313017,1
9.100000,5,11.616962,7.096362,17.884083,26.363483,11.616962,7.096362,1
9.100000,6,11.764630,7.244030,17.884083,26.363483,11.764630,7.244030,1
9.100000,7,13.624379,9.103779,17.884083,26.363483,13.624379,9.103779,1
9.600000,5,12.374294,7.853694,19.395594,27.874994,12.374294,7.853694,1
9.600000,6,12.079072,7.558472,19.395594,27.874994,12.079072,7.558472,1
9.600000,7,15.097774,10.577174,19.395594,27.874994,15.097774,10.577174,1
10.100000,5,12.801568,8.280968,19.782965,28.262366,12.801568,8.280968,1
10.100000,6,12.198191,7.677591,19.782965,28.262366,12.198191,7.677591,1
10.100000,7,12.961997,8.441397,19.782965,28.262366,12.961997,8.441397,1
10.600000,5,12.114645,7.594045,20.310565,28.789965,12.114645,7.594045,1
10.600000,6,13.538964,9.018364,20.310565,28.789965,13.538964,9.018364,1
10.600000,7,11.404148,6.883548,20.310565,28.789965,11.404148,6.883548,1
11.100000,5,12.930744,8.410145,19.472392,27.951792,12.930744,8.410145,1
11.100000,6,12.314867,7.794267,19.472392,27.951792,12.314867,7.794267,1
11.100000,7,11.561437,7.040837,19.472392,27.951792,11.561437,7.040837,1
11.600000,5,13.290059,8.769459,17.435688,25.915088,13.290059,8.769459,1
11.600000,6,14.736420,10.215820,17.435688,25.915088,14.736420,10.215820,1
11.600000,7,12.011100,7.490501,17.435688,25.915088,12.011100,7.490501,1
12.100000,5,12.393941,7.873341,19.780524,28.259924,12.393941,7.873341,1
12.100000,6,13.461530,8.940931,19.780524,28.259924,13.461530,8.940931,1
12.100000,7,9.741553,5.220953,19.780524,28.259924,9.741553,5.220953,1
12.600000,5,13.141774,8.621174,19.001855,27.481255,13.141774,8.621174,1
12.600000,6,15.303126,10.782526,19.001855,27.481255,15.303126,10.782526,1
12.600000,7,15.415541,10.894941,19.001855,27.481255,15.415541,10.894941,1
13.100000,5,12.695090,8.174490,17.059021,25.538421,12.695090,8.174490,1
13.100000,6,14.878870,10.358270,17.059021,25.538421,14.878870,10.358270,1
13.100000,7,13.013704,8.493104,17.059021,25.538421,13.013704,8.493104,1
13.600000,5,15.947962,11.427362,18.834006,27.313407,15.947962,11.427362,1
13.600000,6,6.703942,2.183343,18.834006,27.313407,6.703942,2.183343,1
13.600000,7,11.683812,7.163212,18.834006,27.313407,11.683812,7.163212,1
14.100000,5,13.008291,8.487691,16.797809,25.277210,13.008291,8.487691,1
14.100000,6,11.488731,6.968131,16.797809,25.277210,11.488731,6.968131,1
14.100000,7,13.670192,9.149592,16.797809,25.277210,13.670192,9.149592,1
14.600000,5,14.973087,10.452487,19.925966,28.405366,14.973087,10.452487,1
14.600000,6,12.493466,7.972866,19.925966,28.405366,12.493466,7.972866,1
14.600000,7,13.429558,8.908958,19.925966,28.405366,13.429558,8.908958,1
15.100000,5,12.731682,8.211082,20.669822,29.149222,12.731682,8.211082,1
15.100000,6,10.381485,5.860885,20.669822,29.149222,10.381485,5.860885,1
15.100000,7,12.747688,8.227088,20.669822,29.149222,12.747688,8.227088,1
15.600000,5,13.705843,9.185243,20.973816,29.453216,13.705843,9.185243,1
15.600000,6,14.122393,9.601793,20.973816,29.453216,14.122393,9.601793,1
15.600000,7,13.193313,8.672714,20.973816,29.453216,13.193313,8.672714,1
16.100000,5,15.102951,10.582351,17.107967,25.587368,15.102951,10.582351,1
16.100000,6,10.595023,6.074424,17.107967,25.587368,10.595023,6.074424,1
16.100000,7,12.504319,7.983719,17.107967,25.587368,12.504319,7.983719,1
16.600000,5,12.534010,8.013411,17.450899,25.930299,12.534010,8.013411,1
16.600000,6,13.979104,9.458504,17.450899,25.930299,13.979104,9.458504,1
16.600000,7,12.539515,8.018915,17.450899,25.930299,12.539515,8.018915,1
17.100000,5,13.453226,8.932626,18.363401,26.842801,13.453226,8.932626,1
17.100000,6,10.393055,5.872455,18.363401,26.842801,10.393055,5.872455,1
17.100000,7,13.217952,8.697352,18.363401,26.842801,13.217952,8.697352,1
17.600000,5,12.855879,8.335279,15.783009,24.262409,12.855879,8.335279,1
17.600000,6,10.895856,6.375256,15.783009,24.262409,10.895856,6.375256,1
17.600000,7,11.353332,6.832732,15.783009,24.262409,11.353332,6.832732,1
18.100000,5,11.780819,7.260219,17.556405,26.035805,11.780819,7.260219,1
18.100000,6,10.229264,5.708664,17.556405,26.035805,10.229264,5.708664,1
18.100000,7,10.865481,6.344881,17.556405,26.035805,10.865481,6.344881,1
18.600000,5,12.858292,8.337692,13.142537,21.621937,12.858292,8.337692,1
18.600000,6,11.769137,7.248537,13.142537,21.621937,11.769137,7.248537,1
18.600000,7,9.241809,4.721210,13.142537,21.621937,9.241809,4.721210,1
19.100000,5,13.304660,8.784060,21.056584,29.535985,13.304660,8.784060,1
19.100000,6,10.765047,6.244447,21.056584,29.535985,10.765047,6.244447,1
19.100000,7,13.048198,8.527598,21.056584,29.535985,13.048198,8.527598,1
19.600000,5,14.717108,10.196508,20.937829,29.417229,14.717108,10.196508,1
19.600000,6,10.371341,5.850741,20.937829,29.417229,10.371341,5.850741,1
19.600000,7,14.137919,9.617319,20.937829,29.417229,14.137919,9.617319,1
20.100000,5,14.396859,9.876259,18.544308,27.023709,14.396859,9.876259,1
20.100000,6,13.949622,9.429022,18.544308,27.023709,13.949622,9.429022,1
20.100000,7,13.068882,8.548282,18.544308,27.023709,13.068882,8.548282,1
20.600000,5,11.063658,6.543058,20.057350,28.536750,11.063658,6.543058,1
20.600000,6,12.968336,8.447737,20.057350,28.536750,12.968336,8.447737,1
20.600000,7,11.981598,7.460998,20.057350,28.536750,11.981598,7.460998,1
21.100000,5,11.976221,7.455621,16.327115,24.806515,11.976221,7.455621,1
21.100000,6,13.748680,9.228080,16.327115,24.806515,13.748680,9.228080,1
21.100000,7,8.042456,3.521856,16.327115,24.806515,8.042456,3.521856,1
21.600000,5,11.760279,7.239679,17.875168,26.354568,11.760279,7.239679,1
21.600000,6,14.904984,10.384384,17.875168,26.354568,14.904984,10.384384,1
21.600000,7,11.867661,7.347061,17.875168,26.354568,11.867661,7.347061,1
22.100000,5,13.214949,8.694349,18.773938,27.253338,13.214949,8.694349,1
22.100000,6,13.387526,8.866926,18.773938,27.253338,13.387526,8.866926,1
22.100000,7,12.626353,8.105753,18.773938,27.253338,12.626353,8.105753,1
22.600000,5,11.930091,7.409491,17.773166,26.252566,11.930091,7.409491,1
22.600000,6,11.889371,7.368771,17.773166,26.252566,11.889371,7.368771,1
22.600000,7,12.655270,8.134670,17.773166,26.252566,12.655270,8.134670,1
23.100000,5,10.969163,6.448563,16.511053,24.990453,10.969163,6.448563,1
23.100000,6,11.947088,7.426488,16.511053,24.990453,11.947088,7.426488,1
23.100000,7,13.550363,9.029763,16.511053,24.990453,13.550363,9.029763,1
23.600000,5,13.970035,9.449435,13.116152,21.595552,13.116152,9.449435,1
23.600000,6,11.951883,7.431283,13.116152,21.595552,11.951883,7.431283,1
23.600000,7,11.467178,6.946578,13.116152,21.595552,11.467178,6.946578,1
24.100000,5,7.179327,2.658727,20.302057,28.781457,7.179327,2.658727,1
24.100000,6,13.103025,8.582425,20.302057,28.781457,13.103025,8.582425,1
24.100000,7,15.184456,10.663856,20.302057,28.781457,15.184456,10.663856,1
24.600000,5,14.675505,10.154905,19.512522,27.991922,14.675505,10.154905,1
24.600000,6,12.979036,8.458436,19.512522,27.991922,12.979036,8.458436,1
24.600000,7,9.666544,5.145944,19.512522,27.991922,9.666544,5.145944,1
25.100000,5,14.091235,9.570635,17.258395,25.737795,14.091235,9.570635,1
25.100000,6,9.511015,4.990415,17.258395,25.737795,9.511015,4.990415,1
25.100000,7,14.073230,9.552630,17.258395,25.737795,14.073230,9.552630,1
25.600000,5,12.024919,7.504319,17.609928,26.089328,12.024919,7.504319,1
25.600000,6,13.214570,8.693970,17.609928,26.089328,13.214570,8.693970,1
25.600000,7,12.254510,7.733910,17.609928,26.089328,12.254510,7.733910,1
26.100000,5,13.473970,8.953370,17.713960,26.193360,13.473970,8.953370,1
26.100000,6,12.597303,8.076703,17.713960,26.193360,12.597303,8.076703,1
26.100000,7,13.229437,8.708837,17.713960,26.193360,13.229437,8.708837,1
26.600000,5,9.097240,4.576640,15.070013,23.549413,9.097240,4.576640,1
26.600000,6,12.507552,7.986952,15.070013,23.549413,12.507552,7.986952,1
26.600000,7,14.127554,9.606955,15.070013,23.549413,14.127554,9.606955,1
27.100000,5,15.878969,11.358369,17.531526,26.010926,15.878969,11.358369,1
27.100000,6,12.833586,8.312986,17.531526,26.010926,12.833586,8.312986,1
27.100000,7,14.674401,10.153801,17.531526,26.010926,14.674401,10.153801,1
27.600000,5,14.935585,10.414985,18.654287,27.133687,14.935585,10.414985,1
27.600000,6,10.253470,5.732870,18.654287,27.133687,10.253470,5.732870,1
27.600000,7,15.153060,10.632460,18.654287,27.133687,15.153060,10.632460,1
28.100000,5,13.665103,9.144503,19.446513,27.925913,13.665103,9.144503,1
28.100000,6,12.215918,7.695318,19.446513,27.925913,12.215918,7.695318,1
28.100000,7,10.018812,5.498212,19.446513,27.925913,10.018812,5.498212,1
28.600000,5,13.312816,8.792216,18.983293,27.462693,13.312816,8.792216,1
28.600000,6,11.943709,7.423109,18.983293,27.462693,11.943709,7.423109,1
28.600000,7,10.640803,6.120203,18.983293,27.462693,10.640803,6.120203,1
29.100000,5,9.225463,4.704863,16.974079,25.453479,9.225463,4.704863,1
29.100000,6,13.476007,8.955407,16.974079,25.453479,13.476007,8.955407,1
29.100000,7,10.113231,5.592631,16.974079,25.453479,10.113231,5.592631,1
29.600000,5,11.325256,6.804656,17.602339,26.081739,11.325256,6.804656,1
29.600000,6,12.206797,7.686197,17.602339,26.081739,12.206797,7.686197,1
29.600000,7,8.578869,4.058269,17.602339,26.081739,8.578869,4.058269,1
30.100000,5,10.178643,5.658043,21.021178,29.500578,10.178643,5.658043,1
30.100000,6,11.441680,6.921080,21.021178,29.500578,11.441680,6.921080,1
30.100000,7,14.706757,10.186157,21.021178,29.500578,14.706757,10.186157,1
30.600000,5,14.425466,9.904866,19.827259,28.306659,14.425466,9.904866,1
30.600000,6,13.732353,9.211753,19.827259,28.306659,13.732353,9.211753,1
30.600000,7,14.592499,10.071900,19.827259,28.306659,14.592499,10.071900,1
31.100000,5,13.246397,8.725797,18.385763,26.865163,13.246397,8.725797,1
31.100000,6,13.526557,9.005957,18.385763,26.865163,13.526557,9.005957,1
31.100000,7,14.090648,9.570049,18.385763,26.865163,14.090648,9.570049,1
31.600000,5,14.482204,9.961605,18.401095,26.880495,14.482204,9.961605,1
31.600000,6,12.034221,7.513621,18.401095,26.880495,12.034221,7.513621,1
31.600000,7,13.205955,8.685355,18.401095,26.880495,13.205955,8.685355,1
32.100000,5,11.820010,7.299410,19.456303,27.935703,11.820010,7.299410,1
32.100000,6,13.082800,8.562200,19.456303,27.935703,13.082800,8.562200,1
32.100000,7,11.049020,6.528420,19.456303,27.935703,11.049020,6.528420,1
32.600000,5,12.865644,8.345044,19.016128,27.495528,12.865644,8.345044,1
32.600000,6,13.679656,9.159056,19.016128,27.495528,13.679656,9.159056,1
32.600000,7,12.849579,8.328979,19.016128,27.495528,12.849579,8.328979,1
33.100000,5,14.295112,9.774512,16.266886,24.746286,14.295112,9.774512,1
33.100000,6,13.351557,8.830957,16.266886,24.746286,13.351557,8.830957,1
33.100000,7,12.543004,8.022405,16.266886,24.746286,12.543004,8.022405,1
33.600000,5,12.398929,7.878329,19.514221,27.993621,12.398929,7.878329,1
33.600000,6,14.254280,9.733680,19.514221,27.993621,14.254280,9.733680,1
33.600000,7,12.259014,7.738414,19.514221,27.993621,12.259014,7.738414,1
34.100000,5,9.521759,5.001159,16.249602,24.729002,9.521759,5.001159,1
34.100000,6,13.795725,9.275125,16.249602,24.729002,13.795725,9.275125,1
34.100000,7,12.551279,8.030679,16.249602,24.729002,12.551279,8.030679,1
34.600000,5,10.602957,6.082357,19.492440,27.971840,10.602957,6.082357,1
34.600000,6,13.073866,8.553266,19.492440,27.971840,13.073866,8.553266,1
34.600000,7,16.734377,12.213777,19.492440,27.971840,16.734377,12.213777,1
35.100000,5,12.731913,8.211313,19.500654,27.980054,12.731913,8.211313,1
35.100000,6,10.316411,5.795811,19.500654,27.980054,10.316411,5.795811,1
35.100000,7,14.626950,10.106350,19.500654,27.980054,14.626950,10.106350,1
35.600000,5,10.110302,5.589702,17.642307,26.121707,10.110302,5.589702,1
35.600000,6,10.119770,5.599170,17.642307,26.121707,10.119770,5.599170,1
35.600000,7,11.633459,7.112859,17.642307,26.121707,11.633459,7.112859,1
36.100000,5,14.592496,10.071896,17.793851,26.273251,14.592496,10.071896,1
36.100000,6,11.594334,7.073734,17.793851,26.273251,11.594334,7.073734,1
36.100000,7,11.386694,6.866094,17.793851,26.273251,11.386694,6.866094,1
36.600000,5,12.127838,7.607238,17.831284,26.310684,12.127838,7.607238,1
36.600000,6,10.750362,6.229762,17.831284,26.310684,10.750362,6.229762,1
36.600000,7,10.193950,5.673350,17.831284,26.310684,10.193950,5.673350,1
37.100000,5,13.893824,9.373224,19.670233,28.149633,13.893824,9.373224,1
37.100000,6,13.875309,9.354709,19.670233,28.149633,13.875309,9.354709,1
37.100000,7,11.887244,7.366644,19.670233,28.149633,11.887244,7.366644,1
37.600000,5,12.310006,7.789406,16.583545,25.062945,12.310006,7.789406,1
37.600000,6,15.228601,10.708001,16.583545,25.062945,15.228601,10.708001,1
37.600000,7,13.325240,8.804640,16.583545,25.062945,13.325240,8.804640,1
38.100000,5,10.817817,6.297217,16.416347,24.895747,10.817817,6.297217,1
38.100000,6,7.358616,2.838016,16.416347,24.895747,7.358616,2.838016,1
38.100000,7,10.309890,5.789290,16.416347,24.895747,10.309890,5.789290,1
38.600000,5,7.847606,3.327006,20.238432,28.717832,7.847606,3.327006,1
38.600000,6,10.283608,5.763008,20.238432,28.717832,10.283608,5.763008,1
38.600000,7,11.980993,7.460393,20.238432,28.717832,11.980993,7.460393,1
39.100000,5,12.857736,8.337136,20.383712,28.863112,12.857736,8.337136,1
39.100000,6,11.088119,6.567519,20.383712,28.863112,11.088119,6.567519,1
39.100000,7,13.013632,8.493032,20.383712,28.863112,13.013632,8.493032,1
39.600000,5,12.688367,8.167767,17.300594,25.779994,12.688367,8.167767,1
39.600000,6,10.011552,5.490952,17.300594,25.779994,10.011552,5.490952,1
39.600000,7,13.672737,9.152137,17.300594,25.779994,13.672737,9.152137,1
40.100000,5,11.507895,6.987295,17.070004,25.549404,11.507895,6.987295,1
40.100000,6,14.398619,9.878019,17.070004,25.549404,14.398619,9.878019,1
40.100000,7,14.085502,9.564902,17.070004,25.549404,14.085502,9.564902,1
40.600000,5,14.517081,9.996481,20.998344,29.477744,14.517081,9.996481,1
40.600000,6,12.783009,8.262409,20.998344,29.477744,12.783009,8.262409,1
40.600000,7,14.946055,10.425455,20.998344,29.477744,14.946055,10.425455,1
41.100000,5,13.112470,8.591870,19.406379,27.885779,13.112470,8.591870,1
41.100000,6,11.647814,7.127214,19.406379,27.885779,11.647814,7.127214,1
41.100000,7,12.625830,8.105230,19.406379,27.885779,12.625830,8.105230,1
41.600000,5,13.255652,8.735052,18.378508,26.857908,13.255652,8.735052,1
41.600000,6,14.377894,9.857294,18.378508,26.857908,14.377894,9.857294,1
41.600000,7,15.276741,10.756141,18.378508,26.857908,15.276741,10.756141,1
42.100000,5,12.022440,7.501840,18.434061,26.913461,12.022440,7.501840,1
42.100000,6,12.935190,8.414590,18.434061,26.913461,12.935190,8.414590,1
42.100000,7,8.617581,4.096981,18.434061,26.913461,8.617581,4.096981,1
42.600000,5,15.847668,11.327068,17.892136,26.371536,15.847668,11.327068,1
42.600000,6,10.526272,6.005672,17.892136,26.371536,10.526272,6.005672,1
42.600000,7,15.628985,11.108385,17.892136,26.371536,15.628985,11.108385,1
43.100000,5,13.109487,8.588887,19.302817,27.782217,13.109487,8.588887,1
43.100000,6,12.223859,7.703259,19.302817,27.782217,12.223859,7.703259,1
43.100000,7,12.820852,8.300252,19.302817,27.782217,12.820852,8.300252,1
43.600000,5,10.339729,5.819129,15.892161,24.371561,10.339729,5.819129,1
43.600000,6,12.515550,7.994951,15.892161,24.371561,12.515550,7.994951,1
43.600000,7,12.609417,8.088817,15.892161,24.371561,12.609417,8.088817,1
44.100000,5,13.898819,9.378219,18.698984,27.178385,13.898819,9.378219,1
44.100000,6,11.125027,6.604427,18.698984,27.178385,11.125027,6.604427,1
44.100000,7,7.732285,3.211685,18.698984,27.178385,7.732285,3.211685,1
44.600000,5,14.687219,10.166619,21.387351,29.866751,14.687219,10.166619,1
44.600000,6,14.784196,10.263596,21.387351,29.866751,14.784196,10.263596,1
44.600000,7,11.952243,7.431643,21.387351,29.866751,11.952243,7.431643,1
45.100000,5,11.692466,7.171866,18.441206,26.920606,11.692466,7.171866,1
45.100000,6,13.952050,9.431450,18.441206,26.920606,13.952050,9.431450,1
45.100000,7,12.482899,7.962300,18.441206,26.920606,12.482899,7.962300,1
45.600000,5,13.141730,8.621130,17.222146,25.701547,13.141730,8.621130,1
45.600000,6,12.403703,7.883104,17.222146,25.701547,12.403703,7.883104,1
45.600000,7,9.859287,5.338687,17.222146,25.701547,9.859287,5.338687,1
46.100000,5,12.985253,8.464653,13.661529,22.140929,12.985253,8.464653,1
46.100000,6,10.037006,5.516406,13.661529,22.140929,10.037006,5.516406,1
46.100000,7,10.098524,5.577924,13.661529,22.140929,10.098524,5.577924,1
46.600000,5,11.013693,6.493093,19.670116,28.149516,11.013693,6.493093,1
46.600000,6,13.149327,8.628727,19.670116,28.149516,13.149327,8.628727,1
46.600000,7,11.808808,7.288209,19.670116,28.149516,11.808808,7.288209,1
47.100000,5,12.839078,8.318478,17.433551,25.912951,12.839078,8.318478,1
47.100000,6,11.670338,7.149738,17.433551,25.912951,11.670338,7.149738,1
47.100000,7,10.820995,6.300395,17.433551,25.912951,10.820995,6.300395,1
47.600000,5,14.668462,10.147862,19.977759,28.457159,14.668462,10.147862,1
47.600000,6,12.853448,8.332848,19.977759,28.457159,12.853448,8.332848,1
47.600000,7,12.807710,8.287110,19.977759,28.457159,12.807710,8.287110,1
48.100000,5,12.959916,8.439316,21.720234,30.199634,12.959916,8.439316,1
48.100000,6,13.689692,9.169092,21.720234,30.199634,13.689692,9.169092,1
48.100000,7,9.916541,5.395941,21.720234,30.199634,9.916541,5.395941,1
48.600000,5,14.425315,9.904715,17.806383,26.285783,14.425315,9.904715,1
48.600000,6,11.193442,6.672842,17.806383,26.285783,11.193442,6.672842,1
48.600000,7,10.929549,6.408949,17.806383,26.285783,10.929549,6.408949,1
49.100000,5,12.742559,8.221959,20.164620,28.644020,12.742559,8.221959,1
49.100000,6,8.102250,3.581650,20.164620,28.644020,8.102250,3.581650,1
49.100000,7,10.779981,6.259381,20.164620,28.644020,10.779981,6.259381,1
49.600000,5,13.382325,8.861725,20.457818,28.937219,13.382325,8.861725,1
49.600000,6,13.844952,9.324352,20.457818,28.937219,13.844952,9.324352,1
49.600000,7,13.299373,8.778773,20.457818,28.937219,13.299373,8.778773,1
50.100000,5,4.757592,0.236992,18.603684,27.083084,4.757592,0.236992,1
50.100000,6,8.818223,4.297623,18.603684,27.083084,8.818223,4.297623,1
50.100000,7,11.719274,7.198674,18.603684,27.083084,11.719274,7.198674,1
50.600000,5,10.983848,6.463248,19.172020,27.651421,10.983848,6.463248,1
50.600000,6,14.850205,10.329605,19.172020,27.651421,14.850205,10.329605,1
50.600000,7,12.483492,7.962892,19.172020,27.651421,12.483492,7.962892,1
51.100000,5,13.504732,8.984132,20.302110,28.781510,13.504732,8.984132,1
51.100000,6,7.129769,2.609169,20.302110,28.781510,7.129769,2.609169,1
51.100000,7,11.572593,7.051993,20.302110,28.781510,11.572593,7.051993,1
51.600000,5,9.578647,5.058047,20.669369,29.148769,9.578647,5.058047,1
51.600000,6,12.514830,7.994230,20.669369,29.148769,12.514830,7.994230,1
51.600000,7,12.577380,8.056780,20.669369,29.148769,12.577380,8.056780,1
52.100000,5,13.967193,9.446593,17.334885,25.814285,13.967193,9.446593,1
52.100000,6,16.244934,11.724334,17.334885,25.814285,16.244934,11.724334,1
52.100000,7,14.023768,9.503168,17.334885,25.814285,14.023768,9.503168,1
52.600000,5,12.661267,8.140667,17.860542,26.339942,12.661267,8.140667,1
52.600000,6,13.813186,9.292587,17.860542,26.339942,13.813186,9.292587,1
52.600000,7,12.136923,7.616323,17.860542,26.339942,12.136923,7.616323,1
53.100000,5,13.679114,9.158514,18.768991,27.248391,13.679114,9.158514,1
53.100000,6,12.799289,8.278689,18.768991,27.248391,12.799289,8.278689,1
53.100000,7,10.363818,5.843218,18.768991,27.248391,10.363818,5.843218,1
53.600000,5,12.902132,8.381532,21.587615,30.067015,12.902132,8.381532,1
53.600000,6,13.970655,9.450055,21.587615,30.067015,13.970655,9.450055,1
53.600000,7,15.504488,10.983889,21.587615,30.067015,15.504488,10.983889,1
54.100000,5,12.105344,7.584744,20.496296,28.975696,12.105344,7.584744,1
54.100000,6,12.007548,7.486948,20.496296,28.975696,12.007548,7.486948,1
54.100000,7,12.892643,8.372043,20.496296,28.975696,12.892643,8.372043,1
54.600000,5,12.306832,7.786232,19.444009,27.923409,12.306832,7.786232,1
54.600000,6,12.527379,8.006779,19.444009,27.923409,12.527379,8.006779,1
54.600000,7,11.341984,6.821384,19.444009,27.923409,11.341984,6.821384,1
55.100000,5,14.081958,9.561358,18.694050,27.173451,14.081958,9.561358,1
55.100000,6,11.925708,7.405109,18.694050,27.173451,11.925708,7.405109,1
55.100000,7,12.635652,8.115052,18.694050,27.173451,12.635652,8.115052,1
55.600000,5,11.179832,6.659232,20.319151,28.798551,11.179832,6.659232,1
55.600000,6,12.962202,8.441602,20.319151,28.798551,12.962202,8.441602,1
55.600000,7,10.243444,5.722844,20.319151,28.798551,10.243444,5.722844,1
56.100000,5,12.203263,7.682663,18.084035,26.563435,12.203263,7.682663,1
56.100000,6,11.002701,6.482102,18.084035,26.563435,11.002701,6.482102,1
56.100000,7,12.565727,8.045127,18.084035,26.563435,12.565727,8.045127,1
56.600000,5,11.304819,6.784219,20.109489,28.588889,11.304819,6.784219,1
56.600000,6,11.565223,7.044623,20.109489,28.588889,11.565223,7.044623,1
56.600000,7,14.614960,10.094360,20.109489,28.588889,14.614960,10.094360,1
57.100000,5,11.321176,6.800576,16.738861,25.218261,11.321176,6.800576,1
57.100000,6,11.172865,6.652265,16.738861,25.218261,11.172865,6.652265,1
57.100000,7,15.139756,10.619156,16.738861,25.218261,15.139756,10.619156,1
57.600000,5,9.865366,5.344766,19.445791,27.925191,9.865366,5.344766,1
57.600000,6,14.251086,9.730486,19.445791,27.925191,14.251086,9.730486,1
57.600000,7,14.159456,9.638856,19.445791,27.925191,14.159456,9.638856,1
58.100000,5,14.686666,10.166066,19.632548,28.111948,14.686666,10.166066,1
58.100000,6,12.551921,8.031321,19.632548,28.111948,12.551921,8.031321,1
58.100000,7,11.991302,7.470702,19.632548,28.111948,11.991302,7.470702,1
58.600000,5,14.202269,9.681669,19.227318,27.706718,14.202269,9.681669,1
58.600000,6,12.434779,7.914179,19.227318,27.706718,12.434779,7.914179,1
58.600000,7,13.932245,9.411646,19.227318,27.706718,13.932245,9.411646,1
59.100000,5,9.864426,5.343826,17.241727,25.721127,9.864426,5.343826,1
59.100000,6,13.190722,8.670122,17.241727,25.721127,13.190722,8.670122,1
59.100000,7,11.679712,7.159112,17.241727,25.721127,11.679712,7.159112,1
59.600000,5,11.923458,7.402858,17.793892,26.273292,11.923458,7.402858,1
59.600000,6,11.625745,7.105145,17.793892,26.273292,11.625745,7.105145,1
59.600000,7,13.533268,9.012668,17.793892,26.273292,13.533268,9.012668,1
60.100000,5,12.519780,7.999180,19.920182,28.399582,12.519780,7.999180,1
60.100000,6,9.504403,4.983803,19.920182,28.399582,9.504403,4.983803,1
60.100000,7,12.807470,8.286870,19.920182,28.399582,12.807470,8.286870,1
60.600000,5,10.304669,5.784070,20.176581,28.655981,10.304669,5.784070,1
60.600000,6,9.051005,4.530405,20.176581,28.655981,9.051005,4.530405,1
60.600000,7,12.373555,7.852955,20.176581,28.655981,12.373555,7.852955,1
61.100000,5,10.417299,5.896699,17.465400,25.944800,10.417299,5.896699,1
61.100000,6,13.066933,8.546333,17.465400,25.944800,13.066933,8.546333,1
61.100000,7,12.288579,7.767979,17.465400,25.944800,12.288579,7.767979,1
61.600000,5,9.382704,4.862104,12.534008,21.013408,9.382704,4.862104,1
61.600000,6,13.002360,8.481760,12.534008,21.013408,12.534008,8.481760,1
61.600000,7,10.627180,6.106580,12.534008,21.013408,10.627180,6.106580,1
62.100000,5,13.351960,8.831360,18.704113,27.183513,13.351960,8.831360,1
62.100000,6,10.295679,5.775079,18.704113,27.183513,10.295679,5.775079,1
62.100000,7,14.969426,10.448826,18.704113,27.183513,14.969426,10.448826,1
62.600000,5,13.929050,9.408451,19.113689,27.593090,13.929050,9.408451,1
62.600000,6,10.596106,6.075506,19.113689,27.593090,10.596106,6.075506,1
62.600000,7,12.320601,7.800001,19.113689,27.593090,12.320601,7.800001,1
63.100000,5,11.077613,6.557013,20.085596,28.564996,11.077613,6.557013,1
63.100000,6,11.959501,7.438901,20.085596,28.564996,11.959501,7.438901,1
63.100000,7,12.684458,8.163858,20.085596,28.564996,12.684458,8.163858,1
63.600000,5,13.212782,8.692182,18.069498,26.548898,13.212782,8.692182,1
63.600000,6,9.454040,4.933440,18.069498,26.548898,9.454040,4.933440,1
63.600000,7,16.009329,11.488729,18.069498,26.548898,16.009329,11.488729,1
64.100000,5,10.829201,6.308601,16.568622,25.048022,10.829201,6.308601,1
64.100000,6,11.310718,6.790118,16.568622,25.048022,11.310718,6.790118,1
64.100000,7,13.074875,8.554275,16.568622,25.048022,13.074875,8.554275,1
64.600000,5,12.314918,7.794318,20.030904,28.510304,12.314918,7.794318,1
64.600000,6,16.068020,11.547420,20.030904,28.510304,16.068020,11.547420,1
64.600000,7,12.962786,8.442187,20.030904,28.510304,12.962786,8.442187,1
65.100000,5,12.277551,7.756951,18.553387,27.032787,12.277551,7.756951,1
65.100000,6,12.637870,8.117270,18.553387,27.032787,12.637870,8.117270,1
65.100000,7,10.664277,6.143677,18.553387,27.032787,10.664277,6.143677,1
65.600000,5,13.175719,8.655119,19.398739,27.878139,13.175719,8.655119,1
65.600000,6,11.467145,6.946545,19.398739,27.878139,11.467145,6.946545,1
65.600000,7,14.830154,10.309554,19.398739,27.878139,14.830154,10.309554,1
66.100000,5,12.258581,7.737981,16.206713,24.686113,12.258581,7.737981,1
66.100000,6,12.641968,8.121368,16.206713,24.686113,12.641968,8.121368,1
66.100000,7,15.535715,11.015115,16.206713,24.686113,15.535715,11.015115,1
66.600000,5,13.430829,8.910229,18.639497,27.118897,13.430829,8.910229,1
66.600000,6,12.266890,7.746290,18.639497,27.118897,12.266890,7.746290,1
66.600000,7,11.528209,7.007609,18.639497,27.118897,11.528209,7.007609,1
67.100000,5,12.815237,8.294637,14.972049,23.451450,12.815237,8.294637,1
67.100000,6,12.215206,7.694606,14.972049,23.451450,12.215206,7.694606,1
67.100000,7,10.761471,6.240871,14.972049,23.451450,10.761471,6.240871,1
67.600000,5,10.827860,6.307260,17.491806,25.971206,10.827860,6.307260,1
67.600000,6,14.983439,10.462839,17.491806,25.971206,14.983439,10.462839,1
67.600000,7,12.977223,8.456623,17.491806,25.971206,12.977223,8.456623,1
68.100000,5,9.345835,4.825235,17.119637,25.599037,9.345835,4.825235,1
68.100000,6,10.653995,6.133395,17.119637,25.599037,10.653995,6.133395,1
68.100000,7,7.985385,3.464785,17.119637,25.599037,7.985385,3.464785,1
68.600000,5,12.287844,7.767244,17.990543,26.469943,12.287844,7.767244,1
68.600000,6,13.816084,9.295484,17.990543,26.469943,13.816084,9.295484,1
68.600000,7,14.418326,9.897726,17.990543,26.469943,14.418326,9.897726,1
69.100000,5,9.879703,5.359103,17.214742,25.694142,9.879703,5.359103,1
69.100000,6,13.499662,8.979062,17.214742,25.694142,13.499662,8.979062,1
69.100000,7,8.121147,3.600547,17.214742,25.694142,8.121147,3.600547,1
69.600000,5,12.208360,7.687760,21.395927,29.875327,12.208360,7.687760,1
69.600000,6,12.063159,7.542559,21.395927,29.875327,12.063159,7.542559,1
69.600000,7,9.726581,5.205981,21.395927,29.875327,9.726581,5.205981,1
70.100000,5,13.674801,9.154201,16.414850,24.894250,13.674801,9.154201,1
70.100000,6,12.218142,7.697542,16.414850,24.894250,12.218142,7.697542,1
70.100000,7,10.315681,5.795081,16.414850,24.894250,10.315681,5.795081,1
70.600000,5,6.805086,2.284486,17.922360,26.401760,6.805086,2.284486,1
70.600000,6,12.793470,8.272870,17.922360,26.401760,12.793470,8.272870,1
70.600000,7,14.509637,9.989037,17.922360,26.401760,14.509637,9.989037,1
71.100000,5,11.131160,6.610561,20.477133,28.956533,11.131160,6.610561,1
71.100000,6,10.319654,5.799054,20.477133,28.956533,10.319654,5.799054,1
71.100000,7,10.685946,6.165346,20.477133,28.956533,10.685946,6.165346,1
71.600000,5,9.456823,4.936223,19.144476,27.623876,9.456823,4.936223,1
71.600000,6,11.393120,6.872520,19.144476,27.623876,11.393120,6.872520,1
71.600000,7,12.516869,7.996269,19.144476,27.623876,12.516869,7.996269,1
72.100000,5,13.063947,8.543347,19.439829,27.919229,13.063947,8.543347,1
72.100000,6,10.013730,5.493130,19.439829,27.919229,10.013730,5.493130,1
72.100000,7,10.015081,5.494482,19.439829,27.919229,10.015081,5.494482,1
72.600000,5,9.700285,5.179685,14.805767,23.285167,9.700285,5.179685,1
72.600000,6,12.863446,8.342846,14.805767,23.285167,12.863446,8.342846,1
72.600000,7,11.785464,7.264865,14.805767,23.285167,11.785464,7.264865,1
73.100000,5,5.979659,1.459059,20.280963,28.760363,5.979659,1.459059,1
73.100000,6,13.752923,9.232323,20.280963,28.760363,13.752923,9.232323,1
73.100000,7,13.056879,8.536279,20.280963,28.760363,13.056879,8.536279,1
73.600000,5,14.716731,10.196131,17.728979,26.208379,14.716731,10.196131,1
73.600000,6,12.756230,8.235630,17.728979,26.208379,12.756230,8.235630,1
73.600000,7,13.429647,8.909047,17.728979,26.208379,13.429647,8.909047,1
74.100000,5,11.473250,6.952650,19.232738,27.712138,11.473250,6.952650,1
74.100000,6,12.922887,8.402288,19.232738,27.712138,12.922887,8.402288,1
74.100000,7,11.409535,6.888935,19.232738,27.712138,11.409535,6.888935,1
74.600000,5,12.299029,7.778429,18.957062,27.436462,12.299029,7.778429,1
74.600000,6,9.249365,4.728765,18.957062,27.436462,9.249365,4.728765,1
74.600000,7,8.675314,4.154714,18.957062,27.436462,8.675314,4.154714,1
75.100000,5,11.644651,7.124051,22.747744,31.227144,11.644651,7.124051,1
75.100000,6,11.717862,7.197262,22.747744,31.227144,11.717862,7.197262,1
75.100000,7,11.027928,6.507328,22.747744,31.227144,11.027928,6.507328,1
75.600000,5,8.210368,3.689768,17.092044,25.571444,8.210368,3.689768,1
75.600000,6,13.134380,8.613780,17.092044,25.571444,13.134380,8.613780,1
75.600000,7,13.069429,8.548829,17.092044,25.571444,13.069429,8.548829,1
76.100000,5,10.999977,6.479377,18.778566,27.257966,10.999977,6.479377,1
76.100000,6,12.500661,7.980062,18.778566,27.257966,12.500661,7.980062,1
76.100000,7,13.078397,8.557797,18.778566,27.257966,13.078397,8.557797,1
76.600000,5,12.475636,7.955036,20.621657,29.101057,12.475636,7.955036,1
76.600000,6,10.525847,6.005247,20.621657,29.101057,10.525847,6.005247,1
76.600000,7,9.814782,5.294182,20.621657,29.101057,9.814782,5.294182,1
77.100000,5,11.874629,7.354029,19.037888,27.517288,11.874629,7.354029,1
77.100000,6,11.420455,6.899855,19.037888,27.517288,11.420455,6.899855,1
77.100000,7,11.523622,7.003022,19.037888,27.517288,11.523622,7.003022,1
77.600000,5,15.124419,10.603819,17.626681,26.106081,15.124419,10.603819,1
77.600000,6,14.273371,9.752771,17.626681,26.106081,14.273371,9.752771,1
77.600000,7,11.674636,7.154036,17.626681,26.106081,11.674636,7.154036,1
78.100000,5,12.402841,7.882241,16.980390,25.459790,12.402841,7.882241,1
78.100000,6,14.157673,9.637074,16.980390,25.459790,14.157673,9.637074,1
78.100000,7,13.091286,8.570686,16.980390,25.459790,13.091286,8.570686,1
78.600000,5,9.940520,5.419921,18.557438,27.036838,9.940520,5.419921,1
78.600000,6,10.697850,6.177250,18.557438,27.036838,10.697850,6.177250,1
78.600000,7,14.592993,10.072393,18.557438,27.036838,14.592993,10.072393,1
79.100000,5,14.479829,9.959229,17.945522,26.424922,14.479829,9.959229,1
79.100000,6,13.239250,8.718651,17.945522,26.424922,13.239250,8.718651,1
79.100000,7,12.029961,7.509361,17.945522,26.424922,12.029961,7.509361,1
79.600000,5,8.598230,4.077630,18.263438,26.742838,8.598230,4.077630,1
79.600000,6,10.489672,5.969072,18.263438,26.742838,10.489672,5.969072,1
79.600000,7,8.998226,4.477626,18.263438,26.742838,8.998226,4.477626,1
80.100000,5,13.180758,8.660158,18.366649,26.846049,13.180758,8.660158,1
80.100000,6,11.954403,7.433803,18.366649,26.846049,11.954403,7.433803,1
80.100000,7,8.584695,4.064095,18.366649,26.846049,8.584695,4.064095,1
80.600000,5,13.253302,8.732702,16.694949,25.174349,13.253302,8.732702,1
80.600000,6,11.557173,7.036573,16.694949,25.174349,11.557173,7.036573,1
80.600000,7,11.847175,7.326576,16.694949,25.174349,11.847175,7.326576,1
81.100000,5,13.204429,8.683829,20.839267,29.318667,13.204429,8.683829,1
81.100000,6,12.275605,7.755005,20.839267,29.318667,12.275605,7.755005,1
81.100000,7,13.175944,8.655344,20.839267,29.318667,13.175944,8.655344,1
81.600000,5,12.348064,7.827464,20.477112,28.956512,12.348064,7.827464,1
81.600000,6,10.613243,6.092643,20.477112,28.956512,10.613243,6.092643,1
81.600000,7,7.055044,2.534444,20.477112,28.956512,7.055044,2.534444,1
82.100000,5,13.300323,8.779723,15.803470,24.282870,13.300323,8.779723,1
82.100000,6,14.488480,9.967880,15.803470,24.282870,14.488480,9.967880,1
82.100000,7,15.832020,11.311420,15.803470,24.282870,15.803470,11.311420,1
82.600000,5,11.505706,6.985106,18.140750,26.620150,11.505706,6.985106,1
82.600000,6,13.180789,8.660189,18.140750,26.620150,13.180789,8.660189,1
82.600000,7,12.802509,8.281909,18.140750,26.620150,12.802509,8.281909,1
83.100000,5,10.566710,6.046110,20.282095,28.761495,10.566710,6.046110,1
83.100000,6,12.350154,7.829554,20.282095,28.761495,12.350154,7.829554,1
83.100000,7,13.938989,9.418389,20.282095,28.761495,13.938989,9.418389,1
83.600000,5,13.096288,8.575688,19.102584,27.581984,13.096288,8.575688,1
83.600000,6,12.844089,8.323489,19.102584,27.581984,12.844089,8.323489,1
83.600000,7,12.202739,7.682139,19.102584,27.581984,12.202739,7.682139,1
84.100000,5,13.891433,9.370833,20.655489,29.134889,13.891433,9.370833,1
84.100000,6,13.601297,9.080697,20.655489,29.134889,13.601297,9.080697,1
84.100000,7,13.603062,9.082462,20.655489,29.134889,13.603062,9.082462,1
84.600000,5,13.269406,8.748806,16.225430,24.704830,13.269406,8.748806,1
84.600000,6,14.548821,10.028221,16.225430,24.704830,14.548821,10.028221,1
84.600000,7,13.048449,8.527849,16.225430,24.704830,13.048449,8.527849,1
85.100000,5,13.282945,8.762345,18.355344,26.834744,13.282945,8.762345,1
85.100000,6,12.604520,8.083920,18.355344,26.834744,12.604520,8.083920,1
85.100000,7,9.649489,5.128889,18.355344,26.834744,9.649489,5.128889,1
85.600000,5,14.574031,10.053431,18.774360,27.253760,14.574031,10.053431,1
85.600000,6,10.567704,6.047104,18.774360,27.253760,10.567704,6.047104,1
85.600000,7,11.539260,7.018660,18.774360,27.253760,11.539260,7.018660,1
86.100000,5,11.656576,7.135976,16.952651,25.432051,11.656576,7.135976,1
86.100000,6,13.820468,9.299868,16.952651,25.432051,13.820468,9.299868,1
86.100000,7,12.012521,7.491921,16.952651,25.432051,12.012521,7.491921,1
86.600000,5,8.827505,4.306905,17.700221,26.179622,8.827505,4.306905,1
86.600000,6,9.840807,5.320207,17.700221,26.179622,9.840807,5.320207,1
86.600000,7,11.378179,6.857579,17.700221,26.179622,11.378179,6.857579,1
87.100000,5,12.885051,8.364451,19.165525,27.644925,12.885051,8.364451,1
87.100000,6,13.532678,9.012078,19.165525,27.644925,13.532678,9.012078,1
87.100000,7,11.793815,7.273216,19.165525,27.644925,11.793815,7.273216,1
87.600000,5,12.466723,7.946123,19.444517,27.923918,12.466723,7.946123,1
87.600000,6,12.370576,7.849976,19.444517,27.923918,12.370576,7.849976,1
87.600000,7,11.441891,6.921291,19.444517,27.923918,11.441891,6.921291,1
88.100000,5,12.179726,7.659126,14.791952,23.271352,12.179726,7.659126,1
88.100000,6,10.569001,6.048402,14.791952,23.271352,10.569001,6.048402,1
88.100000,7,11.639957,7.119358,14.791952,23.271352,11.639957,7.119358,1
88.600000,5,11.650453,7.129853,20.420984,28.900384,11.650453,7.129853,1
88.600000,6,11.289611,6.769011,20.420984,28.900384,11.289611,6.769011,1
88.600000,7,13.815456,9.294856,20.420984,28.900384,13.815456,9.294856,1
89.100000,5,11.883504,7.362904,18.022856,26.502256,11.883504,7.362904,1
89.100000,6,12.315160,7.794560,18.022856,26.502256,12.315160,7.794560,1
89.100000,7,13.731338,9.210738,18.022856,26.502256,13.731338,9.210738,1
89.600000,5,12.936674,8.416074,20.617592,29.096992,12.936674,8.416074,1
89.600000,6,15.323511,10.802911,20.617592,29.096992,15.323511,10.802911,1
89.600000,7,14.962539,10.441939,20.617592,29.096992,14.962539,10.441939,1
90.100000,5,8.720484,4.199884,17.397881,25.877281,8.720484,4.199884,1
90.100000,6,12.730120,8.209520,17.397881,25.877281,12.730120,8.209520,1
90.100000,7,13.923615,9.403015,17.397881,25.877281,13.923615,9.403015,1
90.600000,5,11.092282,6.571682,19.112052,27.591452,11.092282,6.571682,1
90.600000,6,8.470097,3.949498,19.112052,27.591452,8.470097,3.949498,1
90.600000,7,11.141468,6.620868,19.112052,27.591452,11.141468,6.620868,1
91.100000,5,14.249910,9.729310,15.629718,24.109119,14.249910,9.729310,1
91.100000,6,8.882948,4.362348,15.629718,24.109119,8.882948,4.362348,1
91.100000,7,11.911101,7.390501,15.629718,24.109119,11.911101,7.390501,1
91.600000,5,13.746587,9.225987,19.262333,27.741733,13.746587,9.225987,1
91.600000,6,9.096171,4.575571,19.262333,27.741733,9.096171,4.575571,1
91.600000,7,15.446948,10.926348,19.262333,27.741733,15.446948,10.926348,1
92.100000,5,11.057320,6.536721,17.987402,26.466802,11.057320,6.536721,1
92.100000,6,9.200956,4.680356,17.987402,26.466802,9.200956,4.680356,1
92.100000,7,12.930569,8.409969,17.987402,26.466802,12.930569,8.409969,1
92.600000,5,14.155223,9.634623,19.457194,27.936594,14.155223,9.634623,1
92.600000,6,13.809076,9.288476,19.457194,27.936594,13.809076,9.288476,1
92.600000,7,9.788230,5.267630,19.457194,27.936594,9.788230,5.267630,1
93.100000,5,13.603661,9.083061,14.671150,23.150550,13.603661,9.083061,1
93.100000,6,11.920704,7.400104,14.671150,23.150550,11.920704,7.400104,1
93.100000,7,11.787083,7.266484,14.671150,23.150550,11.787083,7.266484,1
93.600000,5,12.393929,7.873329,15.579148,24.058548,12.393929,7.873329,1
93.600000,6,14.181283,9.660683,15.579148,24.058548,14.181283,9.660683,1
93.600000,7,11.853085,7.332485,15.579148,24.058548,11.853085,7.332485,1
94.100000,5,12.369758,7.849158,17.407760,25.887160,12.369758,7.849158,1
94.100000,6,11.678661,7.158061,17.407760,25.887160,11.678661,7.158061,1
94.100000,7,9.718443,5.197843,17.407760,25.887160,9.718443,5.197843,1
94.600000,5,11.895218,7.374618,18.403287,26.882687,11.895218,7.374618,1
94.600000,6,13.449815,8.929215,18.403287,26.882687,13.449815,8.929215,1
94.600000,7,12.671679,8.151079,18.403287,26.882687,12.671679,8.151079,1
95.100000,5,14.724022,10.203422,19.535752,28.015152,14.724022,10.203422,1
95.100000,6,14.202385,9.681785,19.535752,28.015152,14.202385,9.681785,1
95.100000,7,9.969289,5.448689,19.535752,28.015152,9.969289,5.448689,1
95.600000,5,13.109515,8.588915,19.000325,27.479725,13.109515,8.588915,1
95.600000,6,10.706102,6.185502,19.000325,27.479725,10.706102,6.185502,1
95.600000,7,9.500700,4.980100,19.000325,27.479725,9.500700,4.980100,1
96.100000,5,12.796585,8.275985,15.302885,23.782286,12.796585,8.275985,1
96.100000,6,12.611978,8.091378,15.302885,23.782286,12.611978,8.091378,1
96.100000,7,13.543617,9.023017,15.302885,23.782286,13.543617,9.023017,1
96.600000,5,9.191539,4.670939,17.385930,25.865330,9.191539,4.670939,1
96.600000,6,9.143687,4.623087,17.385930,25.865330,9.143687,4.623087,1
96.600000,7,12.702498,8.181898,17.385930,25.865330,12.702498,8.181898,1
97.100000,5,12.371667,7.851067,19.156233,27.635633,12.371667,7.851067,1
97.100000,6,6.455914,1.935314,19.156233,27.635633,6.455914,1.935314,1
97.100000,7,12.574705,8.054105,19.156233,27.635633,12.574705,8.054105,1
97.600000,5,14.010418,9.489818,17.413774,25.893174,14.010418,9.489818,1
97.600000,6,14.404622,9.884022,17.413774,25.893174,14.404622,9.884022,1
97.600000,7,9.631239,5.110639,17.413774,25.893174,9.631239,5.110639,1
98.100000,5,14.207799,9.687199,19.537144,28.016544,14.207799,9.687199,1
98.100000,6,13.087597,8.566997,19.537144,28.016544,13.087597,8.566997,1
98.100000,7,9.171467,4.650867,19.537144,28.016544,9.171467,4.650867,1
98.600000,5,12.477651,7.957051,19.307682,27.787082,12.477651,7.957051,1
98.600000,6,13.712637,9.192037,19.307682,27.787082,13.712637,9.192037,1
98.600000,7,11.329875,6.809276,19.307682,27.787082,11.329875,6.809276,1
99.100000,5,14.278180,9.757580,17.793841,26.273241,14.278180,9.757580,1
99.100000,6,12.699920,8.179320,17.793841,26.273241,12.699920,8.179320,1
99.100000,7,11.099536,6.578936,17.793841,26.273241,11.099536,6.578936,1
99.600000,5,12.061608,7.541008,17.527138,26.006538,12.061608,7.541008,1
99.600000,6,13.903448,9.382848,17.527138,26.006538,13.903448,9.382848,1
99.600000,7,10.709298,6.188698,17.527138,26.006538,10.709298,6.188698,1
100.100000,5,12.591552,8.070952,19.346128,27.825528,12.591552,8.070952,1
100.100000,6,12.818362,8.297762,19.346128,27.825528,12.818362,8.297762,1
100.100000,7,13.232761,8.712162,19.346128,27.825528,13.232761,8.712162,1
100.600000,5,13.537367,9.016767,18.936239,27.415639,13.537367,9.016767,1
100.600000,6,11.662373,7.141773,18.936239,27.415639,11.662373,7.141773,1
100.600000,7,14.150904,9.630304,18.936239,27.415639,14.150904,9.630304,1
101.100000,5,11.824708,7.304108,18.376815,26.856215,11.824708,7.304108,1
101.100000,6,12.039262,7.518662,18.376815,26.856215,12.039262,7.518662,1
101.100000,7,15.841577,11.320977,18.376815,26.856215,15.841577,11.320977,1
101.600000,5,13.295264,8.774664,17.912306,26.391707,13.295264,8.774664,1
101.600000,6,10.788016,6.267416,17.912306,26.391707,10.788016,6.267416,1
101.600000,7,13.391250,8.870650,17.912306,26.391707,13.391250,8.870650,1
102.100000,5,13.521578,9.000978,20.310960,28.790360,13.521578,9.000978,1
102.100000,6,10.592376,6.071776,20.310960,28.790360,10.592376,6.071776,1
102.100000,7,12.609057,8.088457,20.310960,28.790360,12.609057,8.088457,1
102.600000,5,13.366423,8.845823,21.587184,30.066584,13.366423,8.845823,1
102.600000,6,14.607137,10.086537,21.587184,30.066584,14.607137,10.086537,1
102.600000,7,10.743636,6.223036,21.587184,30.066584,10.743636,6.223036,1
103.100000,5,13.257502,8.736902,16.882763,25.362163,13.257502,8.736902,1
103.100000,6,11.781019,7.260419,16.882763,25.362163,11.781019,7.260419,1
103.100000,7,11.687006,7.166406,16.882763,25.362163,11.687006,7.166406,1
103.600000,5,10.399542,5.878943,17.978002,26.457402,10.399542,5.878943,1
103.600000,6,9.031337,4.510737,17.978002,26.457402,9.031337,4.510737,1
103.600000,7,12.148723,7.628123,17.978002,26.457402,12.148723,7.628123,1
104.100000,5,14.122517,9.601917,13.715882,22.195282,13.715882,9.601917,1
104.100000,6,10.252136,5.731536,13.715882,22.195282,10.252136,5.731536,1
104.100000,7,10.868566,6.347966,13.715882,22.195282,10.868566,6.347966,1
104.600000,5,11.249062,6.728462,18.866753,27.346153,11.249062,6.728462,1
104.600000,6,11.876881,7.356281,18.866753,27.346153,11.876881,7.356281,1
104.600000,7,9.788703,5.268103,18.866753,27.346153,9.788703,5.268103,1
105.100000,5,14.875324,10.354724,20.516531,28.995931,14.875324,10.354724,1
105.100000,6,12.412538,7.891938,20.516531,28.995931,12.412538,7.891938,1
105.100000,7,12.335499,7.814899,20.516531,28.995931,12.335499,7.814899,1
105.600000,5,8.050729,3.530129,19.183173,27.662573,8.050729,3.530129,1
105.600000,6,11.923801,7.403201,19.183173,27.662573,11.923801,7.403201,1
105.600000,7,12.918189,8.397589,19.183173,27.662573,12.918189,8.397589,1
106.100000,5,12.517508,7.996909,20.499199,28.978599,12.517508,7.996909,1
106.100000,6,14.582245,10.061645,20.499199,28.978599,14.582245,10.061645,1
106.100000,7,8.016167,3.495567,20.499199,28.978599,8.016167,3.495567,1
106.600000,5,12.773467,8.252867,16.378392,24.857792,12.773467,8.252867,1
106.600000,6,11.730366,7.209766,16.378392,24.857792,11.730366,7.209766,1
106.600000,7,13.524370,9.003770,16.378392,24.857792,13.524370,9.003770,1
107.100000,5,12.615319,8.094719,18.506180,26.985580,12.615319,8.094719,1
107.100000,6,13.724082,9.203482,18.506180,26.985580,13.724082,9.203482,1
107.100000,7,9.845897,5.325297,18.506180,26.985580,9.845897,5.325297,1
107.600000,5,13.761613,9.241013,19.828227,28.307627,13.761613,9.241013,1
107.600000,6,13.320159,8.799559,19.828227,28.307627,13.320159,8.799559,1
107.600000,7,11.131554,6.610955,19.828227,28.307627,11.131554,6.610955,1
108.100000,5,12.376160,7.855560,21.798183,30.277583,12.376160,7.855560,1
108.100000,6,11.277500,6.756901,21.798183,30.277583,11.277500,6.756901,1
108.100000,7,10.467195,5.946595,21.798183,30.277583,10.467195,5.946595,1
108.600000,5,12.922053,8.401454,19.490330,27.969730,12.922053,8.401454,1
108.600000,6,10.502384,5.981784,19.490330,27.969730,10.502384,5.981784,1
108.600000,7,12.676298,8.155698,19.490330,27.969730,12.676298,8.155698,1
109.100000,5,13.308457,8.787857,20.089345,28.568745,13.308457,8.787857,1
109.100000,6,11.025120,6.504520,20.089345,28.568745,11.025120,6.504520,1
109.100000,7,12.578766,8.058166,20.089345,28.568745,12.578766,8.058166,1
109.600000,5,10.747779,6.227179,18.584145,27.063545,10.747779,6.227179,1
109.600000,6,12.994099,8.473499,18.584145,27.063545,12.994099,8.473499,1
109.600000,7,15.510156,10.989556,18.584145,27.063545,15.510156,10.989556,1
110.100000,5,9.081993,4.561393,20.183054,28.662455,9.081993,4.561393,1
110.100000,6,13.154263,8.633663,20.183054,28.662455,13.154263,8.633663,1
110.100000,7,4.638630,0.118031,20.183054,28.662455,4.638630,0.118031,1
110.600000,5,9.937684,5.417085,18.282959,26.762359,9.937684,5.417085,1
110.600000,6,12.183054,7.662454,18.282959,26.762359,12.183054,7.662454,1
110.600000,7,11.042672,6.522072,18.282959,26.762359,11.042672,6.522072,1
111.100000,5,12.540154,8.019555,21.528928,30.008328,12.540154,8.019555,1
111.100000,6,11.902660,7.382060,21.528928,30.008328,11.902660,7.382060,1
111.100000,7,9.507912,4.987312,21.528928,30.008328,9.507912,4.987312,1
111.600000,5,12.865381,8.344781,19.875012,28.354412,12.865381,8.344781,1
111.600000,6,13.794891,9.274291,19.875012,28.354412,13.794891,9.274291,1
111.600000,7,12.219565,7.698966,19.875012,28.354412,12.219565,7.698966,1
112.100000,5,12.178134,7.657534,20.359862,28.839262,12.178134,7.657534,1
112.100000,6,10.490304,5.969704,20.359862,28.839262,10.490304,5.969704,1
112.100000,7,13.735110,9.214510,20.359862,28.839262,13.735110,9.214510,1
112.600000,5,12.008669,7.488069,19.393596,27.872996,12.008669,7.488069,1
112.600000,6,9.330969,4.810370,19.393596,27.872996,9.330969,4.810370,1
112.600000,7,14.398240,9.877640,19.393596,27.872996,14.398240,9.877640,1
113.100000,5,13.185713,8.665113,20.061644,28.541044,13.185713,8.665113,1
113.100000,6,10.786069,6.265470,20.061644,28.541044,10.786069,6.265470,1
113.100000,7,12.648450,8.127850,20.061644,28.541044,12.648450,8.127850,1
113.600000,5,15.437088,10.916488,17.813374,26.292774,15.437088,10.916488,1
113.600000,6,11.276241,6.755642,17.813374,26.292774,11.276241,6.755642,1
113.600000,7,11.331715,6.811115,17.813374,26.292774,11.331715,6.811115,1
114.100000,5,14.829183,10.308583,19.017557,27.496957,14.829183,10.308583,1
114.100000,6,13.305056,8.784456,19.017557,27.496957,13.305056,8.784456,1
114.100000,7,11.579097,7.058497,19.017557,27.496957,11.579097,7.058497,1
114.600000,5,13.906106,9.385506,21.533146,30.012546,13.906106,9.385506,1
114.600000,6,15.638634,11.118034,21.533146,30.012546,15.638634,11.118034,1
114.600000,7,9.696631,5.176031,21.533146,30.012546,9.696631,5.176031,1
115.100000,5,14.596192,10.075593,19.003748,27.483148,14.596192,10.075593,1
115.100000,6,12.504428,7.983828,19.003748,27.483148,12.504428,7.983828,1
115.100000,7,12.613348,8.092748,19.003748,27.483148,12.613348,8.092748,1
115.600000,5,12.337017,7.816417,20.383676,28.863076,12.337017,7.816417,1
115.600000,6,11.987653,7.467053,20.383676,28.863076,11.987653,7.467053,1
115.600000,7,11.144349,6.623749,20.383676,28.863076,11.144349,6.623749,1
116.100000,5,11.265371,6.744771,16.891840,25.371240,11.265371,6.744771,1
116.100000,6,13.334009,8.813409,16.891840,25.371240,13.334009,8.813409,1
116.100000,7,10.639230,6.118630,16.891840,25.371240,10.639230,6.118630,1
116.600000,5,12.919026,8.398426,20.426931,28.906331,12.919026,8.398426,1
116.600000,6,11.152770,6.632170,20.426931,28.906331,11.152770,6.632170,1
116.600000,7,14.403475,9.882875,20.426931,28.906331,14.403475,9.882875,1
117.100000,5,13.280999,8.760399,18.283845,26.763245,13.280999,8.760399,1
117.100000,6,15.317534,10.796934,18.283845,26.763245,15.317534,10.796934,1
117.100000,7,13.746113,9.225514,18.283845,26.763245,13.746113,9.225514,1
117.600000,5,8.643016,4.122416,18.226358,26.705758,8.643016,4.122416,1
117.600000,6,12.401945,7.881346,18.226358,26.705758,12.401945,7.881346,1
117.600000,7,10.235543,5.714943,18.226358,26.705758,10.235543,5.714943,1
118.100000,5,14.350388,9.829788,19.961511,28.440911,14.350388,9.829788,1
118.100000,6,10.330688,5.810088,19.961511,28.440911,10.330688,5.810088,1
118.100000,7,12.642637,8.122037,19.961511,28.440911,12.642637,8.122037,1
118.600000,5,14.657563,10.136963,17.717142,26.196542,14.657563,10.136963,1
118.600000,6,10.818771,6.298171,17.717142,26.196542,10.818771,6.298171,1
118.600000,7,10.191546,5.670946,17.717142,26.196542,10.191546,5.670946,1
119.100000,5,11.374025,6.853425,18.918296,27.397696,11.374025,6.853425,1
119.100000,6,14.038812,9.518213,18.918296,27.397696,14.038812,9.518213,1
119.100000,7,15.081886,10.561286,18.918296,27.397696,15.081886,10.561286,1
119.600000,5,13.134745,8.614146,18.228198,26.707599,13.134745,8.614146,1
119.600000,6,12.603943,8.083343,18.228198,26.707599,12.603943,8.083343,1
119.600000,7,12.622789,8.102189,18.228198,26.707599,12.622789,8.102189,1
