Time,CellId,ServiceDlSnrDb,ServiceUlSnrDb,FeederDlSnrDb,FeederUlSnrDb,BackhaulDlSnrDb,BackhaulUlSnrDb,BackhaulHealthy
0.100000,5,10.852754,6.332154,18.267232,26.746632,10.852754,6.332154,1
0.100000,6,10.988754,6.468154,18.267232,26.746632,10.988754,6.468154,1
0.100000,7,11.725085,7.204485,18.267232,26.746632,11.725085,7.204485,1
0.600000,5,13.239665,8.719065,20.005874,28.485274,13.239665,8.719065,1
0.600000,6,12.695593,8.174993,20.005874,28.485274,12.695593,8.174993,1
0.600000,7,11.750661,7.230061,20.005874,28.485274,11.750661,7.230061,1
1.100000,5,12.817325,8.296725,20.342531,28.821931,12.817325,8.296725,1
1.100000,6,13.157064,8.636464,20.342531,28.821931,13.157064,8.636464,1
1.100000,7,13.466134,8.945535,20.342531,28.821931,13.466134,8.945535,1
1.600000,5,14.244427,9.723827,17.369550,25.848950,14.244427,9.723827,1
1.600000,6,11.647649,7.127049,17.369550,25.848950,11.647649,7.127049,1
1.600000,7,9.513805,4.993205,17.369550,25.848950,9.513805,4.993205,1
2.100000,5,13.432931,8.912331,20.555794,29.035194,13.432931,8.912331,1
2.100000,6,10.246087,5.725487,20.555794,29.035194,10.246087,5.725487,1
2.100000,7,13.439405,8.918805,20.555794,29.035194,13.439405,8.918805,1
2.600000,5,12.974413,8.453813,20.749866,29.229266,12.974413,8.453813,1
2.600000,6,14.126693,9.606093,20.749866,29.229266,14.126693,9.606093,1
2.600000,7,11.347934,6.827334,20.749866,29.229266,11.347934,6.827334,1
3.100000,5,14.541341,10.020741,20.546697,29.026097,14.541341,10.020741,1
3.100000,6,16.386337,11.865737,20.546697,29.026097,16.386337,11.865737,1
3.100000,7,13.233026,8.712426,20.546697,29.026097,13.233026,8.712426,1
3.600000,5,12.859547,8.338947,20.000686,28.480086,12.859547,8.338947,1
3.600000,6,10.672489,6.151890,20.000686,28.480086,10.672489,6.151890,1
3.600000,7,7.967820,3.447220,20.000686,28.480086,7.967820,3.447220,1
4.100000,5,12.313430,7.792830,19.950103,28.429503,12.313430,7.792830,1
4.100000,6,12.268074,7.747474,19.950103,28.429503,12.268074,7.747474,1
4.100000,7,10.069121,5.548521,19.950103,28.429503,10.069121,5.548521,1
4.600000,5,13.665228,9.144628,13.847362,22.326762,13.665228,9.144628,1
4.600000,6,12.923697,8.403097,13.847362,22.326762,12.923697,8.403097,1
4.600000,7,10.976469,6.455869,13.847362,22.326762,10.976469,6.455869,1
5.100000,5,10.471662,5.951062,18.351662,26.831063,10.471662,5.951062,1
5.100000,6,12.023887,7.503287,18.351662,26.831063,12.023887,7.503287,1
5.100000,7,12.100988,7.580388,18.351662,26.831063,12.100988,7.580388,1
5.600000,5,11.924963,7.404363,18.513986,26.993386,11.924963,7.404363,1
5.600000,6,11.911936,7.391336,18.513986,26.993386,11.911936,7.391336,1
5.600000,7,14.111066,9.590466,18.513986,26.993386,14.111066,9.590466,1
6.100000,5,15.536636,11.016036,17.054143,25.533543,15.536636,11.016036,1
6.100000,6,11.181741,6.661142,17.054143,25.533543,11.181741,6.661142,1
6.100000,7,13.771404,9.250804,17.054143,25.533543,13.771404,9.250804,1
6.600000,5,9.371515,4.850916,18.611234,27.090634,9.371515,4.850916,1
6.600000,6,11.639450,7.118850,18.611234,27.090634,11.639450,7.118850,1
6.600000,7,6.649650,2.129050,18.611234,27.090634,6.649650,2.129050,1
7.100000,5,8.391107,3.870507,19.243930,27.723330,8.391107,3.870507,1
7.100000,6,10.409145,5.888546,19.243930,27.723330,10.409145,5.888546,1
7.100000,7,11.537973,7.017373,19.243930,27.723330,11.537973,7.017373,1
7.600000,5,12.892751,8.372151,14.797199,23.276599,12.892751,8.372151,1
7.600000,6,10.042498,5.521898,14.797199,23.276599,10.042498,5.521898,1
7.600000,7,14.079430,9.558830,14.797199,23.276599,14.079430,9.558830,1
8.100000,5,14.978761,10.458161,19.657373,28.136773,14.978761,10.458161,1
8.100000,6,15.618827,11.098227,19.657373,28.136773,15.618827,11.098227,1
8.100000,7,11.810294,7.289694,19.657373,28.136773,11.810294,7.289694,1
8.600000,5,14.281472,9.760872,19.786227,28.265627,14.281472,9.760872,1
8.600000,6,12.518321,7.997721,19.786227,28.265627,12.518321,7.997721,1
8.600000,7,11.091945,6.571345,19.786227,28.265627,11.091945,6.571345,1
9.100000,5,11.854416,7.333816,17.884083,26.363483,11.854416,7.333816,1
9.100000,6,15.165218,10.644618,17.884083,26.363483,15.165218,10.644618,1
9.100000,7,13.167475,8.646875,17.884083,26.363483,13.167475,8.646875,1
9.600000,5,9.965287,5.444687,19.395594,27.874994,9.965287,5.444687,1
9.600000,6,12.650800,8.130200,19.395594,27.874994,12.650800,8.130200,1
9.600000,7,14.597551,10.076951,19.395594,27.874994,14.597551,10.076951,1
10.100000,5,12.539403,8.018803,19.782965,28.262366,12.539403,8.018803,1
10.100000,6,14.361387,9.840787,19.782965,28.262366,14.361387,9.840787,1
10.100000,7,15.778174,11.257574,19.782965,28.262366,15.778174,11.257574,1
10.600000,5,13.798366,9.277766,20.310565,28.789965,13.798366,9.277766,1
10.600000,6,14.082539,9.561939,20.310565,28.789965,14.082539,9.561939,1
10.600000,7,9.165322,4.644722,20.310565,28.789965,9.165322,4.644722,1
11.100000,5,11.445335,6.924735,19.472392,27.951792,11.445335,6.924735,1
11.100000,6,10.831234,6.310634,19.472392,27.951792,10.831234,6.310634,1
11.100000,7,13.686536,9.165936,19.472392,27.951792,13.686536,9.165936,1
11.600000,5,11.362188,6.841588,17.435688,25.915088,11.362188,6.841588,1
11.600000,6,13.285963,8.765363,17.435688,25.915088,13.285963,8.765363,1
11.600000,7,10.888340,6.367740,17.435688,25.915088,10.888340,6.367740,1
12.100000,5,14.369073,9.848473,19.780524,28.259924,14.369073,9.848473,1
12.100000,6,14.159544,9.638944,19.780524,28.259924,14.159544,9.638944,1
12.100000,7,12.518905,7.998305,19.780524,28.259924,12.518905,7.998305,1
12.600000,5,13.942446,9.421847,19.001855,27.481255,13.942446,9.421847,1
12.600000,6,15.792995,11.272395,19.001855,27.481255,15.792995,11.272395,1
12.600000,7,9.736575,5.215975,19.001855,27.481255,9.736575,5.215975,1
13.100000,5,11.985459,7.464859,17.059021,25.538421,11.985459,7.464859,1
13.100000,6,9.899724,5.379124,17.059021,25.538421,9.899724,5.379124,1
13.100000,7,10.320145,5.799545,17.059021,25.538421,10.320145,5.799545,1
13.600000,5,11.416705,6.896105,18.834006,27.313407,11.416705,6.896105,1
13.600000,6,10.849805,6.329205,18.834006,27.313407,10.849805,6.329205,1
13.600000,7,11.201529,6.680929,18.834006,27.313407,11.201529,6.680929,1
14.100000,5,11.945099,7.424499,16.797809,25.277210,11.945099,7.424499,1
14.100000,6,12.686098,8.165498,16.797809,25.277210,12.686098,8.165498,1
14.100000,7,14.047740,9.527140,16.797809,25.277210,14.047740,9.527140,1
14.600000,5,13.706028,9.185428,19.925966,28.405366,13.706028,9.185428,1
14.600000,6,14.989848,10.469248,19.925966,28.405366,14.989848,10.469248,1
14.600000,7,9.948277,5.427677,19.925966,28.405366,9.948277,5.427677,1
15.100000,5,11.913179,7.392579,20.669822,29.149222,11.913179,7.392579,1
15.100000,6,12.037114,7.516514,20.669822,29.149222,12.037114,7.516514,1
15.100000,7,9.789566,5.268966,20.669822,29.149222,9.789566,5.268966,1
15.600000,5,14.908826,10.388226,20.973816,29.453216,14.908826,10.388226,1
15.600000,6,15.061620,10.541020,20.973816,29.453216,15.061620,10.541020,1
15.600000,7,12.563194,8.042594,20.973816,29.453216,12.563194,8.042594,1
16.100000,5,11.014104,6.493504,17.107967,25.587368,11.014104,6.493504,1
16.100000,6,11.481111,6.960511,17.107967,25.587368,11.481111,6.960511,1
16.100000,7,10.000586,5.479986,17.107967,25.587368,10.000586,5.479986,1
16.600000,5,14.451816,9.931216,17.450899,25.930299,14.451816,9.931216,1
16.600000,6,10.049025,5.528425,17.450899,25.930299,10.049025,5.528425,1
16.600000,7,12.064433,7.543833,17.450899,25.930299,12.064433,7.543833,1
17.100000,5,14.337453,9.816853,18.363401,26.842801,14.337453,9.816853,1
17.100000,6,15.306887,10.786287,18.363401,26.842801,15.306887,10.786287,1
17.100000,7,11.912114,7.391514,18.363401,26.842801,11.912114,7.391514,1
17.600000,5,12.567703,8.047103,15.783009,24.262409,12.567703,8.047103,1
17.600000,6,12.657209,8.136609,15.783009,24.262409,12.657209,8.136609,1
17.600000,7,10.775824,6.255224,15.783009,24.262409,10.775824,6.255224,1
18.100000,5,12.750069,8.229469,17.556405,26.035805,12.750069,8.229469,1
18.100000,6,11.332712,6.812112,17.556405,26.035805,11.332712,6.812112,1
18.100000,7,12.549581,8.028981,17.556405,26.035805,12.549581,8.028981,1
18.600000,5,11.500015,6.979415,13.142537,21.621937,11.500015,6.979415,1
18.600000,6,13.312218,8.791618,13.142537,21.621937,13.142537,8.791618,1
18.600000,7,13.690665,9.170065,13.142537,21.621937,13.142537,9.170065,1
19.100000,5,12.702890,8.182290,21.056584,29.535985,12.702890,8.182290,1
19.100000,6,13.225450,8.704850,21.056584,29.535985,13.225450,8.704850,1
19.100000,7,14.109259,9.588659,21.056584,29.535985,14.109259,9.588659,1
19.600000,5,14.212737,9.692137,20.937829,29.417229,14.212737,9.692137,1
19.600000,6,11.419030,6.898430,20.937829,29.417229,11.419030,6.898430,1
19.600000,7,13.077916,8.557316,20.937829,29.417229,13.077916,8.557316,1
20.100000,5,15.678014,11.157414,18.544308,27.023709,15.678014,11.157414,1
20.100000,6,13.011326,8.490726,18.544308,27.023709,13.011326,8.490726,1
20.100000,7,12.086991,7.566391,18.544308,27.023709,12.086991,7.566391,1
20.600000,5,8.982167,4.461567,20.057350,28.536750,8.982167,4.461567,1
20.600000,6,12.414119,7.893519,20.057350,28.536750,12.414119,7.893519,1
20.600000,7,11.706775,7.186175,20.057350,28.536750,11.706775,7.186175,1
21.100000,5,12.253663,7.733063,16.327115,24.806515,12.253663,7.733063,1
21.100000,6,14.466474,9.945874,16.327115,24.806515,14.466474,9.945874,1
21.100000,7,9.584256,5.063656,16.327115,24.806515,9.584256,5.063656,1
21.600000,5,11.443606,6.923006,17.875168,26.354568,11.443606,6.923006,1
21.600000,6,15.164184,10.643584,17.875168,26.354568,15.164184,10.643584,1
21.600000,7,13.093658,8.573058,17.875168,26.354568,13.093658,8.573058,1
22.100000,5,13.361648,8.841048,18.773938,27.253338,13.361648,8.841048,1
22.100000,6,10.915798,6.395198,18.773938,27.253338,10.915798,6.395198,1
22.100000,7,10.971712,6.451112,18.773938,27.253338,10.971712,6.451112,1
22.600000,5,10.693264,6.172664,17.773166,26.252566,10.693264,6.172664,1
22.600000,6,11.882321,7.361721,17.773166,26.252566,11.882321,7.361721,1
22.600000,7,13.486794,8.966194,17.773166,26.252566,13.486794,8.966194,1
23.100000,5,12.941533,8.420933,16.511053,24.990453,12.941533,8.420933,1
23.100000,6,12.960988,8.440388,16.511053,24.990453,12.960988,8.440388,1
23.100000,7,9.927184,5.406584,16.511053,24.990453,9.927184,5.406584,1
23.600000,5,12.450936,7.930336,13.116152,21.595552,12.450936,7.930336,1
23.600000,6,13.008601,8.488001,13.116152,21.595552,13.008601,8.488001,1
23.600000,7,11.552022,7.031422,13.116152,21.595552,11.552022,7.031422,1
24.100000,5,9.639417,5.118817,20.302057,28.781457,9.639417,5.118817,1
24.100000,6,9.187367,4.666767,20.302057,28.781457,9.187367,4.666767,1
24.100000,7,6.823501,2.302901,20.302057,28.781457,6.823501,2.302901,1
24.600000,5,12.516846,7.996246,19.512522,27.991922,12.516846,7.996246,1
24.600000,6,14.929107,10.408507,19.512522,27.991922,14.929107,10.408507,1
24.600000,7,11.388356,6.867756,19.512522,27.991922,11.388356,6.867756,1
25.100000,5,9.983232,5.462632,17.258395,25.737795,9.983232,5.462632,1
25.100000,6,11.444408,6.923808,17.258395,25.737795,11.444408,6.923808,1
25.100000,7,13.072101,8.551501,17.258395,25.737795,13.072101,8.551501,1
25.600000,5,12.047159,7.526559,17.609928,26.089328,12.047159,7.526559,1
25.600000,6,11.892761,7.372162,17.609928,26.089328,11.892761,7.372162,1
25.600000,7,8.851101,4.330501,17.609928,26.089328,8.851101,4.330501,1
26.100000,5,13.891297,9.370697,17.713960,26.193360,13.891297,9.370697,1
26.100000,6,11.530819,7.010219,17.713960,26.193360,11.530819,7.010219,1
26.100000,7,10.274560,5.753961,17.713960,26.193360,10.274560,5.753961,1
26.600000,5,11.053568,6.532968,15.070013,23.549413,11.053568,6.532968,1
26.600000,6,13.245462,8.724862,15.070013,23.549413,13.245462,8.724862,1
26.600000,7,9.935724,5.415124,15.070013,23.549413,9.935724,5.415124,1
27.100000,5,9.297590,4.776991,17.531526,26.010926,9.297590,4.776991,1
27.100000,6,12.363585,7.842985,17.531526,26.010926,12.363585,7.842985,1
27.100000,7,11.971064,7.450464,17.531526,26.010926,11.971064,7.450464,1
27.600000,5,11.664057,7.143457,18.654287,27.133687,11.664057,7.143457,1
27.600000,6,14.511244,9.990644,18.654287,27.133687,14.511244,9.990644,1
27.600000,7,9.605698,5.085098,18.654287,27.133687,9.605698,5.085098,1
28.100000,5,13.500343,8.979743,19.446513,27.925913,13.500343,8.979743,1
28.100000,6,13.269716,8.749116,19.446513,27.925913,13.269716,8.749116,1
28.100000,7,12.809309,8.288709,19.446513,27.925913,12.809309,8.288709,1
28.600000,5,11.123271,6.602671,18.983293,27.462693,11.123271,6.602671,1
28.600000,6,11.443135,6.922536,18.983293,27.462693,11.443135,6.922536,1
28.600000,7,9.953794,5.433194,18.983293,27.462693,9.953794,5.433194,1
29.100000,5,15.117501,10.596901,16.974079,25.453479,15.117501,10.596901,1
29.100000,6,9.670881,5.150281,16.974079,25.453479,9.670881,5.150281,1
29.100000,7,11.140827,6.620227,16.974079,25.453479,11.140827,6.620227,1
29.600000,5,12.070850,7.550250,17.602339,26.081739,12.070850,7.550250,1
29.600000,6,13.025078,8.504478,17.602339,26.081739,13.025078,8.504478,1
29.600000,7,6.507731,1.987132,17.602339,26.081739,6.507731,1.987132,1
30.100000,5,8.139623,3.619023,21.021178,29.500578,8.139623,3.619023,1
30.100000,6,10.933776,6.413176,21.021178,29.500578,10.933776,6.413176,1
30.100000,7,14.430351,9.909751,21.021178,29.500578,14.430351,9.909751,1
30.600000,5,14.417952,9.897352,19.827259,28.306659,14.417952,9.897352,1
30.600000,6,12.708378,8.187778,19.827259,28.306659,12.708378,8.187778,1
30.600000,7,14.381597,9.860997,19.827259,28.306659,14.381597,9.860997,1
31.100000,5,13.227061,8.706461,18.385763,26.865163,13.227061,8.706461,1
31.100000,6,13.895487,9.374887,18.385763,26.865163,13.895487,9.374887,1
31.100000,7,14.105533,9.584933,18.385763,26.865163,14.105533,9.584933,1
31.600000,5,13.744224,9.223624,18.401095,26.880495,13.744224,9.223624,1
31.600000,6,12.003068,7.482468,18.401095,26.880495,12.003068,7.482468,1
31.600000,7,13.784756,9.264156,18.401095,26.880495,13.784756,9.264156,1
32.100000,5,12.202609,7.682009,19.456303,27.935703,12.202609,7.682009,1
32.100000,6,12.246426,7.725826,19.456303,27.935703,12.246426,7.725826,1
32.100000,7,12.658379,8.137779,19.456303,27.935703,12.658379,8.137779,1
32.600000,5,10.796023,6.275423,19.016128,27.495528,10.796023,6.275423,1
32.600000,6,13.087443,8.566843,19.016128,27.495528,13.087443,8.566843,1
32.600000,7,12.443934,7.923334,19.016128,27.495528,12.443934,7.923334,1
33.100000,5,13.652979,9.132379,16.266886,24.746286,13.652979,9.132379,1
33.100000,6,14.177123,9.656523,16.266886,24.746286,14.177123,9.656523,1
33.100000,7,11.454150,6.933550,16.266886,24.746286,11.454150,6.933550,1
33.600000,5,11.114403,6.593804,19.514221,27.993621,11.114403,6.593804,1
33.600000,6,14.263220,9.742620,19.514221,27.993621,14.263220,9.742620,1
33.600000,7,14.885749,10.365149,19.514221,27.993621,14.885749,10.365149,1
34.100000,5,13.292676,8.772076,16.249602,24.729002,13.292676,8.772076,1
34.100000,6,8.577212,4.056612,16.249602,24.729002,8.577212,4.056612,1
34.100000,7,10.778638,6.258038,16.249602,24.729002,10.778638,6.258038,1
34.600000,5,10.936143,6.415543,19.492440,27.971840,10.936143,6.415543,1
34.600000,6,11.799993,7.279393,19.492440,27.971840,11.799993,7.279393,1
34.600000,7,13.341450,8.820850,19.492440,27.971840,13.341450,8.820850,1
35.100000,5,12.095742,7.575142,19.500654,27.980054,12.095742,7.575142,1
35.100000,6,10.983234,6.462634,19.500654,27.980054,10.983234,6.462634,1
35.100000,7,14.366919,9.846319,19.500654,27.980054,14.366919,9.846319,1
35.600000,5,12.733746,8.213146,17.642307,26.121707,12.733746,8.213146,1
35.600000,6,11.237852,6.717252,17.642307,26.121707,11.237852,6.717252,1
35.600000,7,12.429035,7.908435,17.642307,26.121707,12.429035,7.908435,1
36.100000,5,11.904690,7.384091,17.793851,26.273251,11.904690,7.384091,1
36.100000,6,13.984558,9.463958,17.793851,26.273251,13.984558,9.463958,1
36.100000,7,12.051218,7.530619,17.793851,26.273251,12.051218,7.530619,1
36.600000,5,12.065382,7.544782,17.831284,26.310684,12.065382,7.544782,1
36.600000,6,14.978959,10.458359,17.831284,26.310684,14.978959,10.458359,1
36.600000,7,13.831413,9.310813,17.831284,26.310684,13.831413,9.310813,1
37.100000,5,10.735413,6.214813,19.670233,28.149633,10.735413,6.214813,1
37.100000,6,9.845976,5.325376,19.670233,28.149633,9.845976,5.325376,1
37.100000,7,10.249622,5.729022,19.670233,28.149633,10.249622,5.729022,1
37.600000,5,12.264970,7.744370,16.583545,25.062945,12.264970,7.744370,1
37.600000,6,13.635526,9.114926,16.583545,25.062945,13.635526,9.114926,1
37.600000,7,13.330868,8.810268,16.583545,25.062945,13.330868,8.810268,1
38.100000,5,10.792889,6.272289,16.416347,24.895747,10.792889,6.272289,1
38.100000,6,16.278166,11.757566,16.416347,24.895747,16.278166,11.757566,1
38.100000,7,14.772302,10.251702,16.416347,24.895747,14.772302,10.251702,1
38.600000,5,11.825345,7.304746,20.238432,28.717832,11.825345,7.304746,1
38.600000,6,12.983843,8.463243,20.238432,28.717832,12.983843,8.463243,1
38.600000,7,10.518427,5.997827,20.238432,28.717832,10.518427,5.997827,1
39.100000,5,11.314619,6.794019,20.383712,28.863112,11.314619,6.794019,1
39.100000,6,12.945497,8.424897,20.383712,28.863112,12.945497,8.424897,1
39.100000,7,15.408505,10.887905,20.383712,28.863112,15.408505,10.887905,1
39.600000,5,9.838655,5.318055,17.300594,25.779994,9.838655,5.318055,1
39.600000,6,14.521476,10.000876,17.300594,25.779994,14.521476,10.000876,1
39.600000,7,13.557824,9.037224,17.300594,25.779994,13.557824,9.037224,1
40.100000,5,10.328236,5.807636,17.070004,25.549404,10.328236,5.807636,1
40.100000,6,11.357444,6.836844,17.070004,25.549404,11.357444,6.836844,1
40.100000,7,12.665484,8.144884,17.070004,25.549404,12.665484,8.144884,1
40.600000,5,9.705199,5.184599,20.998344,29.477744,9.705199,5.184599,1
40.600000,6,12.260875,7.740276,20.998344,29.477744,12.260875,7.740276,1
40.600000,7,7.769890,3.249290,20.998344,29.477744,7.769890,3.249290,1
41.100000,5,14.073092,9.552492,19.406379,27.885779,14.073092,9.552492,1
41.100000,6,12.280722,7.760122,19.406379,27.885779,12.280722,7.760122,1
41.100000,7,16.257615,11.737015,19.406379,27.885779,16.257615,11.737015,1
41.600000,5,12.650871,8.130271,18.378508,26.857908,12.650871,8.130271,1
41.600000,6,15.026413,10.505813,18.378508,26.857908,15.026413,10.505813,1
41.600000,7,13.472569,8.951969,18.378508,26.857908,13.472569,8.951969,1
42.100000,5,12.160202,7.639602,18.434061,26.913461,12.160202,7.639602,1
42.100000,6,11.098784,6.578185,18.434061,26.913461,11.098784,6.578185,1
42.100000,7,6.782323,2.261723,18.434061,26.913461,6.782323,2.261723,1
42.600000,5,8.748204,4.227604,17.892136,26.371536,8.748204,4.227604,1
42.600000,6,14.591590,10.070990,17.892136,26.371536,14.591590,10.070990,1
42.600000,7,13.439905,8.919305,17.892136,26.371536,13.439905,8.919305,1
43.100000,5,14.265877,9.745278,19.302817,27.782217,14.265877,9.745278,1
43.100000,6,13.584360,9.063760,19.302817,27.782217,13.584360,9.063760,1
43.100000,7,12.347593,7.826993,19.302817,27.782217,12.347593,7.826993,1
43.600000,5,9.651675,5.131075,15.892161,24.371561,9.651675,5.131075,1
43.600000,6,12.299394,7.778794,15.892161,24.371561,12.299394,7.778794,1
43.600000,7,11.725629,7.205029,15.892161,24.371561,11.725629,7.205029,1
44.100000,5,11.417597,6.896997,18.698984,27.178385,11.417597,6.896997,1
44.100000,6,13.993758,9.473159,18.698984,27.178385,13.993758,9.473159,1
44.100000,7,8.241466,3.720866,18.698984,27.178385,8.241466,3.720866,1
44.600000,5,12.771685,8.251085,21.387351,29.866751,12.771685,8.251085,1
44.600000,6,16.910884,12.390284,21.387351,29.866751,16.910884,12.390284,1
44.600000,7,11.423712,6.903112,21.387351,29.866751,11.423712,6.903112,1
45.100000,5,12.988450,8.467850,18.441206,26.920606,12.988450,8.467850,1
45.100000,6,13.942784,9.422184,18.441206,26.920606,13.942784,9.422184,1
45.100000,7,11.439212,6.918612,18.441206,26.920606,11.439212,6.918612,1
45.600000,5,12.602048,8.081448,17.222146,25.701547,12.602048,8.081448,1
45.600000,6,12.154045,7.633445,17.222146,25.701547,12.154045,7.633445,1
45.600000,7,12.901665,8.381065,17.222146,25.701547,12.901665,8.381065,1
46.100000,5,15.077037,10.556437,13.661529,22.140929,13.661529,10.556437,1
46.100000,6,12.369551,7.848951,13.661529,22.140929,12.369551,7.848951,1
46.100000,7,11.239374,6.718774,13.661529,22.140929,11.239374,6.718774,1
46.600000,5,11.346981,6.826381,19.670116,28.149516,11.346981,6.826381,1
46.600000,6,14.345913,9.825313,19.670116,28.149516,14.345913,9.825313,1
46.600000,7,13.355993,8.835393,19.670116,28.149516,13.355993,8.835393,1
47.100000,5,12.323287,7.802687,17.433551,25.912951,12.323287,7.802687,1
47.100000,6,11.215572,6.694972,17.433551,25.912951,11.215572,6.694972,1
47.100000,7,11.709402,7.188802,17.433551,25.912951,11.709402,7.188802,1
47.600000,5,8.605478,4.084878,19.977759,28.457159,8.605478,4.084878,1
47.600000,6,9.444737,4.924137,19.977759,28.457159,9.444737,4.924137,1
47.600000,7,13.913571,9.392971,19.977759,28.457159,13.913571,9.392971,1
48.100000,5,10.484183,5.963583,21.720234,30.199634,10.484183,5.963583,1
48.100000,6,13.888299,9.367699,21.720234,30.199634,13.888299,9.367699,1
48.100000,7,11.134956,6.614356,21.720234,30.199634,11.134956,6.614356,1
48.600000,5,15.349578,10.828978,17.806383,26.285783,15.349578,10.828978,1
48.600000,6,8.872266,4.351666,17.806383,26.285783,8.872266,4.351666,1
48.600000,7,10.735951,6.215351,17.806383,26.285783,10.735951,6.215351,1
49.100000,5,16.557830,12.037230,20.164620,28.644020,16.557830,12.037230,1
49.100000,6,7.125916,2.605316,20.164620,28.644020,7.125916,2.605316,1
49.100000,7,11.071723,6.551123,20.164620,28.644020,11.071723,6.551123,1
49.600000,5,11.385281,6.864681,20.457818,28.937219,11.385281,6.864681,1
49.600000,6,14.093236,9.572636,20.457818,28.937219,14.093236,9.572636,1
49.600000,7,12.606806,8.086206,20.457818,28.937219,12.606806,8.086206,1
50.100000,5,12.650025,8.129426,18.603684,27.083084,12.650025,8.129426,1
50.100000,6,8.850716,4.330116,18.603684,27.083084,8.850716,4.330116,1
50.100000,7,12.989829,8.469230,18.603684,27.083084,12.989829,8.469230,1
50.600000,5,9.910599,5.389999,19.172020,27.651421,9.910599,5.389999,1
50.600000,6,14.830855,10.310255,19.172020,27.651421,14.830855,10.310255,1
50.600000,7,10.973382,6.452782,19.172020,27.651421,10.973382,6.452782,1
51.100000,5,10.443180,5.922581,20.302110,28.781510,10.443180,5.922581,1
51.100000,6,10.894808,6.374208,20.302110,28.781510,10.894808,6.374208,1
51.100000,7,12.902991,8.382391,20.302110,28.781510,12.902991,8.382391,1
51.600000,5,11.806764,7.286165,20.669369,29.148769,11.806764,7.286165,1
51.600000,6,12.935507,8.414907,20.669369,29.148769,12.935507,8.414907,1
51.600000,7,12.924202,8.403603,20.669369,29.148769,12.924202,8.403603,1
52.100000,5,11.954456,7.433856,17.334885,25.814285,11.954456,7.433856,1
52.100000,6,13.367995,8.847395,17.334885,25.814285,13.367995,8.847395,1
52.100000,7,12.435197,7.914597,17.334885,25.814285,12.435197,7.914597,1
52.600000,5,15.447448,10.926848,17.860542,26.339942,15.447448,10.926848,1
52.600000,6,13.014687,8.494088,17.860542,26.339942,13.014687,8.494088,1
52.600000,7,10.397477,5.876877,17.860542,26.339942,10.397477,5.876877,1
53.100000,5,11.934100,7.413500,18.768991,27.248391,11.934100,7.413500,1
53.100000,6,13.084213,8.563614,18.768991,27.248391,13.084213,8.563614,1
53.100000,7,12.074890,7.554290,18.768991,27.248391,12.074890,7.554290,1
53.600000,5,10.313379,5.792779,21.587615,30.067015,10.313379,5.792779,1
53.600000,6,11.174283,6.653683,21.587615,30.067015,11.174283,6.653683,1
53.600000,7,15.532990,11.012390,21.587615,30.067015,15.532990,11.012390,1
54.100000,5,9.372085,4.851485,20.496296,28.975696,9.372085,4.851485,1
54.100000,6,11.953437,7.432837,20.496296,28.975696,11.953437,7.432837,1
54.100000,7,12.966376,8.445776,20.496296,28.975696,12.966376,8.445776,1
54.600000,5,13.284927,8.764327,19.444009,27.923409,13.284927,8.764327,1
54.600000,6,11.302124,6.781524,19.444009,27.923409,11.302124,6.781524,1
54.600000,7,11.817057,7.296457,19.444009,27.923409,11.817057,7.296457,1
55.100000,5,11.315631,6.795031,18.694050,27.173451,11.315631,6.795031,1
55.100000,6,10.999821,6.479221,18.694050,27.173451,10.999821,6.479221,1
55.100000,7,13.894557,9.373957,18.694050,27.173451,13.894557,9.373957,1
55.600000,5,13.383478,8.862878,20.319151,28.798551,13.383478,8.862878,1
55.600000,6,10.402251,5.881651,20.319151,28.798551,10.402251,5.881651,1
55.600000,7,13.424717,8.904117,20.319151,28.798551,13.424717,8.904117,1
56.100000,5,11.336562,6.815962,18.084035,26.563435,11.336562,6.815962,1
56.100000,6,13.208294,8.687694,18.084035,26.563435,13.208294,8.687694,1
56.100000,7,12.564424,8.043824,18.084035,26.563435,12.564424,8.043824,1
56.600000,5,13.441707,8.921107,20.109489,28.588889,13.441707,8.921107,1
56.600000,6,13.224805,8.704205,20.109489,28.588889,13.224805,8.704205,1
56.600000,7,12.161522,7.640922,20.109489,28.588889,12.161522,7.640922,1
57.100000,5,11.986147,7.465547,16.738861,25.218261,11.986147,7.465547,1
57.100000,6,13.620325,9.099725,16.738861,25.218261,13.620325,9.099725,1
57.100000,7,14.952290,10.431690,16.738861,25.218261,14.952290,10.431690,1
57.600000,5,14.343912,9.823312,19.445791,27.925191,14.343912,9.823312,1
57.600000,6,11.992539,7.471939,19.445791,27.925191,11.992539,7.471939,1
57.600000,7,13.583741,9.063141,19.445791,27.925191,13.583741,9.063141,1
58.100000,5,10.767309,6.246709,19.632548,28.111948,10.767309,6.246709,1
58.100000,6,10.343811,5.823211,19.632548,28.111948,10.343811,5.823211,1
58.100000,7,11.742353,7.221754,19.632548,28.111948,11.742353,7.221754,1
58.600000,5,12.330399,7.809799,19.227318,27.706718,12.330399,7.809799,1
58.600000,6,12.745252,8.224653,19.227318,27.706718,12.745252,8.224653,1
58.600000,7,14.273817,9.753217,19.227318,27.706718,14.273817,9.753217,1
59.100000,5,14.055852,9.535252,17.241727,25.721127,14.055852,9.535252,1
59.100000,6,14.112777,9.592177,17.241727,25.721127,14.112777,9.592177,1
59.100000,7,10.538981,6.018381,17.241727,25.721127,10.538981,6.018381,1
59.600000,5,10.029024,5.508425,17.793892,26.273292,10.029024,5.508425,1
59.600000,6,12.417466,7.896866,17.793892,26.273292,12.417466,7.896866,1
59.600000,7,14.907207,10.386607,17.793892,26.273292,14.907207,10.386607,1
60.100000,5,10.678169,6.157570,19.920182,28.399582,10.678169,6.157570,1
60.100000,6,10.244323,5.723723,19.920182,28.399582,10.244323,5.723723,1
60.100000,7,12.625417,8.104817,19.920182,28.399582,12.625417,8.104817,1
60.600000,5,12.652315,8.131715,20.176581,28.655981,12.652315,8.131715,1
60.600000,6,9.191507,4.670908,20.176581,28.655981,9.191507,4.670908,1
60.600000,7,13.274580,8.753980,20.176581,28.655981,13.274580,8.753980,1
61.100000,5,11.954703,7.434103,17.465400,25.944800,11.954703,7.434103,1
61.100000,6,13.330116,8.809516,17.465400,25.944800,13.330116,8.809516,1
61.100000,7,11.976905,7.456305,17.465400,25.944800,11.976905,7.456305,1
61.600000,5,12.384921,7.864321,12.534008,21.013408,12.384921,7.864321,1
61.600000,6,12.727820,8.207221,12.534008,21.013408,12.534008,8.207221,1
61.600000,7,11.987319,7.466719,12.534008,21.013408,11.987319,7.466719,1
62.100000,5,14.179412,9.658812,18.704113,27.183513,14.179412,9.658812,1
62.100000,6,12.468248,7.947648,18.704113,27.183513,12.468248,7.947648,1
62.100000,7,10.967560,6.446960,18.704113,27.183513,10.967560,6.446960,1
62.600000,5,12.744429,8.223829,19.113689,27.593090,12.744429,8.223829,1
62.600000,6,15.266212,10.745612,19.113689,27.593090,15.266212,10.745612,1
62.600000,7,10.262672,5.742072,19.113689,27.593090,10.262672,5.742072,1
63.100000,5,14.757384,10.236784,20.085596,28.564996,14.757384,10.236784,1
63.100000,6,11.875417,7.354817,20.085596,28.564996,11.875417,7.354817,1
63.100000,7,13.000337,8.479737,20.085596,28.564996,13.000337,8.479737,1
63.600000,5,14.508897,9.988297,18.069498,26.548898,14.508897,9.988297,1
63.600000,6,14.917387,10.396787,18.069498,26.548898,14.917387,10.396787,1
63.600000,7,15.961968,11.441368,18.069498,26.548898,15.961968,11.441368,1
64.100000,5,12.989127,8.468527,16.568622,25.048022,12.989127,8.468527,1
64.100000,6,12.865785,8.345185,16.568622,25.048022,12.865785,8.345185,1
64.100000,7,12.972645,8.452045,16.568622,25.048022,12.972645,8.452045,1
64.600000,5,13.059066,8.538466,20.030904,28.510304,13.059066,8.538466,1
64.600000,6,5.803436,1.282836,20.030904,28.510304,5.803436,1.282836,1
64.600000,7,13.706055,9.185455,20.030904,28.510304,13.706055,9.185455,1
65.100000,5,13.769218,9.248618,18.553387,27.032787,13.769218,9.248618,1
65.100000,6,12.249860,7.729260,18.553387,27.032787,12.249860,7.729260,1
65.100000,7,15.855941,11.335341,18.553387,27.032787,15.855941,11.335341,1
65.600000,5,9.785439,5.264839,19.398739,27.878139,9.785439,5.264839,1
65.600000,6,10.920539,6.399939,19.398739,27.878139,10.920539,6.399939,1
65.600000,7,10.234902,5.714302,19.398739,27.878139,10.234902,5.714302,1
66.100000,5,12.318464,7.797864,16.206713,24.686113,12.318464,7.797864,1
66.100000,6,11.562525,7.041925,16.206713,24.686113,11.562525,7.041925,1
66.100000,7,14.767960,10.247360,16.206713,24.686113,14.767960,10.247360,1
66.600000,5,13.259422,8.738822,18.639497,27.118897,13.259422,8.738822,1
66.600000,6,11.556244,7.035644,18.639497,27.118897,11.556244,7.035644,1
66.600000,7,12.278761,7.758161,18.639497,27.118897,12.278761,7.758161,1
67.100000,5,12.669129,8.148529,14.972049,23.451450,12.669129,8.148529,1
67.100000,6,12.189912,7.669312,14.972049,23.451450,12.189912,7.669312,1
67.100000,7,13.588328,9.067728,14.972049,23.451450,13.588328,9.067728,1
67.600000,5,11.579995,7.059395,17.491806,25.971206,11.579995,7.059395,1
67.600000,6,14.732558,10.211959,17.491806,25.971206,14.732558,10.211959,1
67.600000,7,12.957641,8.437041,17.491806,25.971206,12.957641,8.437041,1
68.100000,5,8.437526,3.916926,17.119637,25.599037,8.437526,3.916926,1
68.100000,6,12.710254,8.189654,17.119637,25.599037,12.710254,8.189654,1
68.100000,7,7.718608,3.198008,17.119637,25.599037,7.718608,3.198008,1
68.600000,5,10.690019,6.169419,17.990543,26.469943,10.690019,6.169419,1
68.600000,6,13.496689,8.976089,17.990543,26.469943,13.496689,8.976089,1
68.600000,7,14.562649,10.042049,17.990543,26.469943,14.562649,10.042049,1
69.100000,5,12.981934,8.461334,17.214742,25.694142,12.981934,8.461334,1
69.100000,6,14.858552,10.337952,17.214742,25.694142,14.858552,10.337952,1
69.100000,7,8.947524,4.426924,17.214742,25.694142,8.947524,4.426924,1
69.600000,5,11.334382,6.813783,21.395927,29.875327,11.334382,6.813783,1
69.600000,6,10.395919,5.875319,21.395927,29.875327,10.395919,5.875319,1
69.600000,7,10.870898,6.350298,21.395927,29.875327,10.870898,6.350298,1
70.100000,5,11.454700,6.934100,16.414850,24.894250,11.454700,6.934100,1
70.100000,6,7.206354,2.685754,16.414850,24.894250,7.206354,2.685754,1
70.100000,7,14.046986,9.526386,16.414850,24.894250,14.046986,9.526386,1
70.600000,5,13.882836,9.362236,17.922360,26.401760,13.882836,9.362236,1
70.600000,6,8.295862,3.775262,17.922360,26.401760,8.295862,3.775262,1
70.600000,7,9.301537,4.780937,17.922360,26.401760,9.301537,4.780937,1
71.100000,5,11.369334,6.848734,20.477133,28.956533,11.369334,6.848734,1
71.100000,6,12.827991,8.307391,20.477133,28.956533,12.827991,8.307391,1
71.100000,7,15.040663,10.520063,20.477133,28.956533,15.040663,10.520063,1
71.600000,5,10.358252,5.837652,19.144476,27.623876,10.358252,5.837652,1
71.600000,6,9.114869,4.594269,19.144476,27.623876,9.114869,4.594269,1
71.600000,7,12.845957,8.325357,19.144476,27.623876,12.845957,8.325357,1
72.100000,5,11.903905,7.383305,19.439829,27.919229,11.903905,7.383305,1
72.100000,6,12.217158,7.696558,19.439829,27.919229,12.217158,7.696558,1
72.100000,7,12.948999,8.428399,19.439829,27.919229,12.948999,8.428399,1
72.600000,5,14.029867,9.509267,14.805767,23.285167,14.029867,9.509267,1
72.600000,6,10.789230,6.268630,14.805767,23.285167,10.789230,6.268630,1
72.600000,7,12.111862,7.591262,14.805767,23.285167,12.111862,7.591262,1
73.100000,5,16.156166,11.635566,20.280963,28.760363,16.156166,11.635566,1
73.100000,6,10.910487,6.389887,20.280963,28.760363,10.910487,6.389887,1
73.100000,7,12.701337,8.180737,20.280963,28.760363,12.701337,8.180737,1
73.600000,5,10.120533,5.599933,17.728979,26.208379,10.120533,5.599933,1
73.600000,6,11.807977,7.287378,17.728979,26.208379,11.807977,7.287378,1
73.600000,7,10.263406,5.742807,17.728979,26.208379,10.263406,5.742807,1
74.100000,5,12.774602,8.254002,19.232738,27.712138,12.774602,8.254002,1
74.100000,6,10.928963,6.408363,19.232738,27.712138,10.928963,6.408363,1
74.100000,7,11.543379,7.022779,19.232738,27.712138,11.543379,7.022779,1
74.600000,5,12.836628,8.316028,18.957062,27.436462,12.836628,8.316028,1
74.600000,6,13.414947,8.894347,18.957062,27.436462,13.414947,8.894347,1
74.600000,7,9.140859,4.620259,18.957062,27.436462,9.140859,4.620259,1
75.100000,5,16.048650,11.528050,22.747744,31.227144,16.048650,11.528050,1
75.100000,6,8.182785,3.662185,22.747744,31.227144,8.182785,3.662185,1
75.100000,7,7.239886,2.719287,22.747744,31.227144,7.239886,2.719287,1
75.600000,5,16.397425,11.876825,17.092044,25.571444,16.397425,11.876825,1
75.600000,6,11.198736,6.678136,17.092044,25.571444,11.198736,6.678136,1
75.600000,7,13.105983,8.585383,17.092044,25.571444,13.105983,8.585383,1
76.100000,5,12.445458,7.924858,18.778566,27.257966,12.445458,7.924858,1
76.100000,6,12.910934,8.390334,18.778566,27.257966,12.910934,8.390334,1
76.100000,7,7.885459,3.364859,18.778566,27.257966,7.885459,3.364859,1
76.600000,5,11.340432,6.819832,20.621657,29.101057,11.340432,6.819832,1
76.600000,6,7.358347,2.837747,20.621657,29.101057,7.358347,2.837747,1
76.600000,7,12.712996,8.192396,20.621657,29.101057,12.712996,8.192396,1
77.100000,5,10.999494,6.478894,19.037888,27.517288,10.999494,6.478894,1
77.100000,6,11.713121,7.192521,19.037888,27.517288,11.713121,7.192521,1
77.100000,7,11.704559,7.183959,19.037888,27.517288,11.704559,7.183959,1
77.600000,5,15.112282,10.591682,17.626681,26.106081,15.112282,10.591682,1
77.600000,6,14.389120,9.868520,17.626681,26.106081,14.389120,9.868520,1
77.600000,7,11.311458,6.790859,17.626681,26.106081,11.311458,6.790859,1
78.100000,5,11.928078,7.407478,16.980390,25.459790,11.928078,7.407478,1
78.100000,6,9.669002,5.148402,16.980390,25.459790,9.669002,5.148402,1
78.100000,7,11.257955,6.737355,16.980390,25.459790,11.257955,6.737355,1
78.600000,5,16.549008,12.028408,18.557438,27.036838,16.549008,12.028408,1
78.600000,6,12.263321,7.742721,18.557438,27.036838,12.263321,7.742721,1
78.600000,7,9.498058,4.977458,18.557438,27.036838,9.498058,4.977458,1
79.100000,5,14.217004,9.696404,17.945522,26.424922,14.217004,9.696404,1
79.100000,6,12.115241,7.594641,17.945522,26.424922,12.115241,7.594641,1
79.100000,7,12.657563,8.136964,17.945522,26.424922,12.657563,8.136964,1
79.600000,5,11.449173,6.928573,18.263438,26.742838,11.449173,6.928573,1
79.600000,6,9.814480,5.293880,18.263438,26.742838,9.814480,5.293880,1
79.600000,7,14.848391,10.327791,18.263438,26.742838,14.848391,10.327791,1
80.100000,5,14.623598,10.102998,18.366649,26.846049,14.623598,10.102998,1
80.100000,6,13.799193,9.278593,18.366649,26.846049,13.799193,9.278593,1
80.100000,7,15.046500,10.525900,18.366649,26.846049,15.046500,10.525900,1
80.600000,5,11.914801,7.394202,16.694949,25.174349,11.914801,7.394202,1
80.600000,6,13.284214,8.763614,16.694949,25.174349,13.284214,8.763614,1
80.600000,7,11.943082,7.422482,16.694949,25.174349,11.943082,7.422482,1
81.100000,5,13.399439,8.878839,20.839267,29.318667,13.399439,8.878839,1
81.100000,6,11.787158,7.266558,20.839267,29.318667,11.787158,7.266558,1
81.100000,7,12.445191,7.924591,20.839267,29.318667,12.445191,7.924591,1
81.600000,5,13.715819,9.195220,20.477112,28.956512,13.715819,9.195220,1
81.600000,6,12.977190,8.456591,20.477112,28.956512,12.977190,8.456591,1
81.600000,7,15.553943,11.033343,20.477112,28.956512,15.553943,11.033343,1
82.100000,5,7.399232,2.878632,15.803470,24.282870,7.399232,2.878632,1
82.100000,6,14.534135,10.013535,15.803470,24.282870,14.534135,10.013535,1
82.100000,7,12.098405,7.577805,15.803470,24.282870,12.098405,7.577805,1
82.600000,5,13.881806,9.361206,18.140750,26.620150,13.881806,9.361206,1
82.600000,6,12.157709,7.637109,18.140750,26.620150,12.157709,7.637109,1
82.600000,7,13.438907,8.918307,18.140750,26.620150,13.438907,8.918307,1
83.100000,5,15.470557,10.949957,20.282095,28.761495,15.470557,10.949957,1
83.100000,6,13.358676,8.838076,20.282095,28.761495,13.358676,8.838076,1
83.100000,7,12.511230,7.990630,20.282095,28.761495,12.511230,7.990630,1
83.600000,5,12.074824,7.554224,19.102584,27.581984,12.074824,7.554224,1
83.600000,6,14.274267,9.753667,19.102584,27.581984,14.274267,9.753667,1
83.600000,7,14.208664,9.688064,19.102584,27.581984,14.208664,9.688064,1
84.100000,5,12.482167,7.961567,20.655489,29.134889,12.482167,7.961567,1
84.100000,6,11.355624,6.835024,20.655489,29.134889,11.355624,6.835024,1
84.100000,7,11.285679,6.765079,20.655489,29.134889,11.285679,6.765079,1
84.600000,5,11.603384,7.082784,16.225430,24.704830,11.603384,7.082784,1
84.600000,6,14.175788,9.655189,16.225430,24.704830,14.175788,9.655189,1
84.600000,7,10.805357,6.284758,16.225430,24.704830,10.805357,6.284758,1
85.100000,5,12.140874,7.620274,18.355344,26.834744,12.140874,7.620274,1
85.100000,6,12.302126,7.781526,18.355344,26.834744,12.302126,7.781526,1
85.100000,7,14.433919,9.913319,18.355344,26.834744,14.433919,9.913319,1
85.600000,5,13.833449,9.312849,18.774360,27.253760,13.833449,9.312849,1
85.600000,6,12.024719,7.504119,18.774360,27.253760,12.024719,7.504119,1
85.600000,7,13.497167,8.976567,18.774360,27.253760,13.497167,8.976567,1
86.100000,5,12.603771,8.083171,16.952651,25.432051,12.603771,8.083171,1
86.100000,6,7.756291,3.235691,16.952651,25.432051,7.756291,3.235691,1
86.100000,7,12.622321,8.101721,16.952651,25.432051,12.622321,8.101721,1
86.600000,5,11.191858,6.671258,17.700221,26.179622,11.191858,6.671258,1
86.600000,6,9.617685,5.097085,17.700221,26.179622,9.617685,5.097085,1
86.600000,7,8.731581,4.210981,17.700221,26.179622,8.731581,4.210981,1
87.100000,5,11.146788,6.626188,19.165525,27.644925,11.146788,6.626188,1
87.100000,6,10.725857,6.205257,19.165525,27.644925,10.725857,6.205257,1
87.100000,7,12.622646,8.102046,19.165525,27.644925,12.622646,8.102046,1
87.600000,5,13.158859,8.638259,19.444517,27.923918,13.158859,8.638259,1
87.600000,6,12.436722,7.916122,19.444517,27.923918,12.436722,7.916122,1
87.600000,7,13.331909,8.811309,19.444517,27.923918,13.331909,8.811309,1
88.100000,5,12.876184,8.355584,14.791952,23.271352,12.876184,8.355584,1
88.100000,6,10.009586,5.488986,14.791952,23.271352,10.009586,5.488986,1
88.100000,7,11.102562,6.581962,14.791952,23.271352,11.102562,6.581962,1
88.600000,5,12.872274,8.351674,20.420984,28.900384,12.872274,8.351674,1
88.600000,6,12.196142,7.675542,20.420984,28.900384,12.196142,7.675542,1
88.600000,7,14.085149,9.564549,20.420984,28.900384,14.085149,9.564549,1
89.100000,5,12.241179,7.720579,18.022856,26.502256,12.241179,7.720579,1
89.100000,6,11.743590,7.222991,18.022856,26.502256,11.743590,7.222991,1
89.100000,7,13.302629,8.782029,18.022856,26.502256,13.302629,8.782029,1
89.600000,5,12.892156,8.371556,20.617592,29.096992,12.892156,8.371556,1
89.600000,6,13.616249,9.095649,20.617592,29.096992,13.616249,9.095649,1
89.600000,7,13.599398,9.078799,20.617592,29.096992,13.599398,9.078799,1
90.100000,5,12.991122,8.470522,17.397881,25.877281,12.991122,8.470522,1
90.100000,6,13.251252,8.730652,17.397881,25.877281,13.251252,8.730652,1
90.100000,7,9.977412,5.456812,17.397881,25.877281,9.977412,5.456812,1
90.600000,5,13.939981,9.419381,19.112052,27.591452,13.939981,9.419381,1
90.600000,6,9.694839,5.174240,19.112052,27.591452,9.694839,5.174240,1
90.600000,7,11.515701,6.995101,19.112052,27.591452,11.515701,6.995101,1
91.100000,5,10.547540,6.026940,15.629718,24.109119,10.547540,6.026940,1
91.100000,6,8.785470,4.264870,15.629718,24.109119,8.785470,4.264870,1
91.100000,7,10.497386,5.976786,15.629718,24.109119,10.497386,5.976786,1
91.600000,5,9.915126,5.394526,19.262333,27.741733,9.915126,5.394526,1
91.600000,6,10.152611,5.632011,19.262333,27.741733,10.152611,5.632011,1
91.600000,7,14.990828,10.470228,19.262333,27.741733,14.990828,10.470228,1
92.100000,5,12.848476,8.327876,17.987402,26.466802,12.848476,8.327876,1
92.100000,6,11.382758,6.862158,17.987402,26.466802,11.382758,6.862158,1
92.100000,7,11.461685,6.941085,17.987402,26.466802,11.461685,6.941085,1
92.600000,5,13.695822,9.175222,19.457194,27.936594,13.695822,9.175222,1
92.600000,6,11.314097,6.793497,19.457194,27.936594,11.314097,6.793497,1
92.600000,7,13.785687,9.265087,19.457194,27.936594,13.785687,9.265087,1
93.100000,5,12.862596,8.341996,14.671150,23.150550,12.862596,8.341996,1
93.100000,6,12.003739,7.483139,14.671150,23.150550,12.003739,7.483139,1
93.100000,7,11.276587,6.755987,14.671150,23.150550,11.276587,6.755987,1
93.600000,5,12.714448,8.193848,15.579148,24.058548,12.714448,8.193848,1
93.600000,6,9.172930,4.652330,15.579148,24.058548,9.172930,4.652330,1
93.600000,7,10.142071,5.621471,15.579148,24.058548,10.142071,5.621471,1
94.100000,5,12.783545,8.262945,17.407760,25.887160,12.783545,8.262945,1
94.100000,6,11.048900,6.528300,17.407760,25.887160,11.048900,6.528300,1
94.100000,7,13.197056,8.676456,17.407760,25.887160,13.197056,8.676456,1
94.600000,5,12.327106,7.806506,18.403287,26.882687,12.327106,7.806506,1
94.600000,6,12.381090,7.860490,18.403287,26.882687,12.381090,7.860490,1
94.600000,7,10.960458,6.439858,18.403287,26.882687,10.960458,6.439858,1
95.100000,5,8.913014,4.392414,19.535752,28.015152,8.913014,4.392414,1
95.100000,6,10.088557,5.567957,19.535752,28.015152,10.088557,5.567957,1
95.100000,7,13.620038,9.099438,19.535752,28.015152,13.620038,9.099438,1
95.600000,5,17.208685,12.688086,19.000325,27.479725,17.208685,12.688086,1
95.600000,6,10.954169,6.433569,19.000325,27.479725,10.954169,6.433569,1
95.600000,7,14.436866,9.916266,19.000325,27.479725,14.436866,9.916266,1
96.100000,5,9.991864,5.471264,15.302885,23.782286,9.991864,5.471264,1
96.100000,6,12.136651,7.616051,15.302885,23.782286,12.136651,7.616051,1
96.100000,7,12.625586,8.104986,15.302885,23.782286,12.625586,8.104986,1
96.600000,5,9.333849,4.813249,17.385930,25.865330,9.333849,4.813249,1
96.600000,6,10.382765,5.862165,17.385930,25.865330,10.382765,5.862165,1
96.600000,7,10.870395,6.349795,17.385930,25.865330,10.870395,6.349795,1
97.100000,5,11.166576,6.645976,19.156233,27.635633,11.166576,6.645976,1
97.100000,6,11.551886,7.031286,19.156233,27.635633,11.551886,7.031286,1
97.100000,7,10.025811,5.505211,19.156233,27.635633,10.025811,5.505211,1
97.600000,5,12.921670,8.401070,17.413774,25.893174,12.921670,8.401070,1
97.600000,6,12.693981,8.173381,17.413774,25.893174,12.693981,8.173381,1
97.600000,7,14.269420,9.748820,17.413774,25.893174,14.269420,9.748820,1
98.100000,5,13.394141,8.873541,19.537144,28.016544,13.394141,8.873541,1
98.100000,6,13.460152,8.939552,19.537144,28.016544,13.460152,8.939552,1
98.100000,7,13.582057,9.061458,19.537144,28.016544,13.582057,9.061458,1
98.600000,5,11.750414,7.229814,19.307682,27.787082,11.750414,7.229814,1
98.600000,6,13.682652,9.162052,19.307682,27.787082,13.682652,9.162052,1
98.600000,7,11.804121,7.283521,19.307682,27.787082,11.804121,7.283521,1
99.100000,5,14.365521,9.844921,17.793841,26.273241,14.365521,9.844921,1
99.100000,6,12.992455,8.471856,17.793841,26.273241,12.992455,8.471856,1
99.100000,7,13.187187,8.666587,17.793841,26.273241,13.187187,8.666587,1
99.600000,5,11.316842,6.796242,17.527138,26.006538,11.316842,6.796242,1
99.600000,6,13.974487,9.453887,17.527138,26.006538,13.974487,9.453887,1
99.600000,7,14.081601,9.561001,17.527138,26.006538,14.081601,9.561001,1
100.100000,5,12.430925,7.910325,19.346128,27.825528,12.430925,7.910325,1
100.100000,6,13.624266,9.103666,19.346128,27.825528,13.624266,9.103666,1
100.100000,7,12.420717,7.900117,19.346128,27.825528,12.420717,7.900117,1
100.600000,5,12.700764,8.180164,18.936239,27.415639,12.700764,8.180164,1
100.600000,6,13.681598,9.160998,18.936239,27.415639,13.681598,9.160998,1
100.600000,7,14.947773,10.427173,18.936239,27.415639,14.947773,10.427173,1
101.100000,5,12.461901,7.941301,18.376815,26.856215,12.461901,7.941301,1
101.100000,6,12.520310,7.999710,18.376815,26.856215,12.520310,7.999710,1
101.100000,7,10.895625,6.375025,18.376815,26.856215,10.895625,6.375025,1
101.600000,5,11.611000,7.090400,17.912306,26.391707,11.611000,7.090400,1
101.600000,6,11.431798,6.911198,17.912306,26.391707,11.431798,6.911198,1
101.600000,7,10.931292,6.410692,17.912306,26.391707,10.931292,6.410692,1
102.100000,5,12.003842,7.483242,20.310960,28.790360,12.003842,7.483242,1
102.100000,6,9.420654,4.900054,20.310960,28.790360,9.420654,4.900054,1
102.100000,7,14.135579,9.614979,20.310960,28.790360,14.135579,9.614979,1
102.600000,5,9.618622,5.098022,21.587184,30.066584,9.618622,5.098022,1
102.600000,6,14.809118,10.288518,21.587184,30.066584,14.809118,10.288518,1
102.600000,7,14.323338,9.802738,21.587184,30.066584,14.323338,9.802738,1
103.100000,5,13.072932,8.552333,16.882763,25.362163,13.072932,8.552333,1
103.100000,6,11.941179,7.420579,16.882763,25.362163,11.941179,7.420579,1
103.100000,7,11.042927,6.522327,16.882763,25.362163,11.042927,6.522327,1
103.600000,5,12.593170,8.072570,17.978002,26.457402,12.593170,8.072570,1
103.600000,6,9.146506,4.625906,17.978002,26.457402,9.146506,4.625906,1
103.600000,7,11.303340,6.782740,17.978002,26.457402,11.303340,6.782740,1
104.100000,5,14.128449,9.607849,13.715882,22.195282,13.715882,9.607849,1
104.100000,6,9.434624,4.914024,13.715882,22.195282,9.434624,4.914024,1
104.100000,7,15.882584,11.361984,13.715882,22.195282,13.715882,11.361984,1
104.600000,5,12.963656,8.443056,18.866753,27.346153,12.963656,8.443056,1
104.600000,6,9.973495,5.452896,18.866753,27.346153,9.973495,5.452896,1
104.600000,7,13.768828,9.248228,18.866753,27.346153,13.768828,9.248228,1
105.100000,5,11.746314,7.225715,20.516531,28.995931,11.746314,7.225715,1
105.100000,6,11.136098,6.615498,20.516531,28.995931,11.136098,6.615498,1
105.100000,7,11.767896,7.247296,20.516531,28.995931,11.767896,7.247296,1
105.600000,5,9.431577,4.910977,19.183173,27.662573,9.431577,4.910977,1
105.600000,6,12.026243,7.505643,19.183173,27.662573,12.026243,7.505643,1
105.600000,7,11.826850,7.306251,19.183173,27.662573,11.826850,7.306251,1
106.100000,5,12.470965,7.950365,20.499199,28.978599,12.470965,7.950365,1
106.100000,6,10.563502,6.042902,20.499199,28.978599,10.563502,6.042902,1
106.100000,7,15.012447,10.491847,20.499199,28.978599,15.012447,10.491847,1
106.600000,5,13.358889,8.838289,16.378392,24.857792,13.358889,8.838289,1
106.600000,6,11.846511,7.325911,16.378392,24.857792,11.846511,7.325911,1
106.600000,7,11.434461,6.913861,16.378392,24.857792,11.434461,6.913861,1
107.100000,5,12.479512,7.958912,18.506180,26.985580,12.479512,7.958912,1
107.100000,6,11.389796,6.869196,18.506180,26.985580,11.389796,6.869196,1
107.100000,7,13.559221,9.038621,18.506180,26.985580,13.559221,9.038621,1
107.600000,5,10.091762,5.571162,19.828227,28.307627,10.091762,5.571162,1
107.600000,6,9.620701,5.100101,19.828227,28.307627,9.620701,5.100101,1
107.600000,7,13.077377,8.556777,19.828227,28.307627,13.077377,8.556777,1
108.100000,5,12.656571,8.135971,21.798183,30.277583,12.656571,8.135971,1
108.100000,6,11.321436,6.800836,21.798183,30.277583,11.321436,6.800836,1
108.100000,7,13.676143,9.155543,21.798183,30.277583,13.676143,9.155543,1
108.600000,5,13.001119,8.480519,19.490330,27.969730,13.001119,8.480519,1
108.600000,6,13.906343,9.385743,19.490330,27.969730,13.906343,9.385743,1
108.600000,7,15.561054,11.040454,19.490330,27.969730,15.561054,11.040454,1
109.100000,5,12.850407,8.329807,20.089345,28.568745,12.850407,8.329807,1
109.100000,6,12.157127,7.636527,20.089345,28.568745,12.157127,7.636527,1
109.100000,7,13.349124,8.828524,20.089345,28.568745,13.349124,8.828524,1
109.600000,5,10.937454,6.416854,18.584145,27.063545,10.937454,6.416854,1
109.600000,6,15.326055,10.805455,18.584145,27.063545,15.326055,10.805455,1
109.600000,7,15.549379,11.028779,18.584145,27.063545,15.549379,11.028779,1
110.100000,5,12.720669,8.200069,20.183054,28.662455,12.720669,8.200069,1
110.100000,6,8.881145,4.360545,20.183054,28.662455,8.881145,4.360545,1
110.100000,7,6.030929,1.510329,20.183054,28.662455,6.030929,1.510329,1
110.600000,5,8.032097,3.511497,18.282959,26.762359,8.032097,3.511497,1
110.600000,6,12.894593,8.373993,18.282959,26.762359,12.894593,8.373993,1
110.600000,7,9.768852,5.248252,18.282959,26.762359,9.768852,5.248252,1
111.100000,5,10.570724,6.050124,21.528928,30.008328,10.570724,6.050124,1
111.100000,6,11.754401,7.233801,21.528928,30.008328,11.754401,7.233801,1
111.100000,7,12.906053,8.385453,21.528928,30.008328,12.906053,8.385453,1
111.600000,5,13.011615,8.491015,19.875012,28.354412,13.011615,8.491015,1
111.600000,6,13.797414,9.276814,19.875012,28.354412,13.797414,9.276814,1
111.600000,7,12.312676,7.792076,19.875012,28.354412,12.312676,7.792076,1
112.100000,5,10.676292,6.155693,20.359862,28.839262,10.676292,6.155693,1
112.100000,6,10.467897,5.947297,20.359862,28.839262,10.467897,5.947297,1
112.100000,7,12.466864,7.946264,20.359862,28.839262,12.466864,7.946264,1
112.600000,5,13.543501,9.022901,19.393596,27.872996,13.543501,9.022901,1
112.600000,6,10.336392,5.815792,19.393596,27.872996,10.336392,5.815792,1
112.600000,7,14.579992,10.059392,19.393596,27.872996,14.579992,10.059392,1
113.100000,5,13.030853,8.510253,20.061644,28.541044,13.030853,8.510253,1
113.100000,6,11.677887,7.157287,20.061644,28.541044,11.677887,7.157287,1
113.100000,7,10.304486,5.783887,20.061644,28.541044,10.304486,5.783887,1
113.600000,5,13.266317,8.745717,17.813374,26.292774,13.266317,8.745717,1
113.600000,6,13.102885,8.582285,17.813374,26.292774,13.102885,8.582285,1
113.600000,7,12.603948,8.083348,17.813374,26.292774,12.603948,8.083348,1
114.100000,5,10.815437,6.294837,19.017557,27.496957,10.815437,6.294837,1
114.100000,6,14.038592,9.517992,19.017557,27.496957,14.038592,9.517992,1
114.100000,7,12.583264,8.062665,19.017557,27.496957,12.583264,8.062665,1
114.600000,5,13.083870,8.563270,21.533146,30.012546,13.083870,8.563270,1
114.600000,6,13.546431,9.025831,21.533146,30.012546,13.546431,9.025831,1
114.600000,7,13.115290,8.594690,21.533146,30.012546,13.115290,8.594690,1
115.100000,5,13.694989,9.174389,19.003748,27.483148,13.694989,9.174389,1
115.100000,6,13.048469,8.527869,19.003748,27.483148,13.048469,8.527869,1
115.100000,7,11.078506,6.557906,19.003748,27.483148,11.078506,6.557906,1
115.600000,5,13.817105,9.296506,20.383676,28.863076,13.817105,9.296506,1
115.600000,6,9.570854,5.050254,20.383676,28.863076,9.570854,5.050254,1
115.600000,7,11.853602,7.333002,20.383676,28.863076,11.853602,7.333002,1
116.100000,5,13.006142,8.485542,16.891840,25.371240,13.006142,8.485542,1
116.100000,6,13.621949,9.101349,16.891840,25.371240,13.621949,9.101349,1
116.100000,7,10.649655,6.129055,16.891840,25.371240,10.649655,6.129055,1
116.600000,5,12.706403,8.185803,20.426931,28.906331,12.706403,8.185803,1
116.600000,6,13.709772,9.189172,20.426931,28.906331,13.709772,9.189172,1
116.600000,7,14.967921,10.447321,20.426931,28.906331,14.967921,10.447321,1
117.100000,5,11.641122,7.120522,18.283845,26.763245,11.641122,7.120522,1
117.100000,6,15.332353,10.811753,18.283845,26.763245,15.332353,10.811753,1
117.100000,7,11.038320,6.517721,18.283845,26.763245,11.038320,6.517721,1
117.600000,5,11.744973,7.224373,18.226358,26.705758,11.744973,7.224373,1
117.600000,6,10.945374,6.424774,18.226358,26.705758,10.945374,6.424774,1
117.600000,7,10.892248,6.371648,18.226358,26.705758,10.892248,6.371648,1
118.100000,5,11.903631,7.383032,19.961511,28.440911,11.903631,7.383032,1
118.100000,6,9.838055,5.317455,19.961511,28.440911,9.838055,5.317455,1
118.100000,7,13.359961,8.839361,19.961511,28.440911,13.359961,8.839361,1
118.600000,5,12.032979,7.512379,17.717142,26.196542,12.032979,7.512379,1
118.600000,6,13.604765,9.084165,17.717142,26.196542,13.604765,9.084165,1
118.600000,7,9.754567,5.233968,17.717142,26.196542,9.754567,5.233968,1
119.100000,5,10.164570,5.643971,18.918296,27.397696,10.164570,5.643971,1
119.100000,6,13.239761,8.719161,18.918296,27.397696,13.239761,8.719161,1
119.100000,7,14.203173,9.682573,18.918296,27.397696,14.203173,9.682573,1
119.600000,5,10.041255,5.520655,18.228198,26.707599,10.041255,5.520655,1
119.600000,6,10.571616,6.051016,18.228198,26.707599,10.571616,6.051016,1
119.600000,7,11.774129,7.253529,18.228198,26.707599,11.774129,7.253529,1
