Time,UE,Dir,Delay,Jitter,Throughput,PDR
4,0,DL,0,0,0,0
4,0,UL,0,0,0,0
4,1,DL,0,0,0,0
4,1,UL,0,0,0,0
4,2,DL,0,0,0,0
4,2,UL,0,0,0,0
4,3,DL,0,0,0,0
4,3,UL,0,0,0,0
4,4,DL,0,0,0,0
4,4,UL,0,0,0,0
4,5,DL,0,0,0,0
4,5,UL,0,0,0,0
4,6,DL,0,0,0,0
4,6,UL,0,0,0,0
4,7,DL,0.0693832,0.0220424,0.717628,29.7521
4,7,UL,0.0581832,0.0107691,0.00317383,5.2
4,8,DL,0,0,0,0
4,8,UL,0,0,0,0
4,9,DL,0,0,0,0
4,9,UL,0,0,0,0
4,10,DL,0,0,0,0
4,10,UL,0,0,0,0
4,11,DL,0,0,0,0
4,11,UL,0,0,0,0
4,12,DL,0,0,0,0
4,12,UL,0,0,0,0
4,13,DL,0,0,0,0
4,13,UL,0,0,0,0
4,14,DL,0,0,0,0
4,14,UL,0,0,0,0
4,15,DL,0,0,0,0
4,15,UL,0,0,0,0
4,16,DL,0,0,0,0
4,16,UL,0,0,0,0
4,17,DL,0,0,0,0
4,17,UL,0,0,0,0
4,18,DL,0,0,0,0
4,18,UL,0,0,0,0
4,19,DL,0,0,0,0
4,19,UL,0,0,0,0
4,20,DL,0,0,0,0
4,20,UL,0,0,0,0
4,21,DL,0,0,0,0
4,21,UL,0,0,0,0
4,22,DL,0.0959264,0.0229042,0.358568,15.1261
4,22,UL,0,0,0,0
4,23,DL,0,0,0,0
4,23,UL,0,0,0,0
4,24,DL,0,0,0,0
4,24,UL,0,0,0,0
4,25,DL,0.0607053,0.0181935,0.875967,36.6667
4,25,UL,0.121763,0.00979986,0.00732422,12
4,26,DL,0,0,0,0
4,26,UL,0,0,0,0
4,27,DL,0,0,0,0
4,27,UL,0,0,0,0
4,28,DL,0,0,0,0
4,28,UL,0,0,0,0
4,29,DL,0,0,0,0
4,29,UL,0,0,0,0
4,30,DL,0,0,0,0
4,30,UL,0,0,0,0
4,31,DL,0,0,0,0
4,31,UL,0,0,0,0
4,32,DL,0,0,0,0
4,32,UL,0,0,0,0
4,33,DL,0,0,0,0
4,33,UL,0,0,0,0
4,34,DL,0,0,0,0
4,34,UL,0,0,0,0
4,35,DL,0,0,0,0
4,35,UL,0,0,0,0
4,36,DL,0,0,0,0
4,36,UL,0,0,0,0
4,37,DL,0,0,0,0
4,37,UL,0,0,0,0
4,38,DL,0,0,0,0
4,38,UL,0,0,0,0
4,39,DL,0,0,0,0
4,39,UL,0,0,0,0
4,40,DL,0,0,0,0
4,40,UL,0,0,0,0
4,41,DL,0,0,0,0
4,41,UL,0,0,0,0
4,42,DL,0,0,0,0
4,42,UL,0,0,0,0
4,43,DL,0.0923387,0.0304223,0.916174,38.0165
4,43,UL,0.0759671,0.00682519,0.0153809,25.2
4,44,DL,0,0,0,0
4,44,UL,0,0,0,0
4,45,DL,0,0,0,0
4,45,UL,0,0,0,0
4,46,DL,0,0,0,0
4,46,UL,0,0,0,0
4,47,DL,0,0,0,0
4,47,UL,0,0,0,0
4,48,DL,0,0,0,0
4,48,UL,0,0,0,0
4,49,DL,0,0,0,0
4,49,UL,0,0,0,0
6,0,DL,0,0,0,0
6,0,UL,0,0,0,0
6,1,DL,0,0,0,0
6,1,UL,0,0,0,0
6,2,DL,0,0,0,0
6,2,UL,0,0,0,0
6,3,DL,0,0,0,0
6,3,UL,0,0,0,0
6,4,DL,0,0,0,0
6,4,UL,0,0,0,0
6,5,DL,0,0,0,0
6,5,UL,0,0,0,0
6,6,DL,0,0,0,0
6,6,UL,0,0,0,0
6,7,DL,0.185043,0.0331819,1.7145,35.5372
6,7,UL,0,0,0,0
6,8,DL,0,0,0,0
6,8,UL,0,0,0,0
6,9,DL,0,0,0,0
6,9,UL,0,0,0,0
6,10,DL,0,0,0,0
6,10,UL,0,0,0,0
6,11,DL,0,0,0,0
6,11,UL,0,0,0,0
6,12,DL,0,0,0,0
6,12,UL,0,0,0,0
6,13,DL,0,0,0,0
6,13,UL,0,0,0,0
6,14,DL,0,0,0,0
6,14,UL,0,0,0,0
6,15,DL,0,0,0,0
6,15,UL,0,0,0,0
6,16,DL,0,0,0,0
6,16,UL,0,0,0,0
6,17,DL,0,0,0,0
6,17,UL,0,0,0,0
6,18,DL,0,0,0,0
6,18,UL,0,0,0,0
6,19,DL,0,0,0,0
6,19,UL,0,0,0,0
6,20,DL,0,0,0,0
6,20,UL,0,0,0,0
6,21,DL,0,0,0,0
6,21,UL,0,0,0,0
6,22,DL,0.128953,0.0243992,2.23235,46.6667
6,22,UL,0,0,0,0
6,23,DL,0,0,0,0
6,23,UL,0,0,0,0
6,24,DL,0,0,0,0
6,24,UL,0,0,0,0
6,25,DL,0.0948348,0.0236288,0.676929,14.1667
6,25,UL,0,0,0,0
6,26,DL,0,0,0,0
6,26,UL,0,0,0,0
6,27,DL,0,0,0,0
6,27,UL,0,0,0,0
6,28,DL,0,0,0,0
6,28,UL,0,0,0,0
6,29,DL,0.227645,0.0119884,0.159153,3.33333
6,29,UL,0.0072927,0.00153061,0.0239258,9.8
6,30,DL,0,0,0,0
6,30,UL,0,0,0,0
6,31,DL,0,0,0,0
6,31,UL,0,0,0,0
6,32,DL,0,0,0,0
6,32,UL,0,0,0,0
6,33,DL,0,0,0,0
6,33,UL,0,0,0,0
6,34,DL,0,0,0,0
6,34,UL,0,0,0,0
6,35,DL,0,0,0,0
6,35,UL,0,0,0,0
6,36,DL,0,0,0,0
6,36,UL,0,0,0,0
6,37,DL,0,0,0,0
6,37,UL,0,0,0,0
6,38,DL,0,0,0,0
6,38,UL,0,0,0,0
6,39,DL,0,0,0,0
6,39,UL,0,0,0,0
6,40,DL,0,0,0,0
6,40,UL,0,0,0,0
6,41,DL,0,0,0,0
6,41,UL,0,0,0,0
6,42,DL,0,0,0,0
6,42,UL,0,0,0,0
6,43,DL,0.0953566,0.0328431,2.35146,49.1667
6,43,UL,0,0,0,0
6,44,DL,0,0,0,0
6,44,UL,0,0,0,0
6,45,DL,0,0,0,0
6,45,UL,0,0,0,0
6,46,DL,0,0,0,0
6,46,UL,0,0,0,0
6,47,DL,0,0,0,0
6,47,UL,0,0,0,0
6,48,DL,0,0,0,0
6,48,UL,0,0,0,0
6,49,DL,0,0,0,0
6,49,UL,0,0,0,0
8,0,DL,0,0,0,0
8,0,UL,0,0,0,0
8,1,DL,0,0,0,0
8,1,UL,0,0,0,0
8,2,DL,0,0,0,0
8,2,UL,0,0,0,0
8,3,DL,0,0,0,0
8,3,UL,0,0,0,0
8,4,DL,0,0,0,0
8,4,UL,0,0,0,0
8,5,DL,0,0,0,0
8,5,UL,0,0,0,0
8,6,DL,0,0,0,0
8,6,UL,0,0,0,0
8,7,DL,0.152383,0.0293138,2.47104,51.6667
8,7,UL,0,0,0,0
8,8,DL,0,0,0,0
8,8,UL,0,0,0,0
8,9,DL,0,0,0,0
8,9,UL,0,0,0,0
8,10,DL,0,0,0,0
8,10,UL,0,0,0,0
8,11,DL,0,0,0,0
8,11,UL,0,0,0,0
8,12,DL,0,0,0,0
8,12,UL,0,0,0,0
8,13,DL,0,0,0,0
8,13,UL,0,0,0,0
8,14,DL,0,0,0,0
8,14,UL,0,0,0,0
8,15,DL,0,0,0,0
8,15,UL,0,0,0,0
8,16,DL,0,0,0,0
8,16,UL,0,0,0,0
8,17,DL,0,0,0,0
8,17,UL,0,0,0,0
8,18,DL,0,0,0,0
8,18,UL,0,0,0,0
8,19,DL,0,0,0,0
8,19,UL,0,0,0,0
8,20,DL,0,0,0,0
8,20,UL,0,0,0,0
8,21,DL,0,0,0,0
8,21,UL,0,0,0,0
8,22,DL,0.101148,0.0219806,1.07587,22.5
8,22,UL,0,0,0,0
8,23,DL,0,0,0,0
8,23,UL,0,0,0,0
8,24,DL,0,0,0,0
8,24,UL,0,0,0,0
8,25,DL,0.137499,0.0828357,0.0796547,1.68067
8,25,UL,0,0,0,0
8,26,DL,0,0,0,0
8,26,UL,0,0,0,0
8,27,DL,0,0,0,0
8,27,UL,0,0,0,0
8,28,DL,0,0,0,0
8,28,UL,0,0,0,0
8,29,DL,0,0,0,0
8,29,UL,0,0,0,0
8,30,DL,0,0,0,0
8,30,UL,0,0,0,0
8,31,DL,0,0,0,0
8,31,UL,0,0,0,0
8,32,DL,0,0,0,0
8,32,UL,0,0,0,0
8,33,DL,0,0,0,0
8,33,UL,0,0,0,0
8,34,DL,0,0,0,0
8,34,UL,0,0,0,0
8,35,DL,0,0,0,0
8,35,UL,0,0,0,0
8,36,DL,0,0,0,0
8,36,UL,0,0,0,0
8,37,DL,0,0,0,0
8,37,UL,0,0,0,0
8,38,DL,0,0,0,0
8,38,UL,0,0,0,0
8,39,DL,0,0,0,0
8,39,UL,0,0,0,0
8,40,DL,0,0,0,0
8,40,UL,0,0,0,0
8,41,DL,0,0,0,0
8,41,UL,0,0,0,0
8,42,DL,0,0,0,0
8,42,UL,0,0,0,0
8,43,DL,0.133872,0.0301413,2.58921,54.1667
8,43,UL,0,0,0,0
8,44,DL,0,0,0,0
8,44,UL,0,0,0,0
8,45,DL,0,0,0,0
8,45,UL,0,0,0,0
8,46,DL,0,0,0,0
8,46,UL,0,0,0,0
8,47,DL,0,0,0,0
8,47,UL,0,0,0,0
8,48,DL,0,0,0,0
8,48,UL,0,0,0,0
8,49,DL,0,0,0,0
8,49,UL,0,0,0,0
10,0,DL,0,0,0,0
10,0,UL,0,0,0,0
10,1,DL,0,0,0,0
10,1,UL,0,0,0,0
10,2,DL,0,0,0,0
10,2,UL,0,0,0,0
10,3,DL,0,0,0,0
10,3,UL,0,0,0,0
10,4,DL,0,0,0,0
10,4,UL,0,0,0,0
10,5,DL,0,0,0,0
10,5,UL,0,0,0,0
10,6,DL,0.129712,0.0137463,0.239052,5
10,6,UL,0,0,0,0
10,7,DL,0.120638,0.0289367,2.66931,56.3025
10,7,UL,0,0,0,0
10,8,DL,0,0,0,0
10,8,UL,0,0,0,0
10,9,DL,0,0,0,0
10,9,UL,0,0,0,0
10,10,DL,0,0,0,0
10,10,UL,0,0,0,0
10,11,DL,0,0,0,0
10,11,UL,0,0,0,0
10,12,DL,0,0,0,0
10,12,UL,0,0,0,0
10,13,DL,0,0,0,0
10,13,UL,0,0,0,0
10,14,DL,0,0,0,0
10,14,UL,0,0,0,0
10,15,DL,0,0,0,0
10,15,UL,0,0,0,0
10,16,DL,0,0,0,0
10,16,UL,0,0,0,0
10,17,DL,0,0,0,0
10,17,UL,0,0,0,0
10,18,DL,0,0,0,0
10,18,UL,0,0,0,0
10,19,DL,0,0,0,0
10,19,UL,0,0,0,0
10,20,DL,0,0,0,0
10,20,UL,0,0,0,0
10,21,DL,0,0,0,0
10,21,UL,0,0,0,0
10,22,DL,0.127786,0.0657544,2.29188,47.9339
10,22,UL,0,0,0,0
10,23,DL,0,0,0,0
10,23,UL,0,0,0,0
10,24,DL,0,0,0,0
10,24,UL,0,0,0,0
10,25,DL,0.159477,0.0775008,0.238857,4.95868
10,25,UL,0,0,0,0
10,26,DL,0.246824,0.03132,1.91297,39.6694
10,26,UL,0,0,0,0
10,27,DL,0,0,0,0
10,27,UL,0,0,0,0
10,28,DL,0,0,0,0
10,28,UL,0,0,0,0
10,29,DL,0,0,0,0
10,29,UL,0,0,0,0
10,30,DL,0,0,0,0
10,30,UL,0,0,0,0
10,31,DL,0,0,0,0
10,31,UL,0,0,0,0
10,32,DL,0,0,0,0
10,32,UL,0,0,0,0
10,33,DL,0,0,0,0
10,33,UL,0,0,0,0
10,34,DL,0,0,0,0
10,34,UL,0,0,0,0
10,35,DL,0,0,0,0
10,35,UL,0,0,0,0
10,36,DL,0,0,0,0
10,36,UL,0,0,0,0
10,37,DL,0,0,0,0
10,37,UL,0,0,0,0
10,38,DL,0,0,0,0
10,38,UL,0,0,0,0
10,39,DL,0,0,0,0
10,39,UL,0,0,0,0
10,40,DL,0,0,0,0
10,40,UL,0,0,0,0
10,41,DL,0,0,0,0
10,41,UL,0,0,0,0
10,42,DL,0,0,0,0
10,42,UL,0,0,0,0
10,43,DL,0.179649,0.0313429,3.3882,70.8333
10,43,UL,0,0,0,0
10,44,DL,0,0,0,0
10,44,UL,0,0,0,0
10,45,DL,0,0,0,0
10,45,UL,0,0,0,0
10,46,DL,0,0,0,0
10,46,UL,0,0,0,0
10,47,DL,0,0,0,0
10,47,UL,0,0,0,0
10,48,DL,0,0,0,0
10,48,UL,0,0,0,0
10,49,DL,0,0,0,0
10,49,UL,0,0,0,0
12,0,DL,0,0,0,0
12,0,UL,0,0,0,0
12,1,DL,0.104867,0.015209,0.438366,9.16667
12,1,UL,0,0,0,0
12,2,DL,0,0,0,0
12,2,UL,0,0,0,0
12,3,DL,0,0,0,0
12,3,UL,0,0,0,0
12,4,DL,0,0,0,0
12,4,UL,0,0,0,0
12,5,DL,0,0,0,0
12,5,UL,0,0,0,0
12,6,DL,0,0,0,0
12,6,UL,0,0,0,0
12,7,DL,0.130607,0.0271613,4.34319,91.5966
12,7,UL,0,0,0,0
12,8,DL,0,0,0,0
12,8,UL,0,0,0,0
12,9,DL,0.00650927,0.00220093,0.159466,3.36134
12,9,UL,0,0,0,0
12,10,DL,0,0,0,0
12,10,UL,0,0,0,0
12,11,DL,0,0,0,0
12,11,UL,0,0,0,0
12,12,DL,0,0,0,0
12,12,UL,0,0,0,0
12,13,DL,0,0,0,0
12,13,UL,0,0,0,0
12,14,DL,0.17917,0.0679257,0.518372,10.9244
12,14,UL,0,0,0,0
12,15,DL,0,0,0,0
12,15,UL,0,0,0,0
12,16,DL,0,0,0,0
12,16,UL,0,0,0,0
12,17,DL,0,0,0,0
12,17,UL,0,0,0,0
12,18,DL,0,0,0,0
12,18,UL,0,0,0,0
12,19,DL,0,0,0,0
12,19,UL,0,0,0,0
12,20,DL,0,0,0,0
12,20,UL,0,0,0,0
12,21,DL,0,0,0,0
12,21,UL,0,0,0,0
12,22,DL,0.157478,0.0792527,0.676743,14.2857
12,22,UL,0,0,0,0
12,23,DL,0,0,0,0
12,23,UL,0,0,0,0
12,24,DL,0,0,0,0
12,24,UL,0,0,0,0
12,25,DL,0.342529,0.0283178,3.74457,78.3333
12,25,UL,0,0,0,0
12,26,DL,0.21929,0.0292551,4.66025,98.3193
12,26,UL,0,0,0,0
12,27,DL,0,0,0,0
12,27,UL,0,0,0,0
12,28,DL,0,0,0,0
12,28,UL,0,0,0,0
12,29,DL,0.438533,0.0474635,0.517761,10.7438
12,29,UL,0,0,0,0
12,30,DL,0,0,0,0
12,30,UL,0,0,0,0
12,31,DL,0,0,0,0
12,31,UL,0,0,0,0
12,32,DL,0,0,0,0
12,32,UL,0,0,0,0
12,33,DL,0,0,0,0
12,33,UL,0,0,0,0
12,34,DL,0,0,0,0
12,34,UL,0,0,0,0
12,35,DL,0,0,0,0
12,35,UL,0,0,0,0
12,36,DL,0,0,0,0
12,36,UL,0,0,0,0
12,37,DL,0,0,0,0
12,37,UL,0,0,0,0
12,38,DL,0,0,0,0
12,38,UL,0,0,0,0
12,39,DL,0,0,0,0
12,39,UL,0,0,0,0
12,40,DL,0,0,0,0
12,40,UL,0,0,0,0
12,41,DL,0.155187,0.0394243,0.557575,11.6667
12,41,UL,0.0671372,0.00802693,0.0180664,7.4
12,42,DL,0,0,0,0
12,42,UL,0,0,0,0
12,43,DL,0.414114,0.0366773,1.95379,40.4959
12,43,UL,0,0,0,0
12,44,DL,0,0,0,0
12,44,UL,0,0,0,0
12,45,DL,0,0,0,0
12,45,UL,0,0,0,0
12,46,DL,0,0,0,0
12,46,UL,0,0,0,0
12,47,DL,0,0,0,0
12,47,UL,0,0,0,0
12,48,DL,0,0,0,0
12,48,UL,0,0,0,0
12,49,DL,0,0,0,0
12,49,UL,0,0,0,0
14,0,DL,0,0,0,0
14,0,UL,0,0,0,0
14,1,DL,0,0,0,0
14,1,UL,0,0,0,0
14,2,DL,0,0,0,0
14,2,UL,0,0,0,0
14,3,DL,0,0,0,0
14,3,UL,0,0,0,0
14,4,DL,0,0,0,0
14,4,UL,0,0,0,0
14,5,DL,0,0,0,0
14,5,UL,0,0,0,0
14,6,DL,0,0,0,0
14,6,UL,0,0,0,0
14,7,DL,0.121336,0.0242005,2.549,52.8926
14,7,UL,0,0,0,0
14,8,DL,0,0,0,0
14,8,UL,0,0,0,0
14,9,DL,0,0,0,0
14,9,UL,0,0,0,0
14,10,DL,0,0,0,0
14,10,UL,0,0,0,0
14,11,DL,0,0,0,0
14,11,UL,0,0,0,0
14,12,DL,0,0,0,0
14,12,UL,0,0,0,0
14,13,DL,0,0,0,0
14,13,UL,0,0,0,0
14,14,DL,0.79778,0.0230637,2.94824,61.6667
14,14,UL,0,0,0,0
14,15,DL,0,0,0,0
14,15,UL,0,0,0,0
14,16,DL,0,0,0,0
14,16,UL,0,0,0,0
14,17,DL,0,0,0,0
14,17,UL,0,0,0,0
14,18,DL,0,0,0,0
14,18,UL,0,0,0,0
14,19,DL,0,0,0,0
14,19,UL,0,0,0,0
14,20,DL,0,0,0,0
14,20,UL,0,0,0,0
14,21,DL,0,0,0,0
14,21,UL,0,0,0,0
14,22,DL,1.23736,0.0285128,1.75328,36.6667
14,22,UL,0,0,0,0
14,23,DL,0,0,0,0
14,23,UL,0,0,0,0
14,24,DL,0,0,0,0
14,24,UL,0,0,0,0
14,25,DL,0.10347,0.0232698,4.02383,84.1667
14,25,UL,0,0,0,0
14,26,DL,0.402752,0.0301985,3.26602,68.3333
14,26,UL,0,0,0,0
14,27,DL,0,0,0,0
14,27,UL,0,0,0,0
14,28,DL,0,0,0,0
14,28,UL,0,0,0,0
14,29,DL,0,0,0,0
14,29,UL,0,0,0,0
14,30,DL,0,0,0,0
14,30,UL,0,0,0,0
14,31,DL,0,0,0,0
14,31,UL,0,0,0,0
14,32,DL,0,0,0,0
14,32,UL,0,0,0,0
14,33,DL,0,0,0,0
14,33,UL,0,0,0,0
14,34,DL,0,0,0,0
14,34,UL,0,0,0,0
14,35,DL,0,0,0,0
14,35,UL,0,0,0,0
14,36,DL,0,0,0,0
14,36,UL,0,0,0,0
14,37,DL,0,0,0,0
14,37,UL,0,0,0,0
14,38,DL,0,0,0,0
14,38,UL,0,0,0,0
14,39,DL,0,0,0,0
14,39,UL,0,0,0,0
14,40,DL,0,0,0,0
14,40,UL,0,0,0,0
14,41,DL,1.21566,0.0447037,2.43145,50.4132
14,41,UL,0,0,0,0
14,42,DL,0,0,0,0
14,42,UL,0,0,0,0
14,43,DL,0.587533,0.0333236,3.94447,83.1933
14,43,UL,0,0,0,0
14,44,DL,0,0,0,0
14,44,UL,0,0,0,0
14,45,DL,0,0,0,0
14,45,UL,0,0,0,0
14,46,DL,0,0,0,0
14,46,UL,0,0,0,0
14,47,DL,0,0,0,0
14,47,UL,0,0,0,0
14,48,DL,0,0,0,0
14,48,UL,0,0,0,0
14,49,DL,0,0,0,0
14,49,UL,0,0,0,0
16,0,DL,0,0,0,0
16,0,UL,0,0,0,0
16,1,DL,0.26521,0.024672,1.51379,31.405
16,1,UL,0,0,0,0
16,2,DL,0,0,0,0
16,2,UL,0,0,0,0
16,3,DL,0,0,0,0
16,3,UL,0,0,0,0
16,4,DL,0,0,0,0
16,4,UL,0,0,0,0
16,5,DL,0,0,0,0
16,5,UL,0,0,0,0
16,6,DL,0.586147,0.0727518,1.3136,27.5
16,6,UL,0,0,0,0
16,7,DL,0.147338,0.0219323,3.78562,79.1667
16,7,UL,0,0,0,0
16,8,DL,0,0,0,0
16,8,UL,0,0,0,0
16,9,DL,1.88063,0.228216,0.438148,9.16667
16,9,UL,0,0,0,0
16,10,DL,0,0,0,0
16,10,UL,0,0,0,0
16,11,DL,0,0,0,0
16,11,UL,0,0,0,0
16,12,DL,0,0,0,0
16,12,UL,0,0,0,0
16,13,DL,0,0,0,0
16,13,UL,0,0,0,0
16,14,DL,0,0,0,0
16,14,UL,0,0,0,0
16,15,DL,0,0,0,0
16,15,UL,0,0,0,0
16,16,DL,0,0,0,0
16,16,UL,0,0,0,0
16,17,DL,0,0,0,0
16,17,UL,0,0,0,0
16,18,DL,0,0,0,0
16,18,UL,0,0,0,0
16,19,DL,0,0,0,0
16,19,UL,0,0,0,0
16,20,DL,0,0,0,0
16,20,UL,0,0,0,0
16,21,DL,0,0,0,0
16,21,UL,0,0,0,0
16,22,DL,1.14182,0.0825393,0.596985,12.5
16,22,UL,0,0,0,0
16,23,DL,0,0,0,0
16,23,UL,0,0,0,0
16,24,DL,0,0,0,0
16,24,UL,0,0,0,0
16,25,DL,0.366131,0.033386,3.58638,74.3802
16,25,UL,0,0,0,0
16,26,DL,0.346356,0.0293341,4.50242,94.958
16,26,UL,0,0,0,0
16,27,DL,0,0,0,0
16,27,UL,0,0,0,0
16,28,DL,0,0,0,0
16,28,UL,0,0,0,0
16,29,DL,0,0,0,0
16,29,UL,0,0,0,0
16,30,DL,0,0,0,0
16,30,UL,0,0,0,0
16,31,DL,0,0,0,0
16,31,UL,0,0,0,0
16,32,DL,0,0,0,0
16,32,UL,0,0,0,0
16,33,DL,0,0,0,0
16,33,UL,0,0,0,0
16,34,DL,0,0,0,0
16,34,UL,0,0,0,0
16,35,DL,0,0,0,0
16,35,UL,0,0,0,0
16,36,DL,0,0,0,0
16,36,UL,0,0,0,0
16,37,DL,0,0,0,0
16,37,UL,0,0,0,0
16,38,DL,0,0,0,0
16,38,UL,0,0,0,0
16,39,DL,0,0,0,0
16,39,UL,0,0,0,0
16,40,DL,0,0,0,0
16,40,UL,0,0,0,0
16,41,DL,1.46775,0.0384632,2.43129,51.2605
16,41,UL,0,0,0,0
16,42,DL,0,0,0,0
16,42,UL,0,0,0,0
16,43,DL,0.283867,0.0295483,4.65953,97.5
16,43,UL,0,0,0,0
16,44,DL,0,0,0,0
16,44,UL,0,0,0,0
16,45,DL,0,0,0,0
16,45,UL,0,0,0,0
16,46,DL,0,0,0,0
16,46,UL,0,0,0,0
16,47,DL,0,0,0,0
16,47,UL,0,0,0,0
16,48,DL,0,0,0,0
16,48,UL,0,0,0,0
16,49,DL,0,0,0,0
16,49,UL,0,0,0,0
18,0,DL,0,0,0,0
18,0,UL,0,0,0,0
18,1,DL,0.259075,0.0251882,3.86327,80.1653
18,1,UL,0,0,0,0
18,2,DL,0,0,0,0
18,2,UL,0,0,0,0
18,3,DL,0,0,0,0
18,3,UL,0,0,0,0
18,4,DL,0,0,0,0
18,4,UL,0,0,0,0
18,5,DL,0,0,0,0
18,5,UL,0,0,0,0
18,6,DL,0.291843,0.0254483,2.70794,56.6667
18,6,UL,0,0,0,0
18,7,DL,0.153909,0.0281512,2.83004,58.6777
18,7,UL,0,0,0,0
18,8,DL,0,0,0,0
18,8,UL,0,0,0,0
18,9,DL,0,0,0,0
18,9,UL,0,0,0,0
18,10,DL,0,0,0,0
18,10,UL,0,0,0,0
18,11,DL,0,0,0,0
18,11,UL,0,0,0,0
18,12,DL,0,0,0,0
18,12,UL,0,0,0,0
18,13,DL,0,0,0,0
18,13,UL,0,0,0,0
18,14,DL,1.58093,0.179087,0.358654,7.43802
18,14,UL,0,0,0,0
18,15,DL,0,0,0,0
18,15,UL,0,0,0,0
18,16,DL,0,0,0,0
18,16,UL,0,0,0,0
18,17,DL,0,0,0,0
18,17,UL,0,0,0,0
18,18,DL,0,0,0,0
18,18,UL,0,0,0,0
18,19,DL,0,0,0,0
18,19,UL,0,0,0,0
18,20,DL,0,0,0,0
18,20,UL,0,0,0,0
18,21,DL,0,0,0,0
18,21,UL,0,0,0,0
18,22,DL,1.86877,0.0284353,1.39524,29.1667
18,22,UL,0,0,0,0
18,23,DL,0,0,0,0
18,23,UL,0,0,0,0
18,24,DL,0,0,0,0
18,24,UL,0,0,0,0
18,25,DL,0,0,0,0
18,25,UL,0,0,0,0
18,26,DL,0.587396,0.0434892,1.71385,35.8333
18,26,UL,0,0,0,0
18,27,DL,0,0,0,0
18,27,UL,0,0,0,0
18,28,DL,0,0,0,0
18,28,UL,0,0,0,0
18,29,DL,0.247021,0.0204402,1.23553,25.6198
18,29,UL,0,0,0,0
18,30,DL,0,0,0,0
18,30,UL,0,0,0,0
18,31,DL,0,0,0,0
18,31,UL,0,0,0,0
18,32,DL,0,0,0,0
18,32,UL,0,0,0,0
18,33,DL,0,0,0,0
18,33,UL,0,0,0,0
18,34,DL,0,0,0,0
18,34,UL,0,0,0,0
18,35,DL,0,0,0,0
18,35,UL,0,0,0,0
18,36,DL,0,0,0,0
18,36,UL,0,0,0,0
18,37,DL,0,0,0,0
18,37,UL,0,0,0,0
18,38,DL,0,0,0,0
18,38,UL,0,0,0,0
18,39,DL,0,0,0,0
18,39,UL,0,0,0,0
18,40,DL,0,0,0,0
18,40,UL,0,0,0,0
18,41,DL,1.40552,0.0277691,3.10754,65
18,41,UL,0,0,0,0
18,42,DL,0,0,0,0
18,42,UL,0,0,0,0
18,43,DL,0.124789,0.0253022,3.42463,71.0744
18,43,UL,0,0,0,0
18,44,DL,0,0,0,0
18,44,UL,0,0,0,0
18,45,DL,0,0,0,0
18,45,UL,0,0,0,0
18,46,DL,0,0,0,0
18,46,UL,0,0,0,0
18,47,DL,0,0,0,0
18,47,UL,0,0,0,0
18,48,DL,0,0,0,0
18,48,UL,0,0,0,0
18,49,DL,0,0,0,0
18,49,UL,0,0,0,0
20,0,DL,0,0,0,0
20,0,UL,0,0,0,0
20,1,DL,0.86763,0.0583756,1.3544,28.3333
20,1,UL,0,0,0,0
20,2,DL,0,0,0,0
20,2,UL,0,0,0,0
20,3,DL,0,0,0,0
20,3,UL,0,0,0,0
20,4,DL,0,0,0,0
20,4,UL,0,0,0,0
20,5,DL,0,0,0,0
20,5,UL,0,0,0,0
20,6,DL,0.985019,0.154199,0.1199,2.5
20,6,UL,0,0,0,0
20,7,DL,0.27738,0.0273214,4.58136,95.8333
20,7,UL,0,0,0,0
20,8,DL,0,0,0,0
20,8,UL,0,0,0,0
20,9,DL,3.73909,0.11315,1.03629,21.4876
20,9,UL,0,0,0,0
20,10,DL,0,0,0,0
20,10,UL,0,0,0,0
20,11,DL,0,0,0,0
20,11,UL,0,0,0,0
20,12,DL,0,0,0,0
20,12,UL,0,0,0,0
20,13,DL,0,0,0,0
20,13,UL,0,0,0,0
20,14,DL,0,0,0,0
20,14,UL,0,0,0,0
20,15,DL,0,0,0,0
20,15,UL,0,0,0,0
20,16,DL,0,0,0,0
20,16,UL,0,0,0,0
20,17,DL,0,0,0,0
20,17,UL,0,0,0,0
20,18,DL,0,0,0,0
20,18,UL,0,0,0,0
20,19,DL,0,0,0,0
20,19,UL,0,0,0,0
20,20,DL,0,0,0,0
20,20,UL,0,0,0,0
20,21,DL,0,0,0,0
20,21,UL,0,0,0,0
20,22,DL,2.58051,0.030615,3.46819,73.1092
20,22,UL,0,0,0,0
20,23,DL,0,0,0,0
20,23,UL,0,0,0,0
20,24,DL,0,0,0,0
20,24,UL,0,0,0,0
20,25,DL,1.24731,1.98716,0.157906,3.33333
20,25,UL,0,0,0,0
20,26,DL,0.534548,0.0222659,4.18165,88.2353
20,26,UL,0,0,0,0
20,27,DL,0,0,0,0
20,27,UL,0,0,0,0
20,28,DL,0,0,0,0
20,28,UL,0,0,0,0
20,29,DL,0.186662,0.0795938,0.159275,3.33333
20,29,UL,0,0,0,0
20,30,DL,0,0,0,0
20,30,UL,0,0,0,0
20,31,DL,0,0,0,0
20,31,UL,0,0,0,0
20,32,DL,0,0,0,0
20,32,UL,0,0,0,0
20,33,DL,0,0,0,0
20,33,UL,0,0,0,0
20,34,DL,0,0,0,0
20,34,UL,0,0,0,0
20,35,DL,0,0,0,0
20,35,UL,0,0,0,0
20,36,DL,0,0,0,0
20,36,UL,0,0,0,0
20,37,DL,0,0,0,0
20,37,UL,0,0,0,0
20,38,DL,0,0,0,0
20,38,UL,0,0,0,0
20,39,DL,0,0,0,0
20,39,UL,0,0,0,0
20,40,DL,0,0,0,0
20,40,UL,0,0,0,0
20,41,DL,0.82066,0.0356178,2.70841,56.6667
20,41,UL,0,0,0,0
20,42,DL,0,0,0,0
20,42,UL,0,0,0,0
20,43,DL,0.651538,0.0648047,0.637363,13.2231
20,43,UL,0,0,0,0
20,44,DL,0,0,0,0
20,44,UL,0,0,0,0
20,45,DL,0,0,0,0
20,45,UL,0,0,0,0
20,46,DL,0,0,0,0
20,46,UL,0,0,0,0
20,47,DL,0,0,0,0
20,47,UL,0,0,0,0
20,48,DL,0,0,0,0
20,48,UL,0,0,0,0
20,49,DL,0,0,0,0
20,49,UL,0,0,0,0
22,0,DL,0.29518,0.0181062,0.677822,14.0496
22,0,UL,0,0,0,0
22,1,DL,0,0,0,0
22,1,UL,0,0,0,0
22,2,DL,0,0,0,0
22,2,UL,0,0,0,0
22,3,DL,0,0,0,0
22,3,UL,0,0,0,0
22,4,DL,0,0,0,0
22,4,UL,0,0,0,0
22,5,DL,0,0,0,0
22,5,UL,0,0,0,0
22,6,DL,1.60887,0.0417067,1.47521,31.0924
22,6,UL,0,0,0,0
22,7,DL,0.090134,0.0192176,3.58596,75.6303
22,7,UL,0,0,0,0
22,8,DL,0,0,0,0
22,8,UL,0,0,0,0
22,9,DL,3.11442,0.0189948,2.11022,43.8017
22,9,UL,0,0,0,0
22,10,DL,0,0,0,0
22,10,UL,0,0,0,0
22,11,DL,0,0,0,0
22,11,UL,0,0,0,0
22,12,DL,0,0,0,0
22,12,UL,0,0,0,0
22,13,DL,0,0,0,0
22,13,UL,0,0,0,0
22,14,DL,1.91341,0.0263004,2.62944,55
22,14,UL,0,0,0,0
22,15,DL,0,0,0,0
22,15,UL,0,0,0,0
22,16,DL,0,0,0,0
22,16,UL,0,0,0,0
22,17,DL,0,0,0,0
22,17,UL,0,0,0,0
22,18,DL,0,0,0,0
22,18,UL,0,0,0,0
22,19,DL,0,0,0,0
22,19,UL,0,0,0,0
22,20,DL,0,0,0,0
22,20,UL,0,0,0,0
22,21,DL,0,0,0,0
22,21,UL,0,0,0,0
22,22,DL,2.17233,0.0265451,4.30248,90.7563
22,22,UL,0,0,0,0
22,23,DL,0,0,0,0
22,23,UL,0,0,0,0
22,24,DL,0,0,0,0
22,24,UL,0,0,0,0
22,25,DL,0.167861,0.0235838,3.86352,81.5126
22,25,UL,0,0,0,0
22,26,DL,0.639128,0.0400261,2.66925,55.8333
22,26,UL,0,0,0,0
22,27,DL,0,0,0,0
22,27,UL,0,0,0,0
22,28,DL,0,0,0,0
22,28,UL,0,0,0,0
22,29,DL,0,0,0,0
22,29,UL,0,0,0,0
22,30,DL,0,0,0,0
22,30,UL,0,0,0,0
22,31,DL,0,0,0,0
22,31,UL,0,0,0,0
22,32,DL,0,0,0,0
22,32,UL,0,0,0,0
22,33,DL,0,0,0,0
22,33,UL,0,0,0,0
22,34,DL,0,0,0,0
22,34,UL,0,0,0,0
22,35,DL,0,0,0,0
22,35,UL,0,0,0,0
22,36,DL,0,0,0,0
22,36,UL,0,0,0,0
22,37,DL,0,0,0,0
22,37,UL,0,0,0,0
22,38,DL,0,0,0,0
22,38,UL,0,0,0,0
22,39,DL,0,0,0,0
22,39,UL,0,0,0,0
22,40,DL,0,0,0,0
22,40,UL,0,0,0,0
22,41,DL,1.36895,0.0396739,2.07123,43.3333
22,41,UL,0,0,0,0
22,42,DL,0,0,0,0
22,42,UL,0,0,0,0
22,43,DL,0.649596,0.0278069,4.06423,85.7143
22,43,UL,0,0,0,0
22,44,DL,0,0,0,0
22,44,UL,0,0,0,0
22,45,DL,0,0,0,0
22,45,UL,0,0,0,0
22,46,DL,0,0,0,0
22,46,UL,0,0,0,0
22,47,DL,0,0,0,0
22,47,UL,0,0,0,0
22,48,DL,0,0,0,0
22,48,UL,0,0,0,0
22,49,DL,0,0,0,0
22,49,UL,0,0,0,0
24,0,DL,0,0,0,0
24,0,UL,0,0,0,0
24,1,DL,0,0,0,0
24,1,UL,0,0,0,0
24,2,DL,0,0,0,0
24,2,UL,0,0,0,0
24,3,DL,0,0,0,0
24,3,UL,0,0,0,0
24,4,DL,0,0,0,0
24,4,UL,0,0,0,0
24,5,DL,0,0,0,0
24,5,UL,0,0,0,0
24,6,DL,1.31103,0.0243826,0.836327,17.3554
24,6,UL,0,0,0,0
24,7,DL,0.139226,0.0234762,1.23518,26.0504
24,7,UL,0,0,0,0
24,8,DL,0,0,0,0
24,8,UL,0,0,0,0
24,9,DL,0,0,0,0
24,9,UL,0,0,0,0
24,10,DL,0,0,0,0
24,10,UL,0,0,0,0
24,11,DL,0,0,0,0
24,11,UL,0,0,0,0
24,12,DL,0,0,0,0
24,12,UL,0,0,0,0
24,13,DL,0,0,0,0
24,13,UL,0,0,0,0
24,14,DL,0,0,0,0
24,14,UL,0,0,0,0
24,15,DL,0,0,0,0
24,15,UL,0,0,0,0
24,16,DL,0,0,0,0
24,16,UL,0,0,0,0
24,17,DL,0,0,0,0
24,17,UL,0,0,0,0
24,18,DL,0,0,0,0
24,18,UL,0,0,0,0
24,19,DL,0,0,0,0
24,19,UL,0,0,0,0
24,20,DL,0,0,0,0
24,20,UL,0,0,0,0
24,21,DL,0,0,0,0
24,21,UL,0,0,0,0
24,22,DL,1.70462,0.0268731,5.38046,113.445
24,22,UL,0,0,0,0
24,23,DL,0,0,0,0
24,23,UL,0,0,0,0
24,24,DL,0,0,0,0
24,24,UL,0,0,0,0
24,25,DL,0.299737,0.0338394,3.30655,68.595
24,25,UL,0,0,0,0
24,26,DL,0,0,0,0
24,26,UL,0,0,0,0
24,27,DL,0,0,0,0
24,27,UL,0,0,0,0
24,28,DL,0,0,0,0
24,28,UL,0,0,0,0
24,29,DL,0.573196,0.22889,0.159382,3.33333
24,29,UL,0,0,0,0
24,30,DL,0,0,0,0
24,30,UL,0,0,0,0
24,31,DL,0,0,0,0
24,31,UL,0,0,0,0
24,32,DL,0,0,0,0
24,32,UL,0,0,0,0
24,33,DL,0,0,0,0
24,33,UL,0,0,0,0
24,34,DL,0,0,0,0
24,34,UL,0,0,0,0
24,35,DL,0,0,0,0
24,35,UL,0,0,0,0
24,36,DL,0,0,0,0
24,36,UL,0,0,0,0
24,37,DL,0,0,0,0
24,37,UL,0,0,0,0
24,38,DL,0,0,0,0
24,38,UL,0,0,0,0
24,39,DL,0,0,0,0
24,39,UL,0,0,0,0
24,40,DL,0,0,0,0
24,40,UL,0,0,0,0
24,41,DL,1.70503,0.0221311,0.956123,20.1681
24,41,UL,0,0,0,0
24,42,DL,0,0,0,0
24,42,UL,0,0,0,0
24,43,DL,0.443719,0.0358559,2.94856,60.6557
24,43,UL,0,0,0,0
24,44,DL,0,0,0,0
24,44,UL,0,0,0,0
24,45,DL,0,0,0,0
24,45,UL,0,0,0,0
24,46,DL,0,0,0,0
24,46,UL,0,0,0,0
24,47,DL,0,0,0,0
24,47,UL,0,0,0,0
24,48,DL,0,0,0,0
24,48,UL,0,0,0,0
24,49,DL,0,0,0,0
24,49,UL,0,0,0,0
26,0,DL,0,0,0,0
26,0,UL,0,0,0,0
26,1,DL,0,0,0,0
26,1,UL,0,0,0,0
26,2,DL,0,0,0,0
26,2,UL,0,0,0,0
26,3,DL,0,0,0,0
26,3,UL,0,0,0,0
26,4,DL,0,0,0,0
26,4,UL,0,0,0,0
26,5,DL,0,0,0,0
26,5,UL,0,0,0,0
26,6,DL,0.768921,0.024079,4.18398,87.5
26,6,UL,0,0,0,0
26,7,DL,0.381138,0.0699065,0.27914,5.83333
26,7,UL,0,0,0,0
26,8,DL,0,0,0,0
26,8,UL,0,0,0,0
26,9,DL,0,0,0,0
26,9,UL,0,0,0,0
26,10,DL,0,0,0,0
26,10,UL,0,0,0,0
26,11,DL,0,0,0,0
26,11,UL,0,0,0,0
26,12,DL,0,0,0,0
26,12,UL,0,0,0,0
26,13,DL,0,0,0,0
26,13,UL,0,0,0,0
26,14,DL,0,0,0,0
26,14,UL,0,0,0,0
26,15,DL,0,0,0,0
26,15,UL,0,0,0,0
26,16,DL,0,0,0,0
26,16,UL,0,0,0,0
26,17,DL,0,0,0,0
26,17,UL,0,0,0,0
26,18,DL,0,0,0,0
26,18,UL,0,0,0,0
26,19,DL,0,0,0,0
26,19,UL,0,0,0,0
26,20,DL,0,0,0,0
26,20,UL,0,0,0,0
26,21,DL,0,0,0,0
26,21,UL,0,0,0,0
26,22,DL,0,0,0,0
26,22,UL,0,0,0,0
26,23,DL,0,0,0,0
26,23,UL,0,0,0,0
26,24,DL,0,0,0,0
26,24,UL,0,0,0,0
26,25,DL,0.17471,0.0265186,3.86397,81.5126
26,25,UL,0,0,0,0
26,26,DL,2.26813,0.0368998,3.746,78.9916
26,26,UL,0,0,0,0
26,27,DL,0,0,0,0
26,27,UL,0,0,0,0
26,28,DL,0,0,0,0
26,28,UL,0,0,0,0
26,29,DL,0.245824,0.0653992,0.755341,15.7025
26,29,UL,0,0,0,0
26,30,DL,0,0,0,0
26,30,UL,0,0,0,0
26,31,DL,0,0,0,0
26,31,UL,0,0,0,0
26,32,DL,0,0,0,0
26,32,UL,0,0,0,0
26,33,DL,0,0,0,0
26,33,UL,0,0,0,0
26,34,DL,0,0,0,0
26,34,UL,0,0,0,0
26,35,DL,0,0,0,0
26,35,UL,0,0,0,0
26,36,DL,0,0,0,0
26,36,UL,0,0,0,0
26,37,DL,0,0,0,0
26,37,UL,0,0,0,0
26,38,DL,0,0,0,0
26,38,UL,0,0,0,0
26,39,DL,0,0,0,0
26,39,UL,0,0,0,0
26,40,DL,0,0,0,0
26,40,UL,0,0,0,0
26,41,DL,2.41005,0.0660611,1.96638,41.6667
26,41,UL,0,0,0,0
26,42,DL,0,0,0,0
26,42,UL,0,0,0,0
26,43,DL,0.743038,0.028554,3.66289,76.6667
26,43,UL,0,0,0,0
26,44,DL,0,0,0,0
26,44,UL,0,0,0,0
26,45,DL,0,0,0,0
26,45,UL,0,0,0,0
26,46,DL,0,0,0,0
26,46,UL,0,0,0,0
26,47,DL,0,0,0,0
26,47,UL,0,0,0,0
26,48,DL,0,0,0,0
26,48,UL,0,0,0,0
26,49,DL,0,0,0,0
26,49,UL,0,0,0,0
28,0,DL,0,0,0,0
28,0,UL,0,0,0,0
28,1,DL,0,0,0,0
28,1,UL,0,0,0,0
28,2,DL,0,0,0,0
28,2,UL,0,0,0,0
28,3,DL,0,0,0,0
28,3,UL,0,0,0,0
28,4,DL,0,0,0,0
28,4,UL,0,0,0,0
28,5,DL,0,0,0,0
28,5,UL,0,0,0,0
28,6,DL,0,0,0,0
28,6,UL,0,0,0,0
28,7,DL,0.282559,0.027815,3.66505,77.3109
28,7,UL,0,0,0,0
28,8,DL,0,0,0,0
28,8,UL,0,0,0,0
28,9,DL,0,0,0,0
28,9,UL,0,0,0,0
28,10,DL,0,0,0,0
28,10,UL,0,0,0,0
28,11,DL,0,0,0,0
28,11,UL,0,0,0,0
28,12,DL,0,0,0,0
28,12,UL,0,0,0,0
28,13,DL,0,0,0,0
28,13,UL,0,0,0,0
28,14,DL,2.51231,0.0503456,1.51283,31.405
28,14,UL,0,0,0,0
28,15,DL,0,0,0,0
28,15,UL,0,0,0,0
28,16,DL,0,0,0,0
28,16,UL,0,0,0,0
28,17,DL,0,0,0,0
28,17,UL,0,0,0,0
28,18,DL,0,0,0,0
28,18,UL,0,0,0,0
28,19,DL,0,0,0,0
28,19,UL,0,0,0,0
28,20,DL,0,0,0,0
28,20,UL,0,0,0,0
28,21,DL,0,0,0,0
28,21,UL,0,0,0,0
28,22,DL,1.78536,0.0343362,1.79282,37.1901
28,22,UL,0,0,0,0
28,23,DL,0,0,0,0
28,23,UL,0,0,0,0
28,24,DL,0,0,0,0
28,24,UL,0,0,0,0
28,25,DL,0.11416,0.0234513,3.66545,75.4098
28,25,UL,0,0,0,0
28,26,DL,1.24522,0.0246067,4.06348,85
28,26,UL,0,0,0,0
28,27,DL,0,0,0,0
28,27,UL,0,0,0,0
28,28,DL,0,0,0,0
28,28,UL,0,0,0,0
28,29,DL,0.453186,0.0469539,1.4747,30.8333
28,29,UL,0,0,0,0
28,30,DL,0,0,0,0
28,30,UL,0,0,0,0
28,31,DL,0,0,0,0
28,31,UL,0,0,0,0
28,32,DL,0,0,0,0
28,32,UL,0,0,0,0
28,33,DL,0,0,0,0
28,33,UL,0,0,0,0
28,34,DL,0,0,0,0
28,34,UL,0,0,0,0
28,35,DL,0,0,0,0
28,35,UL,0,0,0,0
28,36,DL,0,0,0,0
28,36,UL,0,0,0,0
28,37,DL,0,0,0,0
28,37,UL,0,0,0,0
28,38,DL,0,0,0,0
28,38,UL,0,0,0,0
28,39,DL,0,0,0,0
28,39,UL,0,0,0,0
28,40,DL,0,0,0,0
28,40,UL,0,0,0,0
28,41,DL,1.45074,0.0226692,9.47954,198.333
28,41,UL,0,0,0,0
28,42,DL,0,0,0,0
28,42,UL,0,0,0,0
28,43,DL,0.182109,0.024868,3.58579,73.7705
28,43,UL,0,0,0,0
28,44,DL,0,0,0,0
28,44,UL,0,0,0,0
28,45,DL,0,0,0,0
28,45,UL,0,0,0,0
28,46,DL,0,0,0,0
28,46,UL,0,0,0,0
28,47,DL,0,0,0,0
28,47,UL,0,0,0,0
28,48,DL,0,0,0,0
28,48,UL,0,0,0,0
28,49,DL,0,0,0,0
28,49,UL,0,0,0,0
30,0,DL,0,0,0,0
30,0,UL,0,0,0,0
30,1,DL,0,0,0,0
30,1,UL,0,0,0,0
30,2,DL,0,0,0,0
30,2,UL,0,0,0,0
30,3,DL,0,0,0,0
30,3,UL,0,0,0,0
30,4,DL,0.461875,0.0608486,0.876167,18.3333
30,4,UL,0.196029,0,0.000488281,0.2
30,5,DL,0,0,0,0
30,5,UL,0,0,0,0
30,6,DL,0.523167,0.0719805,0.119461,2.5
30,6,UL,0,0,0,0
30,7,DL,0.288696,0.0195798,2.67068,55.3719
30,7,UL,0,0,0,0
30,8,DL,0,0,0,0
30,8,UL,0,0,0,0
30,9,DL,0,0,0,0
30,9,UL,0,0,0,0
30,10,DL,0,0,0,0
30,10,UL,0,0,0,0
30,11,DL,0,0,0,0
30,11,UL,0,0,0,0
30,12,DL,0,0,0,0
30,12,UL,0,0,0,0
30,13,DL,0,0,0,0
30,13,UL,0,0,0,0
30,14,DL,3.11837,0.0352088,3.74738,78.3333
30,14,UL,0,0,0,0
30,15,DL,0,0,0,0
30,15,UL,0,0,0,0
30,16,DL,0.942276,0.0187985,4.34146,90.8333
30,16,UL,0,0,0,0
30,17,DL,0,0,0,0
30,17,UL,0,0,0,0
30,18,DL,0,0,0,0
30,18,UL,0,0,0,0
30,19,DL,0,0,0,0
30,19,UL,0,0,0,0
30,20,DL,0,0,0,0
30,20,UL,0,0,0,0
30,21,DL,0,0,0,0
30,21,UL,0,0,0,0
30,22,DL,1.68724,0.163143,0.0396957,0.840336
30,22,UL,0,0,0,0
30,23,DL,0,0,0,0
30,23,UL,0,0,0,0
30,24,DL,0,0,0,0
30,24,UL,0,0,0,0
30,25,DL,0.17261,0.0311077,3.86506,81.5126
30,25,UL,0,0,0,0
30,26,DL,1.54396,0.0462722,1.07511,22.5
30,26,UL,0,0,0,0
30,27,DL,0,0,0,0
30,27,UL,0,0,0,0
30,28,DL,0,0,0,0
30,28,UL,0,0,0,0
30,29,DL,0,0,0,0
30,29,UL,0,0,0,0
30,30,DL,0,0,0,0
30,30,UL,0,0,0,0
30,31,DL,0.963791,0.0133213,0.199402,4.16667
30,31,UL,0,0,0,0
30,32,DL,0,0,0,0
30,32,UL,0,0,0,0
30,33,DL,0,0,0,0
30,33,UL,0,0,0,0
30,34,DL,0,0,0,0
30,34,UL,0,0,0,0
30,35,DL,0,0,0,0
30,35,UL,0,0,0,0
30,36,DL,0,0,0,0
30,36,UL,0,0,0,0
30,37,DL,0,0,0,0
30,37,UL,0,0,0,0
30,38,DL,0,0,0,0
30,38,UL,0,0,0,0
30,39,DL,0,0,0,0
30,39,UL,0,0,0,0
30,40,DL,0,0,0,0
30,40,UL,0,0,0,0
30,41,DL,0.555314,0.0412697,2.31046,48.3333
30,41,UL,0,0,0,0
30,42,DL,0,0,0,0
30,42,UL,0,0,0,0
30,43,DL,0.152982,0.0248358,3.78381,79.8319
30,43,UL,0,0,0,0
30,44,DL,0,0,0,0
30,44,UL,0,0,0,0
30,45,DL,0,0,0,0
30,45,UL,0,0,0,0
30,46,DL,0,0,0,0
30,46,UL,0,0,0,0
30,47,DL,0,0,0,0
30,47,UL,0,0,0,0
30,48,DL,0,0,0,0
30,48,UL,0,0,0,0
30,49,DL,0,0,0,0
30,49,UL,0,0,0,0
32,0,DL,0,0,0,0
32,0,UL,0,0,0,0
32,1,DL,0,0,0,0
32,1,UL,0,0,0,0
32,2,DL,0,0,0,0
32,2,UL,0,0,0,0
32,3,DL,0,0,0,0
32,3,UL,0,0,0,0
32,4,DL,0.954506,0.0276066,4.65996,97.5
32,4,UL,0,0,0,0
32,5,DL,0,0,0,0
32,5,UL,0,0,0,0
32,6,DL,0,0,0,0
32,6,UL,0,0,0,0
32,7,DL,0.369436,0.0368335,2.74903,57.9832
32,7,UL,0,0,0,0
32,8,DL,0,0,0,0
32,8,UL,0,0,0,0
32,9,DL,0,0,0,0
32,9,UL,0,0,0,0
32,10,DL,0,0,0,0
32,10,UL,0,0,0,0
32,11,DL,0,0,0,0
32,11,UL,0,0,0,0
32,12,DL,0,0,0,0
32,12,UL,0,0,0,0
32,13,DL,0,0,0,0
32,13,UL,0,0,0,0
32,14,DL,2.96465,0.0828212,0.239197,5.04202
32,14,UL,0,0,0,0
32,15,DL,0,0,0,0
32,15,UL,0,0,0,0
32,16,DL,0.378048,0.056305,0.637505,13.3333
32,16,UL,0,0,0,0
32,17,DL,0,0,0,0
32,17,UL,0,0,0,0
32,18,DL,0,0,0,0
32,18,UL,0,0,0,0
32,19,DL,0,0,0,0
32,19,UL,0,0,0,0
32,20,DL,0,0,0,0
32,20,UL,0,0,0,0
32,21,DL,0,0,0,0
32,21,UL,0,0,0,0
32,22,DL,2.68382,0.996578,0.0399094,0.840336
32,22,UL,0,0,0,0
32,23,DL,0,0,0,0
32,23,UL,0,0,0,0
32,24,DL,0,0,0,0
32,24,UL,0,0,0,0
32,25,DL,0.259621,0.0284578,3.30894,69.1667
32,25,UL,0,0,0,0
32,26,DL,0.862585,0.657966,0.318336,6.66667
32,26,UL,0,0,0,0
32,27,DL,0,0,0,0
32,27,UL,0,0,0,0
32,28,DL,0,0,0,0
32,28,UL,0,0,0,0
32,29,DL,0,0,0,0
32,29,UL,0,0,0,0
32,30,DL,0,0,0,0
32,30,UL,0,0,0,0
32,31,DL,1.24742,0.0677682,0.27853,5.83333
32,31,UL,0,0,0,0
32,32,DL,0,0,0,0
32,32,UL,0,0,0,0
32,33,DL,0,0,0,0
32,33,UL,0,0,0,0
32,34,DL,0,0,0,0
32,34,UL,0,0,0,0
32,35,DL,0,0,0,0
32,35,UL,0,0,0,0
32,36,DL,0,0,0,0
32,36,UL,0,0,0,0
32,37,DL,0,0,0,0
32,37,UL,0,0,0,0
32,38,DL,0,0,0,0
32,38,UL,0,0,0,0
32,39,DL,0,0,0,0
32,39,UL,0,0,0,0
32,40,DL,0,0,0,0
32,40,UL,0,0,0,0
32,41,DL,0,0,0,0
32,41,UL,0,0,0,0
32,42,DL,0,0,0,0
32,42,UL,0,0,0,0
32,43,DL,0.286811,0.0295952,2.90827,61.8644
32,43,UL,0,0,0,0
32,44,DL,0,0,0,0
32,44,UL,0,0,0,0
32,45,DL,0,0,0,0
32,45,UL,0,0,0,0
32,46,DL,0,0,0,0
32,46,UL,0,0,0,0
32,47,DL,0,0,0,0
32,47,UL,0,0,0,0
32,48,DL,0,0,0,0
32,48,UL,0,0,0,0
32,49,DL,0,0,0,0
32,49,UL,0,0,0,0
34,0,DL,0,0,0,0
34,0,UL,0,0,0,0
34,1,DL,0.407344,0.0526451,0.637413,13.3333
34,1,UL,0,0,0,0
34,2,DL,0,0,0,0
34,2,UL,0,0,0,0
34,3,DL,0,0,0,0
34,3,UL,0,0,0,0
34,4,DL,0.70045,0.0208464,4.90117,103.361
34,4,UL,0,0,0,0
34,5,DL,0,0,0,0
34,5,UL,0,0,0,0
34,6,DL,0,0,0,0
34,6,UL,0,0,0,0
34,7,DL,0.65625,0.0294868,3.18655,66.6667
34,7,UL,0,0,0,0
34,8,DL,0,0,0,0
34,8,UL,0,0,0,0
34,9,DL,0,0,0,0
34,9,UL,0,0,0,0
34,10,DL,0,0,0,0
34,10,UL,0,0,0,0
34,11,DL,0,0,0,0
34,11,UL,0,0,0,0
34,12,DL,0,0,0,0
34,12,UL,0,0,0,0
34,13,DL,0,0,0,0
34,13,UL,0,0,0,0
34,14,DL,0,0,0,0
34,14,UL,0,0,0,0
34,15,DL,0,0,0,0
34,15,UL,0,0,0,0
34,16,DL,0,0,0,0
34,16,UL,0,0,0,0
34,17,DL,0,0,0,0
34,17,UL,0,0,0,0
34,18,DL,0,0,0,0
34,18,UL,0,0,0,0
34,19,DL,0,0,0,0
34,19,UL,0,0,0,0
34,20,DL,0,0,0,0
34,20,UL,0,0,0,0
34,21,DL,0,0,0,0
34,21,UL,0,0,0,0
34,22,DL,3.15113,0.104726,0.438618,9.16667
34,22,UL,0,0,0,0
34,23,DL,0,0,0,0
34,23,UL,0,0,0,0
34,24,DL,0,0,0,0
34,24,UL,0,0,0,0
34,25,DL,0.191459,0.0292698,2.9099,60.3306
34,25,UL,0,0,0,0
34,26,DL,0.882565,0.0338963,1.71308,36.1345
34,26,UL,0,0,0,0
34,27,DL,0,0,0,0
34,27,UL,0,0,0,0
34,28,DL,0,0,0,0
34,28,UL,0,0,0,0
34,29,DL,1.62361,0.123808,0.597767,12.5
34,29,UL,0,0,0,0
34,30,DL,0,0,0,0
34,30,UL,0,0,0,0
34,31,DL,0,0,0,0
34,31,UL,0,0,0,0
34,32,DL,0,0,0,0
34,32,UL,0,0,0,0
34,33,DL,0,0,0,0
34,33,UL,0,0,0,0
34,34,DL,0,0,0,0
34,34,UL,0,0,0,0
34,35,DL,0,0,0,0
34,35,UL,0,0,0,0
34,36,DL,0,0,0,0
34,36,UL,0,0,0,0
34,37,DL,0,0,0,0
34,37,UL,0,0,0,0
34,38,DL,0,0,0,0
34,38,UL,0,0,0,0
34,39,DL,0,0,0,0
34,39,UL,0,0,0,0
34,40,DL,0,0,0,0
34,40,UL,0,0,0,0
34,41,DL,0.761674,0.151801,0.199116,4.13223
34,41,UL,0,0,0,0
34,42,DL,0,0,0,0
34,42,UL,0,0,0,0
34,43,DL,0.200513,0.030424,3.46568,71.9008
34,43,UL,0,0,0,0
34,44,DL,0,0,0,0
34,44,UL,0,0,0,0
34,45,DL,0,0,0,0
34,45,UL,0,0,0,0
34,46,DL,0,0,0,0
34,46,UL,0,0,0,0
34,47,DL,0,0,0,0
34,47,UL,0,0,0,0
34,48,DL,0,0,0,0
34,48,UL,0,0,0,0
34,49,DL,0,0,0,0
34,49,UL,0,0,0,0
36,0,DL,0,0,0,0
36,0,UL,0,0,0,0
36,1,DL,0.259199,0.0395291,1.07603,22.6891
36,1,UL,0,0,0,0
36,2,DL,0,0,0,0
36,2,UL,0,0,0,0
36,3,DL,0,0,0,0
36,3,UL,0,0,0,0
36,4,DL,0.195298,0.0255017,4.4626,93.3333
36,4,UL,0,0,0,0
36,5,DL,0,0,0,0
36,5,UL,0,0,0,0
36,6,DL,0,0,0,0
36,6,UL,0,0,0,0
36,7,DL,0.693467,0.0265056,2.58865,54.1667
36,7,UL,0,0,0,0
36,8,DL,0,0,0,0
36,8,UL,0,0,0,0
36,9,DL,0,0,0,0
36,9,UL,0,0,0,0
36,10,DL,0,0,0,0
36,10,UL,0,0,0,0
36,11,DL,0,0,0,0
36,11,UL,0,0,0,0
36,12,DL,0,0,0,0
36,12,UL,0,0,0,0
36,13,DL,0,0,0,0
36,13,UL,0,0,0,0
36,14,DL,0,0,0,0
36,14,UL,0,0,0,0
36,15,DL,0,0,0,0
36,15,UL,0,0,0,0
36,16,DL,0,0,0,0
36,16,UL,0,0,0,0
36,17,DL,0,0,0,0
36,17,UL,0,0,0,0
36,18,DL,0,0,0,0
36,18,UL,0,0,0,0
36,19,DL,0,0,0,0
36,19,UL,0,0,0,0
36,20,DL,0,0,0,0
36,20,UL,0,0,0,0
36,21,DL,0,0,0,0
36,21,UL,0,0,0,0
36,22,DL,4.41352,0.0695227,1.03637,21.8487
36,22,UL,0,0,0,0
36,23,DL,0,0,0,0
36,23,UL,0,0,0,0
36,24,DL,0,0,0,0
36,24,UL,0,0,0,0
36,25,DL,0.706939,0.0309507,2.86804,60.5042
36,25,UL,0,0,0,0
36,26,DL,1.25349,0.0253235,5.29827,110.833
36,26,UL,0,0,0,0
36,27,DL,0,0,0,0
36,27,UL,0,0,0,0
36,28,DL,0,0,0,0
36,28,UL,0,0,0,0
36,29,DL,0,0,0,0
36,29,UL,0,0,0,0
36,30,DL,0,0,0,0
36,30,UL,0,0,0,0
36,31,DL,0,0,0,0
36,31,UL,0,0,0,0
36,32,DL,0,0,0,0
36,32,UL,0,0,0,0
36,33,DL,0,0,0,0
36,33,UL,0,0,0,0
36,34,DL,0,0,0,0
36,34,UL,0,0,0,0
36,35,DL,0,0,0,0
36,35,UL,0,0,0,0
36,36,DL,0,0,0,0
36,36,UL,0,0,0,0
36,37,DL,0,0,0,0
36,37,UL,0,0,0,0
36,38,DL,0,0,0,0
36,38,UL,0,0,0,0
36,39,DL,0,0,0,0
36,39,UL,0,0,0,0
36,40,DL,0,0,0,0
36,40,UL,0,0,0,0
36,41,DL,2.08382,0.0378789,2.90822,60.8333
36,41,UL,0,0,0,0
36,42,DL,0,0,0,0
36,42,UL,0,0,0,0
36,43,DL,0.653968,0.0685627,0.876247,18.3333
36,43,UL,0,0,0,0
36,44,DL,0,0,0,0
36,44,UL,0,0,0,0
36,45,DL,0,0,0,0
36,45,UL,0,0,0,0
36,46,DL,0,0,0,0
36,46,UL,0,0,0,0
36,47,DL,0,0,0,0
36,47,UL,0,0,0,0
36,48,DL,0,0,0,0
36,48,UL,0,0,0,0
36,49,DL,0,0,0,0
36,49,UL,0,0,0,0
38,0,DL,0,0,0,0
38,0,UL,0,0,0,0
38,1,DL,0,0,0,0
38,1,UL,0,0,0,0
38,2,DL,0,0,0,0
38,2,UL,0,0,0,0
38,3,DL,0,0,0,0
38,3,UL,0,0,0,0
38,4,DL,0.227558,0.0288329,4.85984,102.521
38,4,UL,0,0,0,0
38,5,DL,0,0,0,0
38,5,UL,0,0,0,0
38,6,DL,0,0,0,0
38,6,UL,0,0,0,0
38,7,DL,0.786803,0.0460906,1.59352,33.0579
38,7,UL,0,0,0,0
38,8,DL,0,0,0,0
38,8,UL,0,0,0,0
38,9,DL,0,0,0,0
38,9,UL,0,0,0,0
38,10,DL,0,0,0,0
38,10,UL,0,0,0,0
38,11,DL,0,0,0,0
38,11,UL,0,0,0,0
38,12,DL,0,0,0,0
38,12,UL,0,0,0,0
38,13,DL,0,0,0,0
38,13,UL,0,0,0,0
38,14,DL,0,0,0,0
38,14,UL,0,0,0,0
38,15,DL,0,0,0,0
38,15,UL,0,0,0,0
38,16,DL,0,0,0,0
38,16,UL,0,0,0,0
38,17,DL,0,0,0,0
38,17,UL,0,0,0,0
38,18,DL,0,0,0,0
38,18,UL,0,0,0,0
38,19,DL,1.11057,0.0198733,2.91072,60.3306
38,19,UL,0,0,0,0
38,20,DL,0,0,0,0
38,20,UL,0,0,0,0
38,21,DL,0,0,0,0
38,21,UL,0,0,0,0
38,22,DL,3.54871,0.0470022,4.90155,102.5
38,22,UL,0,0,0,0
38,23,DL,0,0,0,0
38,23,UL,0,0,0,0
38,24,DL,0,0,0,0
38,24,UL,0,0,0,0
38,25,DL,0.292936,0.0252939,4.97963,105.042
38,25,UL,0,0,0,0
38,26,DL,1.31868,0.126131,0.239147,4.95868
38,26,UL,0,0,0,0
38,27,DL,0,0,0,0
38,27,UL,0,0,0,0
38,28,DL,0,0,0,0
38,28,UL,0,0,0,0
38,29,DL,0.207693,0.051748,2.42916,51.6949
38,29,UL,0,0,0,0
38,30,DL,0,0,0,0
38,30,UL,0,0,0,0
38,31,DL,0,0,0,0
38,31,UL,0,0,0,0
38,32,DL,0,0,0,0
38,32,UL,0,0,0,0
38,33,DL,0,0,0,0
38,33,UL,0,0,0,0
38,34,DL,0,0,0,0
38,34,UL,0,0,0,0
38,35,DL,0,0,0,0
38,35,UL,0,0,0,0
38,36,DL,0,0,0,0
38,36,UL,0,0,0,0
38,37,DL,0,0,0,0
38,37,UL,0,0,0,0
38,38,DL,0,0,0,0
38,38,UL,0,0,0,0
38,39,DL,0,0,0,0
38,39,UL,0,0,0,0
38,40,DL,0,0,0,0
38,40,UL,0,0,0,0
38,41,DL,1.2945,0.0200518,8.84529,186.555
38,41,UL,0,0,0,0
38,42,DL,0,0,0,0
38,42,UL,0,0,0,0
38,43,DL,0.565061,0.0305821,4.02181,84.1667
38,43,UL,0,0,0,0
38,44,DL,0,0,0,0
38,44,UL,0,0,0,0
38,45,DL,0,0,0,0
38,45,UL,0,0,0,0
38,46,DL,0,0,0,0
38,46,UL,0,0,0,0
38,47,DL,0,0,0,0
38,47,UL,0,0,0,0
38,48,DL,0,0,0,0
38,48,UL,0,0,0,0
38,49,DL,0,0,0,0
38,49,UL,0,0,0,0
