Time,UE,Delay,Jitter,Throughput,PDR,PLR
2,0,0,0,0,0,0
2,1,0,0,0,0,0
2,2,0,0,0,0,0
2,3,0,0,0,0,0
2,4,0,0,0,0,0
2,5,0,0,0,0,0
2,6,0,0,0,0,0
2,7,0,0,0,0,0
2,8,0,0,0,0,0
2,9,0,0,0,0,0
2,10,0,0,0,0,0
2,11,0,0,0,0,0
2,12,0,0,0,0,0
2,13,0,0,0,0,0
2,14,0,0,0,0,0
2,15,0,0,0,0,0
2,16,0,0,0,0,0
2,17,0,0,0,0,0
2,18,0,0,0,0,0
2,19,0,0,0,0,0
2,20,0,0,0,0,0
2,21,0,0,0,0,0
2,22,0,0,0,0,0
2,23,0,0,0,0,0
2,24,0,0,0,0,0
2,25,0,0,0,0,0
2,26,0,0,0,0,0
2,27,0,0,0,0,0
2,28,0,0,0,0,0
2,29,0,0,0,0,0
2,30,0,0,0,0,0
2,31,0,0,0,0,0
2,32,0,0,0,0,0
2,33,0,0,0,0,0
2,34,0,0,0,0,0
2,35,0,0,0,0,0
2,36,0,0,0,0,0
2,37,0,0,0,0,0
2,38,0,0,0,0,0
2,39,0,0,0,0,0
2,40,0,0,0,0,0
2,41,0,0,0,0,0
2,42,0,0,0,0,0
2,43,0,0,0,0,0
2,44,0,0,0,0,0
2,45,0,0,0,0,0
2,46,0,0,0,0,0
2,47,0,0,0,0,0
2,48,0,0,0,0,0
2,49,0,0,0,0,0
4,0,0,0,0,0,100
4,1,0.0330388,0.0380567,0.079456,76.4706,23.5294
4,2,0.104305,0,0.006112,5.26316,94.7368
4,3,0.0264771,0.0279297,0.067232,84.6154,15.3846
4,4,0.0427283,0.0444059,0.036672,46.1538,53.8462
4,5,0.00436962,0.00053492,0.085568,100,0
4,6,0.0442502,0.0429382,0.073344,70.5882,29.4118
4,7,0.0519219,0.0424516,0.055008,60,40
4,8,0.0744573,0.0294842,0.055008,50,50
4,9,0.0965004,0.05535,0.042784,35,65
4,10,0.0360411,0.0458252,0.09168,78.9474,21.0526
4,11,0.0364066,0.0361253,0.073344,75,25
4,12,0.0494325,0.0336481,0.067232,61.1111,38.8889
4,13,0.0358632,0.046099,0.073344,80,20
4,14,0.0148443,0.0159918,0.079456,92.8571,7.14286
4,15,0.0416839,0.0133439,0.048896,66.6667,33.3333
4,16,0.0867938,0.0164581,0.055008,56.25,43.75
4,17,0.0304333,0.046723,0.079456,81.25,18.75
4,18,0,0,0,0,100
4,19,0.0660501,0.0432493,0.06112,58.8235,41.1765
4,20,0.0257917,0.0111611,0.055008,56.25,43.75
4,21,0.0548685,0.0611509,0.067232,68.75,31.25
4,22,0.0324668,0.0299333,0.09168,75,25
4,23,0.00426147,0.000688574,0.067232,100,0
4,24,0.0539656,0.0444172,0.067232,61.1111,38.8889
4,25,0.00397064,0.00042006,0.103904,100,0
4,26,0.0138574,0.0193756,0.067232,84.6154,15.3846
4,27,0.0229231,0.0170655,0.110016,81.8182,18.1818
4,28,0.0584807,0.045203,0.085568,66.6667,33.3333
4,29,0.0897466,0.0141281,0.048896,47.0588,52.9412
4,30,0.0487164,0,0.006112,8.33333,91.6667
4,31,0.0290465,0.0328647,0.073344,75,25
4,32,0.0598198,0.0557361,0.073344,63.1579,36.8421
4,33,0.0390417,0.0396493,0.06112,66.6667,33.3333
4,34,0.0729425,0.031078,0.018336,23.0769,76.9231
4,35,0.0368263,0.0502915,0.097792,80,20
4,36,0,0,0,0,100
4,37,0.0850963,0.01877,0.03056,27.7778,72.2222
4,38,0.0366693,0.0392109,0.09168,78.9474,21.0526
4,39,0.0389442,0.0357573,0.067232,68.75,31.25
4,40,0.0793431,0.0638807,0.012224,16.6667,83.3333
4,41,0.0693542,0.0523587,0.055008,64.2857,35.7143
4,42,0.0446126,0.0468809,0.073344,75,25
4,43,0.053976,0.031,0.018336,17.6471,82.3529
4,44,0.0730749,0.042829,0.03056,45.4545,54.5455
4,45,0.0313844,0.0278746,0.067232,73.3333,26.6667
4,46,0.0728032,0.0390914,0.042784,53.8462,46.1538
4,47,0.0853514,0.0583961,0.036672,33.3333,66.6667
4,48,0.0603514,0.0487874,0.024448,25,75
4,49,0.0666156,0.0365822,0.048896,57.1429,42.8571
6,0,0,0,0,0,100
6,1,0.0236461,0.0229341,0.079456,100,0
6,2,0.104305,0,0,0,100
6,3,0.0370094,0.0402694,0.085568,73.6842,26.3158
6,4,0.0681791,0.0459247,0.012224,14.2857,85.7143
6,5,0.00814396,0.0065075,0.110016,94.7368,5.26316
6,6,0.0316582,0.034102,0.055008,90,10
6,7,0.045449,0.0517343,0.079456,81.25,18.75
6,8,0.0595383,0.0404028,0.036672,60,40
6,9,0.0805415,0.0565847,0.036672,33.3333,66.6667
6,10,0.0424665,0.0507899,0.073344,75,25
6,11,0.0543121,0.0370254,0.06112,62.5,37.5
6,12,0.0631486,0.0366863,0.06112,50,50
6,13,0.0382551,0.0397763,0.079456,65,35
6,14,0.0201083,0.0190057,0.116128,86.3636,13.6364
6,15,0.0573234,0.0233707,0.079456,68.4211,31.5789
6,16,0.0842365,0.0277766,0.03056,27.7778,72.2222
6,17,0.0284167,0.0389976,0.110016,85.7143,14.2857
6,18,0,0,0,0,100
6,19,0.0533211,0.0472731,0.067232,73.3333,26.6667
6,20,0.0345939,0.0252253,0.067232,61.1111,38.8889
6,21,0.0512302,0.0559451,0.067232,64.7059,35.2941
6,22,0.0190095,0.018551,0.12224,100,0
6,23,0.00770453,0.00769709,0.097792,94.1176,5.88235
6,24,0.0545036,0.0465074,0.073344,80,20
6,25,0.00368689,0.000258672,0.103904,100,0
6,26,0.0181473,0.0180217,0.140576,92,8
6,27,0.0333496,0.0305716,0.097792,80,20
6,28,0.0539129,0.0563767,0.06112,76.9231,23.0769
6,29,0.0760913,0.0386876,0.073344,66.6667,33.3333
6,30,0.115921,0.0672042,0.006112,6.66667,93.3333
6,31,0.0413262,0.0358097,0.079456,72.2222,27.7778
6,32,0.0535157,0.0512814,0.073344,75,25
6,33,0.0499183,0.0413004,0.012224,16.6667,83.3333
6,34,0.0805588,0.0234032,0.006112,7.69231,92.3077
6,35,0.0520587,0.0489947,0.055008,50,50
6,36,0,0,0,0,100
6,37,0.0604497,0.0342981,0.06112,71.4286,28.5714
6,38,0.0398607,0.0381637,0.079456,72.2222,27.7778
6,39,0.0297302,0.0330654,0.079456,100,0
6,40,0.10648,0.0370387,0.012224,12.5,87.5
6,41,0.0533344,0.0434374,0.073344,75,25
6,42,0.0497997,0.050087,0.073344,63.1579,36.8421
6,43,0.0666581,0.046682,0.006112,5.88235,94.1176
6,44,0.0705254,0.0528383,0.048896,42.1053,57.8947
6,45,0.0213315,0.0163067,0.085568,77.7778,22.2222
6,46,0.0616934,0.0459472,0.055008,69.2308,30.7692
6,47,0.0963236,0.0560782,0.036672,40,60
6,48,0.0619495,0.0393599,0.018336,17.6471,82.3529
6,49,0.057184,0.0482567,0.079456,72.2222,27.7778
8,0,0,0,0,0,100
8,1,0.0223162,0.0243157,0.09168,88.2353,11.7647
8,2,0.104305,0,0,0,100
8,3,0.0365807,0.039149,0.079456,76.4706,23.5294
8,4,0.0850651,0.0473848,0.024448,23.5294,76.4706
8,5,0.00671563,0.00450636,0.09168,100,0
8,6,0.0356014,0.0426476,0.048896,66.6667,33.3333
8,7,0.0491276,0.0545026,0.067232,73.3333,26.6667
8,8,0.0654141,0.04551,0.048896,53.3333,46.6667
8,9,0.0836086,0.0679679,0.018336,15.7895,84.2105
8,10,0.0323309,0.0368029,0.079456,76.4706,23.5294
8,11,0.0487893,0.0404899,0.073344,80,20
8,12,0.0681038,0.0433534,0.073344,66.6667,33.3333
8,13,0.0443838,0.0398526,0.085568,82.3529,17.6471
8,14,0.0198516,0.0214529,0.09168,88.2353,11.7647
8,15,0.0479814,0.0250289,0.079456,76.4706,23.5294
8,16,0.0812231,0.0386013,0.042784,43.75,56.25
8,17,0.022087,0.028227,0.116128,95,5
8,18,0,0,0,0,100
8,19,0.0624613,0.0442795,0.06112,62.5,37.5
8,20,0.046524,0.029892,0.042784,43.75,56.25
8,21,0.0529537,0.0482287,0.067232,57.8947,42.1053
8,22,0.0172041,0.016984,0.09168,93.75,6.25
8,23,0.00597727,0.00445297,0.12224,100,0
8,24,0.0608819,0.047818,0.055008,50,50
8,25,0.00357907,0.000220741,0.085568,100,0
8,26,0.0170715,0.0173201,0.079456,92.8571,7.14286
8,27,0.0327708,0.0275547,0.067232,73.3333,26.6667
8,28,0.0529944,0.0535723,0.067232,68.75,31.25
8,29,0.0713435,0.0485605,0.073344,63.1579,36.8421
8,30,0.115921,0.0672042,0,0,100
8,31,0.0373634,0.0314742,0.079456,81.25,18.75
8,32,0.0456195,0.0447032,0.103904,85,15
8,33,0.0633434,0.0374892,0.036672,37.5,62.5
8,34,0.0890952,0.0226892,0.006112,5.88235,94.1176
8,35,0.0518177,0.044586,0.067232,78.5714,21.4286
8,36,0,0,0,0,100
8,37,0.0554275,0.0412874,0.09168,68.1818,31.8182
8,38,0.0384897,0.033755,0.073344,80,20
8,39,0.0210074,0.0220759,0.073344,100,0
8,40,0.0808829,0.0507859,0.012224,15.3846,84.6154
8,41,0.0471226,0.0404007,0.085568,70,30
8,42,0.0548097,0.0473633,0.055008,75,25
8,43,0.0622456,0.0493673,0.006112,7.69231,92.3077
8,44,0.0674956,0.0498503,0.036672,46.1538,53.8462
8,45,0.027278,0.0207061,0.085568,93.3333,6.66667
8,46,0.0664511,0.0412625,0.055008,56.25,43.75
8,47,0.0924885,0.0568037,0.018336,17.6471,82.3529
8,48,0.0826624,0.039556,0.024448,26.6667,73.3333
8,49,0.0651135,0.0410995,0.06112,55.5556,44.4444
10,0,0,0,0,0,100
10,1,0.0163887,0.0166404,0.116128,100,0
10,2,0.104305,0,0,0,100
10,3,0.0434822,0.0420537,0.085568,70,30
10,4,0.0797829,0.0531112,0.03056,29.4118,70.5882
10,5,0.00598969,0.0034327,0.09168,100,0
10,6,0.0404717,0.0418515,0.09168,75,25
10,7,0.0499053,0.0499714,0.055008,69.2308,30.7692
10,8,0.069716,0.0463186,0.06112,55.5556,44.4444
10,9,0.0788787,0.0639719,0.006112,5.88235,94.1176
10,10,0.0352211,0.0394192,0.079456,92.8571,7.14286
10,11,0.0478883,0.0369621,0.079456,68.4211,31.5789
10,12,0.0642945,0.0418074,0.042784,70,30
10,13,0.0395869,0.0383808,0.079456,86.6667,13.3333
10,14,0.0186307,0.0201575,0.079456,92.8571,7.14286
10,15,0.0488429,0.0307448,0.06112,76.9231,23.0769
10,16,0.0790746,0.0382264,0.06112,55.5556,44.4444
10,17,0.019719,0.0244246,0.097792,94.1176,5.88235
10,18,0,0,0,0,100
10,19,0.0571597,0.044554,0.067232,91.6667,8.33333
10,20,0.0544921,0.0295071,0.073344,60,40
10,21,0.0559548,0.0480427,0.06112,58.8235,41.1765
10,22,0.0184766,0.016936,0.073344,85.7143,14.2857
10,23,0.00749282,0.00630827,0.110016,94.7368,5.26316
10,24,0.0634443,0.0488312,0.073344,80,20
10,25,0.00374204,0.000222373,0.097792,100,0
10,26,0.0181769,0.0196017,0.079456,86.6667,13.3333
10,27,0.0409482,0.0285761,0.067232,61.1111,38.8889
10,28,0.0470009,0.0495115,0.09168,78.9474,21.0526
10,29,0.0695381,0.046633,0.067232,52.381,47.619
10,30,0.131748,0.0513773,0.006112,5.55556,94.4444
10,31,0.0403208,0.0403653,0.055008,56.25,43.75
10,32,0.0460056,0.0437968,0.06112,66.6667,33.3333
10,33,0.0682225,0.0359893,0.024448,28.5714,71.4286
10,34,0.0915042,0.0221895,0.006112,7.14286,92.8571
10,35,0.0551151,0.0461942,0.042784,63.6364,36.3636
10,36,0,0,0,0,100
10,37,0.0574762,0.0454913,0.079456,68.4211,31.5789
10,38,0.0398859,0.0357486,0.055008,81.8182,18.1818
10,39,0.018163,0.0188478,0.103904,94.4444,5.55556
10,40,0.0968632,0.0549569,0.012224,15.3846,84.6154
10,41,0.0493171,0.0375472,0.048896,66.6667,33.3333
10,42,0.0521676,0.0455618,0.067232,64.7059,35.2941
10,43,0.0504392,0.0592609,0.03056,27.7778,72.2222
10,44,0.0626764,0.0426013,0.042784,50,50
10,45,0.0348277,0.0265653,0.067232,55,45
10,46,0.0744951,0.0426798,0.055008,47.3684,52.6316
10,47,0.0916635,0.0456029,0.055008,39.1304,60.8696
10,48,0.0814212,0.0395282,0.012224,16.6667,83.3333
10,49,0.0719867,0.0385811,0.067232,47.8261,52.1739
12,0,0,0,0,0,100
12,1,0.0176344,0.0192369,0.116128,86.3636,13.6364
12,2,0.104305,0,0,0,100
12,3,0.0477071,0.0433488,0.06112,58.8235,41.1765
12,4,0.0789287,0.0452527,0.055008,56.25,43.75
12,5,0.00549947,0.00270353,0.103904,100,0
12,6,0.0425405,0.0436504,0.067232,57.8947,42.1053
12,7,0.0511579,0.0494055,0.055008,56.25,43.75
12,8,0.0641457,0.0452058,0.06112,55.5556,44.4444
12,9,0.079263,0.0567674,0.03056,26.3158,73.6842
12,10,0.0302303,0.0317926,0.116128,90.4762,9.52381
12,11,0.0477318,0.0383599,0.079456,72.2222,27.7778
12,12,0.0658466,0.0435493,0.079456,65,35
12,13,0.0387616,0.0374532,0.073344,70.5882,29.4118
12,14,0.0168009,0.0178454,0.116128,95,5
12,15,0.0402943,0.0290212,0.079456,81.25,18.75
12,16,0.0766071,0.0421045,0.055008,60,40
12,17,0.0172857,0.0213254,0.116128,95,5
12,18,0,0,0,0,100
12,19,0.0539236,0.0464092,0.085568,77.7778,22.2222
12,20,0.0569406,0.0334504,0.048896,61.5385,38.4615
12,21,0.0616812,0.047037,0.067232,61.1111,38.8889
12,22,0.0161149,0.014237,0.073344,100,0
12,23,0.00671839,0.00488301,0.116128,100,0
12,24,0.0607128,0.0461291,0.079456,65,35
12,25,0.00370341,0.00018731,0.097792,100,0
12,26,0.021341,0.022689,0.079456,81.25,18.75
12,27,0.0404982,0.0310535,0.067232,84.6154,15.3846
12,28,0.0503186,0.0497745,0.067232,64.7059,35.2941
12,29,0.0699939,0.0460543,0.06112,52.6316,47.3684
12,30,0.0812842,0.0451225,0.024448,22.2222,77.7778
12,31,0.0443441,0.0438081,0.09168,78.9474,21.0526
12,32,0.0495232,0.0444066,0.048896,66.6667,33.3333
12,33,0.0736571,0.0325581,0.024448,36.3636,63.6364
12,34,0.0989935,0.0247882,0.006112,6.25,93.75
12,35,0.0609631,0.0431602,0.06112,55.5556,44.4444
12,36,0,0,0,0,100
12,37,0.0554235,0.0421375,0.067232,61.1111,38.8889
12,38,0.0432516,0.0395385,0.079456,68.4211,31.5789
12,39,0.0178974,0.0187481,0.067232,91.6667,8.33333
12,40,0.0772783,0.0530671,0.036672,35.2941,64.7059
12,41,0.0532001,0.0391863,0.073344,66.6667,33.3333
12,42,0.0511957,0.0481961,0.09168,78.9474,21.0526
12,43,0.0570773,0.0642944,0.042784,36.8421,63.1579
12,44,0.0600169,0.0401041,0.06112,62.5,37.5
12,45,0.0387558,0.0301492,0.073344,85.7143,14.2857
12,46,0.0696141,0.0428661,0.073344,66.6667,33.3333
12,47,0.0863434,0.0530915,0.042784,53.8462,46.1538
12,48,0.071733,0.0371884,0.012224,15.3846,84.6154
12,49,0.0696922,0.0386706,0.067232,78.5714,21.4286
14,0,0,0,0,0,100
14,1,0.0196079,0.0202278,0.073344,70.5882,29.4118
14,2,0.104305,0,0,0,100
14,3,0.0491183,0.044866,0.085568,73.6842,26.3158
14,4,0.0829831,0.0441014,0.042784,36.8421,63.1579
14,5,0.00509482,0.00220994,0.110016,100,0
14,6,0.0438942,0.0451559,0.067232,91.6667,8.33333
14,7,0.0474598,0.0443516,0.079456,81.25,18.75
14,8,0.0672806,0.0456846,0.042784,46.6667,53.3333
14,9,0.0839443,0.0570744,0.012224,10.5263,89.4737
14,10,0.0288389,0.0309106,0.09168,83.3333,16.6667
14,11,0.0469444,0.0390997,0.055008,64.2857,35.7143
14,12,0.0600248,0.0422399,0.085568,77.7778,22.2222
14,13,0.0374712,0.0379623,0.09168,93.75,6.25
14,14,0.0177254,0.0167671,0.103904,85,15
14,15,0.0382771,0.03226,0.097792,88.8889,11.1111
14,16,0.0777811,0.0409737,0.048896,66.6667,33.3333
14,17,0.0153423,0.0183211,0.085568,100,0
14,18,0,0,0,0,100
14,19,0.0553713,0.0475363,0.042784,58.3333,41.6667
14,20,0.0511686,0.0318157,0.09168,75,25
14,21,0.0534248,0.0414833,0.079456,81.25,18.75
14,22,0.01355,0.0113327,0.116128,100,0
14,23,0.0061284,0.00395945,0.12224,100,0
14,24,0.0577369,0.0457921,0.085568,82.3529,17.6471
14,25,0.00364591,0.000154131,0.128352,100,0
14,26,0.0221174,0.0242037,0.073344,85.7143,14.2857
14,27,0.0332923,0.0259349,0.128352,95.4545,4.54545
14,28,0.0493995,0.0475369,0.06112,66.6667,33.3333
14,29,0.0700778,0.0465059,0.036672,40,60
14,30,0.0759445,0.0469379,0.06112,62.5,37.5
14,31,0.0405295,0.0410213,0.079456,86.6667,13.3333
14,32,0.0485085,0.0455605,0.079456,72.2222,27.7778
14,33,0.0702056,0.0337029,0.012224,12.5,87.5
14,34,0.100088,0.0237371,0.012224,13.3333,86.6667
14,35,0.0629255,0.0430248,0.055008,56.25,43.75
14,36,0.103325,0,0.006112,5.26316,94.7368
14,37,0.055323,0.0442263,0.067232,61.1111,38.8889
14,38,0.0414042,0.0398598,0.110016,81.8182,18.1818
14,39,0.0149442,0.0148196,0.103904,100,0
14,40,0.0771434,0.0464042,0.03056,26.3158,73.6842
14,41,0.0545983,0.04024,0.067232,64.7059,35.2941
14,42,0.0500124,0.0470851,0.09168,68.1818,31.8182
14,43,0.0604905,0.0595057,0.03056,38.4615,61.5385
14,44,0.0653629,0.0372184,0.03056,31.25,68.75
14,45,0.0395324,0.0320304,0.073344,75,25
14,46,0.0554332,0.0355203,0.110016,100,0
14,47,0.0838479,0.0501936,0.042784,31.8182,68.1818
14,48,0.0686272,0.0399996,0.018336,21.4286,78.5714
14,49,0.0639833,0.0388896,0.073344,70.5882,29.4118
16,0,0,0,0,0,100
16,1,0.0226056,0.0244348,0.079456,86.6667,13.3333
16,2,0.104305,0,0,0,100
16,3,0.0478292,0.044552,0.085568,77.7778,22.2222
16,4,0.0767123,0.0435543,0.024448,30.7692,69.2308
16,5,0.00491076,0.00195181,0.079456,92.8571,7.14286
16,6,0.0428394,0.0430422,0.079456,68.4211,31.5789
16,7,0.0485381,0.0467327,0.06112,83.3333,16.6667
16,8,0.0666461,0.0429942,0.073344,70.5882,29.4118
16,9,0.0834599,0.0572914,0.012224,15.3846,84.6154
16,10,0.0306573,0.0322204,0.073344,80,20
16,11,0.0477335,0.0388077,0.079456,76.4706,23.5294
16,12,0.0596472,0.0427828,0.055008,56.25,43.75
16,13,0.0320811,0.0319181,0.09168,100,0
16,14,0.0170604,0.0163055,0.09168,93.75,6.25
16,15,0.0373727,0.034715,0.09168,78.9474,21.0526
16,16,0.0740514,0.0383114,0.036672,33.3333,66.6667
16,17,0.0150543,0.0175513,0.097792,94.1176,5.88235
16,18,0.103741,0,0.006112,7.14286,92.8571
16,19,0.0539739,0.0461811,0.085568,73.6842,26.3158
16,20,0.0497114,0.0324624,0.048896,57.1429,42.8571
16,21,0.0490123,0.0382037,0.067232,73.3333,26.6667
16,22,0.011844,0.0093527,0.12224,100,0
16,23,0.00578868,0.00346655,0.097792,100,0
16,24,0.0577536,0.044103,0.06112,58.8235,41.1765
16,25,0.00364142,0.000149181,0.110016,100,0
16,26,0.0214759,0.0235395,0.067232,73.3333,26.6667
16,27,0.0321042,0.0258267,0.073344,85.7143,14.2857
16,28,0.05216,0.0452074,0.03056,55.5556,44.4444
16,29,0.074885,0.0470942,0.055008,52.9412,47.0588
16,30,0.0721867,0.047094,0.018336,21.4286,78.5714
16,31,0.0435596,0.0430227,0.097792,72.7273,27.2727
16,32,0.0467111,0.0446097,0.097792,84.2105,15.7895
16,33,0.0706749,0.0380285,0.024448,28.5714,71.4286
16,34,0.0965849,0.0257166,0.024448,25,75
16,35,0.0613797,0.0440326,0.06112,76.9231,23.0769
16,36,0.103325,0,0,0,100
16,37,0.0538859,0.0464261,0.09168,88.2353,11.7647
16,38,0.042212,0.0401248,0.06112,58.8235,41.1765
16,39,0.0147963,0.0147691,0.085568,93.3333,6.66667
16,40,0.0766295,0.0485905,0.024448,20,80
16,41,0.0521125,0.042002,0.073344,75,25
16,42,0.0500415,0.0479735,0.073344,85.7143,14.2857
16,43,0.068217,0.0547633,0.048896,53.3333,46.6667
16,44,0.0643965,0.0378795,0.036672,33.3333,66.6667
16,45,0.0392082,0.0307027,0.079456,65,35
16,46,0.0583543,0.035528,0.055008,64.2857,35.7143
16,47,0.0820094,0.0487084,0.024448,33.3333,66.6667
16,48,0.0726773,0.0401129,0.006112,7.14286,92.8571
16,49,0.0633142,0.038966,0.079456,68.4211,31.5789
18,0,0,0,0,0,100
18,1,0.0264719,0.0255585,0.048896,57.1429,42.8571
18,2,0.104305,0,0,0,100
18,3,0.0473764,0.0426773,0.067232,73.3333,26.6667
18,4,0.0805879,0.0463584,0.036672,40,60
18,5,0.00707954,0.0050094,0.079456,92.8571,7.14286
18,6,0.0451591,0.042464,0.067232,64.7059,35.2941
18,7,0.0492324,0.0452754,0.079456,65,35
18,8,0.0700148,0.0406756,0.048896,47.0588,52.9412
18,9,0.080623,0.0574004,0.012224,12.5,87.5
18,10,0.0303845,0.033851,0.06112,83.3333,16.6667
18,11,0.0461494,0.0377265,0.079456,81.25,18.75
18,12,0.0600533,0.0426121,0.079456,72.2222,27.7778
18,13,0.0304205,0.0304969,0.067232,91.6667,8.33333
18,14,0.0162729,0.0151832,0.09168,93.75,6.25
18,15,0.0392938,0.0356641,0.06112,66.6667,33.3333
18,16,0.0761049,0.0410871,0.042784,36.8421,63.1579
18,17,0.0137201,0.0155366,0.09168,100,0
18,18,0.103741,0,0,0,100
18,19,0.0521728,0.0437817,0.073344,75,25
18,20,0.0501174,0.0352727,0.073344,80,20
18,21,0.051058,0.0385122,0.085568,66.6667,33.3333
18,22,0.0108932,0.00833134,0.085568,100,0
18,23,0.00543764,0.00295443,0.128352,100,0
18,24,0.0569861,0.0453915,0.085568,73.6842,26.3158
18,25,0.00364057,0.000139145,0.116128,100,0
18,26,0.0246505,0.025414,0.09168,88.2353,11.7647
18,27,0.0314136,0.0274152,0.067232,84.6154,15.3846
18,28,0.0535751,0.0471484,0.079456,72.2222,27.7778
18,29,0.0741363,0.0459959,0.055008,47.3684,52.6316
18,30,0.0779118,0.0454507,0.036672,37.5,62.5
18,31,0.0445969,0.0418238,0.03056,45.4545,54.5455
18,32,0.0486255,0.0453686,0.06112,62.5,37.5
18,33,0.0716537,0.0409626,0.024448,25,75
18,34,0.0965849,0.0257166,0,0,100
18,35,0.0628097,0.0438199,0.024448,44.4444,55.5556
18,36,0.103325,0,0,0,100
18,37,0.0480559,0.0428611,0.097792,88.8889,11.1111
18,38,0.0426091,0.0395405,0.09168,88.2353,11.7647
18,39,0.0130999,0.0125365,0.103904,100,0
18,40,0.0804332,0.0453809,0.042784,43.75,56.25
18,41,0.0529865,0.0437339,0.073344,75,25
18,42,0.0477743,0.0457158,0.079456,72.2222,27.7778
18,43,0.0652959,0.0511787,0.036672,35.2941,64.7059
18,44,0.0678993,0.0385859,0.055008,40.9091,59.0909
18,45,0.0427794,0.033107,0.079456,68.4211,31.5789
18,46,0.0557185,0.0371533,0.079456,72.2222,27.7778
18,47,0.0730111,0.0460761,0.055008,64.2857,35.7143
18,48,0.0726773,0.0401129,0,0,100
18,49,0.0616567,0.0396355,0.055008,56.25,43.75
20,0,0,0,0,0,100
20,1,0.0273017,0.0267089,0.085568,73.6842,26.3158
20,2,0.104305,0,0,0,100
20,3,0.0457411,0.0408027,0.073344,85.7143,14.2857
20,4,0.0759214,0.0492411,0.042784,36.8421,63.1579
20,5,0.00767854,0.00589005,0.097792,94.1176,5.88235
20,6,0.0430851,0.0428394,0.067232,78.5714,21.4286
20,7,0.0484283,0.0447458,0.06112,66.6667,33.3333
20,8,0.0637474,0.0412816,0.097792,94.1176,5.88235
20,9,0.0809497,0.060913,0.018336,17.6471,82.3529
20,10,0.0300251,0.0338011,0.073344,85.7143,14.2857
20,11,0.0442097,0.0376464,0.085568,77.7778,22.2222
20,12,0.0599509,0.042374,0.048896,57.1429,42.8571
20,13,0.027023,0.0272164,0.12224,95.2381,4.7619
20,14,0.0149411,0.0143022,0.09168,93.75,6.25
20,15,0.0385354,0.0363635,0.055008,81.8182,18.1818
20,16,0.0780429,0.0395184,0.042784,38.8889,61.1111
20,17,0.0134462,0.0149953,0.110016,94.7368,5.26316
20,18,0.103741,0,0,0,100
20,19,0.0497546,0.0441321,0.079456,72.2222,27.7778
20,20,0.0512189,0.0373667,0.073344,75,25
20,21,0.0533638,0.0398361,0.067232,64.7059,35.2941
20,22,0.0101405,0.00750476,0.09168,100,0
20,23,0.00527383,0.00263036,0.110016,94.7368,5.26316
20,24,0.0584886,0.046651,0.073344,66.6667,33.3333
20,25,0.00369229,0.000165934,0.128352,100,0
20,26,0.0262385,0.0267387,0.067232,78.5714,21.4286
20,27,0.0290098,0.0258524,0.097792,94.1176,5.88235
20,28,0.0556833,0.0470288,0.079456,56.5217,43.4783
20,29,0.0744097,0.0450843,0.036672,46.1538,53.8462
20,30,0.078048,0.0427882,0.024448,25,75
20,31,0.0461556,0.0418108,0.073344,80,20
20,32,0.0496857,0.0465977,0.073344,60,40
20,33,0.0725504,0.0398846,0.006112,11.1111,88.8889
20,34,0.0935636,0.0262957,0.012224,11.1111,88.8889
20,35,0.0614878,0.0440929,0.09168,83.3333,16.6667
20,36,0.103325,0,0,0,100
20,37,0.0457509,0.0414357,0.073344,75,25
20,38,0.0422797,0.0416571,0.067232,64.7059,35.2941
20,39,0.0140409,0.0133712,0.103904,89.4737,10.5263
20,40,0.0811902,0.0451451,0.055008,52.9412,47.0588
20,41,0.0513436,0.0450061,0.073344,70.5882,29.4118
20,42,0.0477864,0.0465479,0.110016,81.8182,18.1818
20,43,0.0673188,0.0485067,0.012224,12.5,87.5
20,44,0.0710614,0.0361391,0.042784,46.6667,53.3333
20,45,0.0444527,0.0361931,0.079456,76.4706,23.5294
20,46,0.0527086,0.0363219,0.079456,76.4706,23.5294
20,47,0.0723264,0.0466779,0.042784,43.75,56.25
20,48,0.0726773,0.0401129,0,0,100
20,49,0.061037,0.0417612,0.073344,70.5882,29.4118
22,0,0,0,0,0,100
22,1,0.0305799,0.027856,0.06112,66.6667,33.3333
22,2,0.103952,0.000352678,0.006112,5,95
22,3,0.0438616,0.0399278,0.09168,75,25
22,4,0.0731811,0.0485565,0.024448,30.7692,69.2308
22,5,0.00826279,0.00671429,0.079456,86.6667,13.3333
22,6,0.0442193,0.0454857,0.06112,66.6667,33.3333
22,7,0.0500929,0.0460657,0.073344,66.6667,33.3333
22,8,0.063536,0.0409613,0.036672,40,60
22,9,0.0809497,0.060913,0,0,100
22,10,0.0298131,0.0342693,0.06112,83.3333,16.6667
22,11,0.0425447,0.0366946,0.067232,78.5714,21.4286
22,12,0.0597245,0.0421571,0.06112,71.4286,28.5714
22,13,0.0238142,0.0234941,0.12224,100,0
22,14,0.0174706,0.0161478,0.097792,80,20
22,15,0.0376477,0.0363628,0.067232,91.6667,8.33333
22,16,0.0765036,0.0417305,0.06112,50,50
22,17,0.0132528,0.0145862,0.110016,94.7368,5.26316
22,18,0.103925,0.000183191,0.006112,5.55556,94.4444
22,19,0.0491282,0.0437762,0.09168,83.3333,16.6667
22,20,0.0502192,0.0388599,0.103904,73.913,26.087
22,21,0.0540185,0.0405554,0.055008,64.2857,35.7143
22,22,0.00949572,0.00675382,0.097792,100,0
22,23,0.00513081,0.00232373,0.134464,100,0
22,24,0.0567028,0.0449266,0.079456,76.4706,23.5294
22,25,0.00369112,0.000158914,0.079456,100,0
22,26,0.023815,0.0246604,0.12224,95.2381,4.7619
22,27,0.0272724,0.0245335,0.09168,88.2353,11.7647
22,28,0.0535395,0.0457743,0.073344,100,0
22,29,0.0722844,0.0449207,0.036672,46.1538,53.8462
22,30,0.0765888,0.0432321,0.012224,14.2857,85.7143
22,31,0.047598,0.0429381,0.079456,68.4211,31.5789
22,32,0.0490167,0.0465024,0.085568,82.3529,17.6471
22,33,0.0585371,0.0351383,0.103904,94.4444,5.55556
22,34,0.0926651,0.0324455,0.024448,20,80
22,35,0.0617135,0.0423272,0.055008,52.9412,47.0588
22,36,0.103325,0,0,0,100
22,37,0.0464924,0.0409416,0.085568,73.6842,26.3158
22,38,0.0445983,0.0423076,0.067232,57.8947,42.1053
22,39,0.0146881,0.0143041,0.085568,77.7778,22.2222
22,40,0.0812183,0.0450645,0.036672,46.1538,53.8462
22,41,0.0533591,0.0450159,0.097792,72.7273,27.2727
22,42,0.0462149,0.0454188,0.06112,66.6667,33.3333
22,43,0.05845,0.0421415,0.067232,68.75,31.25
22,44,0.0686771,0.0353916,0.042784,36.8421,63.1579
22,45,0.0459938,0.0378165,0.067232,61.1111,38.8889
22,46,0.0496946,0.0344525,0.103904,77.2727,22.7273
22,47,0.0702123,0.0484828,0.067232,50,50
22,48,0.0727893,0.0411367,0.012224,15.3846,84.6154
22,49,0.060728,0.0425102,0.06112,55.5556,44.4444
24,0,0,0,0,0,100
24,1,0.0331849,0.0286305,0.067232,61.1111,38.8889
24,2,0.103952,0.000352678,0,0,100
24,3,0.0445913,0.0401383,0.073344,80,20
24,4,0.0731811,0.0485565,0,0,100
24,5,0.0103898,0.00945966,0.09168,88.2353,11.7647
24,6,0.0443747,0.0442024,0.09168,78.9474,21.0526
24,7,0.0491317,0.0451775,0.09168,83.3333,16.6667
24,8,0.0649151,0.0406667,0.055008,50,50
24,9,0.0809497,0.060913,0,0,100
24,10,0.0311322,0.0354692,0.048896,72.7273,27.2727
24,11,0.0426141,0.0354731,0.042784,35,65
24,12,0.0597869,0.04193,0.067232,57.8947,42.1053
24,13,0.021905,0.0213018,0.09168,100,0
24,14,0.0171558,0.0159995,0.085568,87.5,12.5
24,15,0.037226,0.0370599,0.085568,77.7778,22.2222
24,16,0.0759586,0.0430374,0.036672,40,60
24,17,0.0123845,0.0132487,0.103904,100,0
24,18,0.103925,0.000183191,0,0,100
24,19,0.0481848,0.0443977,0.067232,68.75,31.25
24,20,0.0476954,0.0383578,0.09168,88.2353,11.7647
24,21,0.0533653,0.0414771,0.06112,58.8235,41.1765
24,22,0.00890811,0.00611792,0.103904,100,0
24,23,0.005018,0.0021643,0.110016,100,0
24,24,0.0550379,0.0456036,0.085568,73.6842,26.3158
24,25,0.00368605,0.000146309,0.110016,100,0
24,26,0.0253893,0.0250314,0.06112,66.6667,33.3333
24,27,0.0256313,0.0231787,0.103904,94.4444,5.55556
24,28,0.052722,0.0451546,0.036672,50,50
24,29,0.0707195,0.0450204,0.06112,47.619,52.381
24,30,0.0792937,0.0426788,0.036672,33.3333,66.6667
24,31,0.0466078,0.0425053,0.079456,81.25,18.75
24,32,0.0502525,0.0476888,0.042784,77.7778,22.2222
24,33,0.0590253,0.0352921,0.06112,55.5556,44.4444
24,34,0.0833935,0.0349185,0.024448,36.3636,63.6364
24,35,0.0617733,0.0433406,0.073344,66.6667,33.3333
24,36,0.103325,0,0,0,100
24,37,0.0487033,0.0411711,0.06112,62.5,37.5
24,38,0.0459192,0.0419467,0.085568,73.6842,26.3158
24,39,0.0154263,0.0154839,0.09168,100,0
24,40,0.0804126,0.0410051,0.036672,50,50
24,41,0.0536204,0.0459083,0.055008,69.2308,30.7692
24,42,0.044082,0.0448416,0.09168,100,0
24,43,0.0619494,0.0418479,0.042784,43.75,56.25
24,44,0.0692807,0.0350537,0.042784,38.8889,61.1111
24,45,0.0466947,0.0382916,0.067232,55,45
24,46,0.0490668,0.0348728,0.06112,76.9231,23.0769
24,47,0.0640596,0.0465362,0.09168,71.4286,28.5714
24,48,0.0727893,0.0411367,0,0,100
24,49,0.0599278,0.0427701,0.073344,75,25
26,0,0,0,0,0,100
26,1,0.0339588,0.0300589,0.079456,81.25,18.75
26,2,0.103952,0.000352678,0,0,100
26,3,0.0441294,0.0411817,0.067232,78.5714,21.4286
26,4,0.0737461,0.0487706,0.006112,6.66667,93.3333
26,5,0.0118975,0.0109021,0.067232,73.3333,26.6667
26,6,0.0459225,0.0458067,0.06112,62.5,37.5
26,7,0.0489751,0.0463695,0.067232,73.3333,26.6667
26,8,0.0663312,0.0406395,0.042784,41.1765,58.8235
26,9,0.0809497,0.060913,0,0,100
26,10,0.031835,0.0353021,0.073344,63.1579,36.8421
26,11,0.0434219,0.0356994,0.012224,15.3846,84.6154
26,12,0.0586177,0.0423509,0.073344,75,25
26,13,0.0206384,0.0198359,0.073344,100,0
26,14,0.0172114,0.016684,0.103904,94.4444,5.55556
26,15,0.0368788,0.0376205,0.085568,87.5,12.5
26,16,0.0744348,0.0437806,0.06112,52.6316,47.3684
26,17,0.0125691,0.0134626,0.073344,92.3077,7.69231
26,18,0.103816,0.000291794,0.006112,6.66667,93.3333
26,19,0.0481563,0.0443467,0.067232,84.6154,15.3846
26,20,0.0484362,0.0408194,0.067232,68.75,31.25
26,21,0.0533269,0.0422576,0.067232,68.75,31.25
26,22,0.00841169,0.00555083,0.110016,100,0
26,23,0.0049688,0.00201496,0.128352,100,0
26,24,0.0548356,0.0453079,0.073344,63.1579,36.8421
26,25,0.00365213,0.000135125,0.110016,100,0
26,26,0.0278778,0.0270897,0.06112,66.6667,33.3333
26,27,0.0241768,0.0219612,0.110016,100,0
26,28,0.0511867,0.0437212,0.055008,69.2308,30.7692
26,29,0.0714415,0.0453068,0.03056,26.3158,73.6842
26,30,0.0788156,0.0442053,0.024448,26.6667,73.3333
26,31,0.0444412,0.0418641,0.085568,82.3529,17.6471
26,32,0.0496968,0.0472819,0.085568,70,30
26,33,0.061335,0.0359361,0.06112,62.5,37.5
26,34,0.0827888,0.0370209,0.018336,17.6471,82.3529
26,35,0.0609973,0.0439515,0.079456,81.25,18.75
26,36,0.103325,0,0,0,100
26,37,0.0466213,0.0402471,0.073344,85.7143,14.2857
26,38,0.0459032,0.0418522,0.042784,50,50
26,39,0.0150563,0.0150401,0.110016,94.7368,5.26316
26,40,0.0730044,0.0404466,0.055008,60,40
26,41,0.0528024,0.0457938,0.055008,60,40
26,42,0.0420844,0.0429312,0.067232,84.6154,15.3846
26,43,0.063448,0.0397826,0.042784,58.3333,41.6667
26,44,0.0700229,0.0381465,0.042784,53.8462,46.1538
26,45,0.0468608,0.0380388,0.079456,81.25,18.75
26,46,0.0492509,0.0352558,0.06112,71.4286,28.5714
26,47,0.0637805,0.0456373,0.06112,62.5,37.5
26,48,0.075095,0.0428879,0.006112,7.14286,92.8571
26,49,0.0585048,0.0442842,0.073344,85.7143,14.2857
28,0,0,0,0,0,100
28,1,0.0351162,0.0319159,0.073344,63.1579,36.8421
28,2,0.103952,0.000352678,0,0,100
28,3,0.0415445,0.0389039,0.085568,87.5,12.5
28,4,0.0725783,0.0510261,0.048896,50,50
28,5,0.0117308,0.0107651,0.128352,100,0
28,6,0.0477276,0.0459473,0.067232,68.75,31.25
28,7,0.0505193,0.0458954,0.067232,55,45
28,8,0.064827,0.040505,0.055008,50,50
28,9,0.0809497,0.060913,0,0,100
28,10,0.0324549,0.0354805,0.09168,88.2353,11.7647
28,11,0.0427888,0.0350541,0.067232,68.75,31.25
28,12,0.0569406,0.0412817,0.09168,71.4286,28.5714
28,13,0.0187655,0.0176812,0.128352,100,0
28,14,0.0169927,0.0165305,0.085568,87.5,12.5
28,15,0.0337769,0.0341185,0.09168,100,0
28,16,0.0753355,0.0424407,0.018336,27.2727,72.7273
28,17,0.0123977,0.01314,0.12224,95.2381,4.7619
28,18,0.103816,0.000291794,0,0,100
28,19,0.0486988,0.0455536,0.079456,72.2222,27.7778
28,20,0.0461205,0.0391603,0.085568,82.3529,17.6471
28,21,0.0515125,0.0411778,0.097792,76.1905,23.8095
28,22,0.00806777,0.00511165,0.103904,100,0
28,23,0.00487891,0.00185094,0.12224,100,0
28,24,0.0548175,0.0440449,0.097792,80,20
28,25,0.003651,0.000129187,0.110016,100,0
28,26,0.029189,0.0284324,0.073344,75,25
28,27,0.0225236,0.020152,0.097792,100,0
28,28,0.0522187,0.0442486,0.079456,76.4706,23.5294
28,29,0.0709725,0.0457509,0.03056,31.25,68.75
28,30,0.0804154,0.0427737,0.048896,53.3333,46.6667
28,31,0.0447387,0.0415879,0.079456,68.4211,31.5789
28,32,0.0499223,0.047104,0.09168,75,25
28,33,0.0574529,0.0350942,0.097792,88.8889,11.1111
28,34,0.0791791,0.0377495,0.055008,56.25,43.75
28,35,0.0598791,0.0439273,0.097792,69.5652,30.4348
28,36,0.103325,0,0,0,100
28,37,0.0472744,0.042015,0.079456,68.4211,31.5789
28,38,0.0486136,0.041445,0.079456,56.5217,43.4783
28,39,0.0161622,0.0163202,0.110016,85.7143,14.2857
28,40,0.0697391,0.043414,0.079456,76.4706,23.5294
28,41,0.0535504,0.0465853,0.085568,73.6842,26.3158
28,42,0.0410765,0.0419238,0.110016,85.7143,14.2857
28,43,0.0669062,0.0397485,0.042784,36.8421,63.1579
28,44,0.0689696,0.037278,0.06112,58.8235,41.1765
28,45,0.0477713,0.0372741,0.067232,61.1111,38.8889
28,46,0.0488212,0.0360483,0.073344,75,25
28,47,0.0655035,0.0445929,0.055008,56.25,43.75
28,48,0.0691549,0.0443014,0.012224,11.1111,88.8889
28,49,0.0595052,0.0433405,0.048896,47.0588,52.9412
30,0,0,0,0,0,100
30,1,0.0357141,0.0333444,0.079456,76.4706,23.5294
30,2,0.103952,0.000352678,0,0,100
30,3,0.0399119,0.0372687,0.110016,90,10
30,4,0.0719001,0.0518457,0.036672,46.1538,53.8462
30,5,0.0125449,0.0119391,0.085568,87.5,12.5
30,6,0.0490018,0.0460372,0.067232,61.1111,38.8889
30,7,0.0520839,0.0454117,0.079456,72.2222,27.7778
30,8,0.0666955,0.040591,0.048896,44.4444,55.5556
30,9,0.0809497,0.060913,0,0,100
30,10,0.0337178,0.0362848,0.055008,75,25
30,11,0.042499,0.0344319,0.073344,75,25
30,12,0.0561363,0.0413015,0.079456,76.4706,23.5294
30,13,0.0178097,0.016573,0.079456,92.8571,7.14286
30,14,0.0166059,0.0161654,0.103904,85,15
30,15,0.0312628,0.0314663,0.12224,95.2381,4.7619
30,16,0.0751183,0.0424132,0.055008,50,50
30,17,0.0125505,0.0133294,0.073344,92.3077,7.69231
30,18,0.103816,0.000291794,0,0,100
30,19,0.0497424,0.0464028,0.067232,64.7059,35.2941
30,20,0.0471938,0.0409578,0.067232,61.1111,38.8889
30,21,0.0524794,0.0421252,0.055008,60,40
30,22,0.00774223,0.00476365,0.097792,100,0
30,23,0.00481205,0.00176051,0.079456,100,0
30,24,0.0541089,0.0446499,0.055008,52.9412,47.0588
30,25,0.00368187,0.000128836,0.097792,100,0
30,26,0.0302114,0.0290219,0.079456,72.2222,27.7778
30,27,0.0220774,0.0201525,0.06112,90.9091,9.09091
30,28,0.0518684,0.0450532,0.079456,68.4211,31.5789
30,29,0.0705696,0.0459301,0.012224,18.1818,81.8182
30,30,0.0778663,0.0457137,0.073344,66.6667,33.3333
30,31,0.0449807,0.0417987,0.085568,70,30
30,32,0.0508622,0.0475117,0.06112,66.6667,33.3333
30,33,0.0544127,0.0348679,0.09168,75,25
30,34,0.0650311,0.0358698,0.079456,72.2222,27.7778
30,35,0.059934,0.0433532,0.073344,75,25
30,36,0.103325,0,0,0,100
30,37,0.0469962,0.0430776,0.079456,76.4706,23.5294
30,38,0.0496745,0.041807,0.073344,60,40
30,39,0.0174184,0.0179758,0.06112,71.4286,28.5714
30,40,0.0651653,0.0429828,0.06112,55.5556,44.4444
30,41,0.0531901,0.045662,0.085568,70,30
30,42,0.0399655,0.0405095,0.079456,81.25,18.75
30,43,0.0656929,0.0402129,0.042784,53.8462,46.1538
30,44,0.0683139,0.037864,0.036672,50,50
30,45,0.0472603,0.0370086,0.073344,70.5882,29.4118
30,46,0.0475251,0.036245,0.079456,81.25,18.75
30,47,0.0640904,0.0453438,0.067232,64.7059,35.2941
30,48,0.0691549,0.0443014,0,0,100
30,49,0.0605368,0.043947,0.067232,61.1111,38.8889
32,0,0,0,0,0,100
32,1,0.0363814,0.0340464,0.067232,91.6667,8.33333
32,2,0.103952,0.000352678,0,0,100
32,3,0.037189,0.034494,0.09168,100,0
32,4,0.072474,0.0502348,0.042784,41.1765,58.8235
32,5,0.0139173,0.0137304,0.079456,81.25,18.75
32,6,0.0502873,0.0460869,0.073344,70.5882,29.4118
32,7,0.0520056,0.0462823,0.079456,72.2222,27.7778
32,8,0.0657209,0.039229,0.073344,66.6667,33.3333
32,9,0.0828992,0.0633687,0.006112,5,95
32,10,0.0335865,0.0366318,0.073344,80,20
32,11,0.043574,0.0358816,0.055008,60,40
32,12,0.0556243,0.0418243,0.06112,71.4286,28.5714
32,13,0.016887,0.0155212,0.085568,100,0
32,14,0.0168087,0.0164615,0.110016,100,0
32,15,0.0289122,0.0287792,0.103904,100,0
32,16,0.0723751,0.0417456,0.042784,53.8462,46.1538
32,17,0.0127403,0.0135707,0.067232,91.6667,8.33333
32,18,0.103816,0.000291794,0,0,100
32,19,0.0477754,0.044993,0.085568,87.5,12.5
32,20,0.0451738,0.0393042,0.110016,94.7368,5.26316
32,21,0.0523798,0.0427418,0.055008,81.8182,18.1818
32,22,0.00746966,0.00447023,0.09168,100,0
32,23,0.00477178,0.00168701,0.085568,100,0
32,24,0.0539315,0.0446333,0.067232,73.3333,26.6667
32,25,0.00368651,0.000127933,0.097792,100,0
32,26,0.0319778,0.0289264,0.067232,55,45
32,27,0.0203085,0.0181967,0.134464,100,0
32,28,0.0524388,0.0462429,0.067232,61.1111,38.8889
32,29,0.0704945,0.0456251,0.024448,20,80
32,30,0.0795952,0.0470963,0.012224,15.3846,84.6154
32,31,0.0461234,0.0420431,0.055008,75,25
32,32,0.0496092,0.0468177,0.097792,76.1905,23.8095
32,33,0.0520941,0.0328962,0.09168,71.4286,28.5714
32,34,0.0616606,0.0388096,0.067232,68.75,31.25
32,35,0.0587304,0.0434049,0.085568,73.6842,26.3158
32,36,0.103325,0,0,0,100
32,37,0.0476235,0.043768,0.073344,63.1579,36.8421
32,38,0.0496745,0.041807,0,0,100
32,39,0.0184755,0.0185521,0.067232,68.75,31.25
32,40,0.0657705,0.0438293,0.079456,76.4706,23.5294
32,41,0.0528267,0.0451389,0.079456,76.4706,23.5294
32,42,0.0369144,0.037086,0.103904,100,0
32,43,0.0645353,0.0391909,0.048896,47.0588,52.9412
32,44,0.0664243,0.0372783,0.055008,47.3684,52.6316
32,45,0.0483176,0.0375218,0.055008,47.3684,52.6316
32,46,0.0464493,0.0360451,0.073344,80,20
32,47,0.0647004,0.0447903,0.055008,64.2857,35.7143
32,48,0.0724275,0.0484156,0.006112,7.14286,92.8571
32,49,0.0577937,0.0428016,0.079456,76.4706,23.5294
34,0,0,0,0,0,100
34,1,0.0367695,0.0345307,0.085568,70,30
34,2,0.103952,0.000352678,0,0,100
34,3,0.0342459,0.0314806,0.116128,100,0
34,4,0.0729017,0.0493407,0.048896,50,50
34,5,0.0138756,0.0136825,0.067232,84.6154,15.3846
34,6,0.0507199,0.0444763,0.079456,65,35
34,7,0.0504065,0.0462307,0.067232,84.6154,15.3846
34,8,0.0632895,0.0382288,0.073344,75,25
34,9,0.0828992,0.0633687,0,0,100
34,10,0.0338088,0.0363017,0.06112,76.9231,23.0769
34,11,0.0446932,0.03721,0.03056,38.4615,61.5385
34,12,0.0567587,0.0425094,0.06112,55.5556,44.4444
34,13,0.0161031,0.014604,0.085568,100,0
34,14,0.0171907,0.0163797,0.067232,84.6154,15.3846
34,15,0.0272277,0.0268846,0.085568,100,0
34,16,0.0721321,0.0423011,0.036672,37.5,62.5
34,17,0.0143439,0.0149348,0.079456,76.4706,23.5294
34,18,0.119054,0.015511,0.006112,5.88235,94.1176
34,19,0.0490495,0.0454342,0.073344,57.1429,42.8571
34,20,0.0450823,0.0394472,0.073344,70.5882,29.4118
34,21,0.0534047,0.0434159,0.048896,47.0588,52.9412
34,22,0.00722366,0.00418281,0.103904,100,0
34,23,0.00473415,0.00161477,0.128352,100,0
34,24,0.0545756,0.045611,0.067232,64.7059,35.2941
34,25,0.00369312,0.000128199,0.073344,92.3077,7.69231
34,26,0.0332636,0.0288426,0.067232,84.6154,15.3846
34,27,0.0188835,0.0166504,0.128352,100,0
34,28,0.053232,0.0462033,0.042784,58.3333,41.6667
34,29,0.0714802,0.0467286,0.006112,7.14286,92.8571
34,30,0.0758289,0.0436745,0.06112,58.8235,41.1765
34,31,0.0471781,0.0418782,0.048896,61.5385,38.4615
34,32,0.0487516,0.0460954,0.073344,66.6667,33.3333
34,33,0.0513073,0.0334204,0.06112,76.9231,23.0769
34,34,0.0506025,0.03454,0.097792,76.1905,23.8095
34,35,0.0594015,0.0443299,0.06112,58.8235,41.1765
34,36,0.124853,0.021528,0.006112,7.14286,92.8571
34,37,0.047569,0.0445535,0.048896,66.6667,33.3333
34,38,0.0517072,0.041373,0.067232,64.7059,35.2941
34,39,0.0214846,0.019601,0.073344,75,25
34,40,0.063037,0.0438316,0.06112,66.6667,33.3333
34,41,0.051975,0.0453212,0.079456,81.25,18.75
34,42,0.0343077,0.0342174,0.103904,100,0
34,43,0.0639068,0.0399927,0.048896,42.1053,57.8947
34,44,0.0659791,0.0408586,0.073344,66.6667,33.3333
34,45,0.0488099,0.036511,0.067232,64.7059,35.2941
34,46,0.0472234,0.0366514,0.048896,66.6667,33.3333
34,47,0.0604173,0.0425391,0.097792,84.2105,15.7895
34,48,0.0724275,0.0484156,0,0,100
34,49,0.0586421,0.0436459,0.042784,58.3333,41.6667
