Time,UE,Delay,Jitter,Throughput,PDR,PLR
2,0,0,0,0,0,0
2,1,0,0,0,0,0
2,2,0,0,0,0,0
2,3,0,0,0,0,0
2,4,0,0,0,0,0
2,5,0,0,0,0,0
2,6,0,0,0,0,0
2,7,0,0,0,0,0
2,8,0,0,0,0,0
2,9,0,0,0,0,0
2,10,0,0,0,0,0
2,11,0,0,0,0,0
2,12,0,0,0,0,0
2,13,0,0,0,0,0
2,14,0,0,0,0,0
2,15,0,0,0,0,0
2,16,0,0,0,0,0
2,17,0,0,0,0,0
2,18,0,0,0,0,0
2,19,0,0,0,0,0
2,20,0,0,0,0,0
2,21,0,0,0,0,0
2,22,0,0,0,0,0
2,23,0,0,0,0,0
2,24,0,0,0,0,0
2,25,0,0,0,0,0
2,26,0,0,0,0,0
2,27,0,0,0,0,0
2,28,0,0,0,0,0
2,29,0,0,0,0,0
2,30,0,0,0,0,0
2,31,0,0,0,0,0
2,32,0,0,0,0,0
2,33,0,0,0,0,0
2,34,0,0,0,0,0
2,35,0,0,0,0,0
2,36,0,0,0,0,0
2,37,0,0,0,0,0
2,38,0,0,0,0,0
2,39,0,0,0,0,0
2,40,0,0,0,0,0
2,41,0,0,0,0,0
2,42,0,0,0,0,0
2,43,0,0,0,0,0
2,44,0,0,0,0,0
2,45,0,0,0,0,0
2,46,0,0,0,0,0
2,47,0,0,0,0,0
2,48,0,0,0,0,0
2,49,0,0,0,0,0
2,50,0,0,0,0,0
2,51,0,0,0,0,0
2,52,0,0,0,0,0
2,53,0,0,0,0,0
2,54,0,0,0,0,0
2,55,0,0,0,0,0
2,56,0,0,0,0,0
2,57,0,0,0,0,0
2,58,0,0,0,0,0
2,59,0,0,0,0,0
2,60,0,0,0,0,0
2,61,0,0,0,0,0
2,62,0,0,0,0,0
2,63,0,0,0,0,0
2,64,0,0,0,0,0
2,65,0,0,0,0,0
2,66,0,0,0,0,0
2,67,0,0,0,0,0
2,68,0,0,0,0,0
2,69,0,0,0,0,0
2,70,0,0,0,0,0
2,71,0,0,0,0,0
2,72,0,0,0,0,0
2,73,0,0,0,0,0
2,74,0,0,0,0,0
4,0,0.143531,0.0291233,0.220032,58.0645,41.9355
4,1,0.106405,0.0378856,0.33616,67.0732,32.9268
4,2,0.119967,0.0325626,0.299488,55.6818,44.3182
4,3,0.148914,0.0237802,0.018336,4.41176,95.5882
4,4,0.11984,0.0289666,0.299488,63.6364,36.3636
4,5,0.155675,0.0296332,0.201696,38.8235,61.1765
4,6,0.0972362,0.0223219,0.293376,64,36
4,7,0.0841144,0.0257447,0.42784,70.7071,29.2929
4,8,0.115512,0.0282208,0.21392,53.0303,46.9697
4,9,0.0470227,0.0133999,0.507296,92.2222,7.77778
4,10,0.126757,0.0266603,0.311712,68.9189,31.0811
4,11,0.0888643,0.0316282,0.262816,69.3548,30.6452
4,12,0.00399195,0.000220325,0.440064,100,0
4,13,0.177132,0.0489568,0.165024,30.6818,69.3182
4,14,0.13187,0.0313943,0.195584,50,50
4,15,0.128724,0.0283105,0.232256,63.3333,36.6667
4,16,0.11107,0.0369733,0.293376,67.6056,32.3944
4,17,0.0629911,0.019716,0.360608,86.7647,13.2353
4,18,0.178151,0.0271069,0.238368,44.8276,55.1724
4,19,0.131792,0.0294385,0.27504,54.878,45.122
4,20,0.149154,0.0339726,0.268928,53.6585,46.3415
4,21,0.163851,0.0224506,0.195584,42.1053,57.8947
4,22,0.135061,0.026749,0.18336,33.7079,66.2921
4,23,0.106306,0.0339152,0.128352,25.9259,74.0741
4,24,0.131653,0.0294724,0.128352,38.8889,61.1111
4,25,0.00548373,0.00209576,0.354496,98.3051,1.69492
4,26,0.119156,0.0390488,0.1528,29.0698,70.9302
4,27,0.184355,0.0165316,0.06112,10.5263,89.4737
4,28,0.174481,0.0346088,0.201696,44.5946,55.4054
4,29,0.169803,0.0315045,0.12224,29.4118,70.5882
4,30,0.114959,0.0310784,0.256704,56,44
4,31,0.00402278,0.000205685,0.323936,100,0
4,32,0.14313,0.0316319,0.226144,41.573,58.427
4,33,0.127704,0.0383208,0.195584,40.5063,59.4937
4,34,0.0976311,0.024573,0.403392,77.6471,22.3529
4,35,0.118381,0.0371113,0.262816,56.5789,43.4211
4,36,0.151083,0.0268995,0.128352,28.3784,71.6216
4,37,0.101021,0.0260197,0.36672,78.9474,21.0526
4,38,0.13692,0.0241786,0.055008,15.7895,84.2105
4,39,0.133428,0.0268184,0.140576,29.1139,70.8861
4,40,0.15344,0.0242564,0.189472,46.9697,53.0303
4,41,0.135453,0.0349917,0.207808,49.2754,50.7246
4,42,0.0377729,0.00822137,0.495072,95.2941,4.70588
4,43,0.053473,0.015019,0.403392,88,12
4,44,0.100476,0.0337204,0.24448,65.5738,34.4262
4,45,0.0581576,0.0162567,0.525632,87.7551,12.2449
4,46,0.16685,0.0312027,0.18336,35.7143,64.2857
4,47,0.15001,0.0267653,0.067232,15.942,84.058
4,48,0.135429,0.0262402,0.33616,68.75,31.25
4,49,0.108746,0.0244843,0.287264,67.1429,32.8571
4,50,0.140909,0.0259288,0.09168,22.3881,77.6119
4,51,0.122998,0.0281589,0.250592,50,50
4,52,0.124127,0.0366301,0.207808,43.038,56.962
4,53,0.136315,0.0317804,0.140576,28.75,71.25
4,54,0.147461,0.037964,0.27504,45.9184,54.0816
4,55,0.133121,0.0324891,0.201696,60,40
4,56,0.0105534,0.0031791,0.421728,98.5714,1.42857
4,57,0.0102615,0.00315935,0.433952,98.6111,1.38889
4,58,0.120835,0.0487588,0.110016,21.6867,78.3133
4,59,0.171528,0.0218784,0.073344,18.4615,81.5385
4,60,0.120022,0.0317166,0.1528,46.2963,53.7037
4,61,0.145382,0.029469,0.268928,44.898,55.102
4,62,0.00373016,0.000278744,0.360608,100,0
4,63,0.0364825,0.0113791,0.586752,92.3077,7.69231
4,64,0.157405,0.0357175,0.165024,39.7059,60.2941
4,65,0.113714,0.0351631,0.256704,66.6667,33.3333
4,66,0.0214176,0.00705644,0.495072,96.4286,3.57143
4,67,0.0973608,0.0252806,0.299488,76.5625,23.4375
4,68,0.107364,0.0254883,0.3056,66.6667,33.3333
4,69,0.00362067,0.000342738,0.482848,98.75,1.25
4,70,0.132475,0.0287966,0.27504,54.2169,45.7831
4,71,0.129353,0.0316505,0.165024,43.5484,56.4516
4,72,0.145337,0.0329416,0.281152,55.4217,44.5783
4,73,0.108413,0.0274982,0.421728,64.486,35.514
4,74,0.0593571,0.0251337,0.311712,68.9189,31.0811
6,0,0.1336,0.0268928,0.36672,62.5,37.5
6,1,0.110179,0.0323364,0.330048,58.6957,41.3043
6,2,0.135382,0.03183,0.391168,71.9101,28.0899
6,3,0.170609,0.0346213,0.097792,18.1818,81.8182
6,4,0.119026,0.0346483,0.220032,60,40
6,5,0.15331,0.0330541,0.177248,24.7863,75.2137
6,6,0.0963737,0.0251435,0.323936,70.6667,29.3333
6,7,0.0891169,0.0234773,0.440064,82.7586,17.2414
6,8,0.124982,0.0321765,0.311712,47.6636,52.3364
6,9,0.0253382,0.00686127,0.507296,100,0
6,10,0.11483,0.0263705,0.421728,75.8242,24.1758
6,11,0.109354,0.030064,0.342272,62.2222,37.7778
6,12,0.00391727,0.000174658,0.48896,100,0
6,13,0.170761,0.0501011,0.165024,35.5263,64.4737
6,14,0.136721,0.0307115,0.27504,57.6923,42.3077
6,15,0.119639,0.0288298,0.378944,71.2644,28.7356
6,16,0.120024,0.0332742,0.33616,70.5128,29.4872
6,17,0.063091,0.018155,0.476736,90.6977,9.30233
6,18,0.165651,0.0259676,0.177248,39.726,60.274
6,19,0.126854,0.030816,0.232256,64.4068,35.5932
6,20,0.137931,0.0343644,0.293376,47.5248,52.4752
6,21,0.158193,0.0276935,0.226144,51.3889,48.6111
6,22,0.13584,0.0299934,0.171136,43.0769,56.9231
6,23,0.130807,0.0302578,0.12224,22.2222,77.7778
6,24,0.139617,0.0316061,0.103904,26.1538,73.8462
6,25,0.0132632,0.00439509,0.653984,97.2727,2.72727
6,26,0.130585,0.0395605,0.207808,34.6939,65.3061
6,27,0.167622,0.0185566,0.079456,15.8537,84.1463
6,28,0.155728,0.0396068,0.177248,39.726,60.274
6,29,0.157622,0.0268637,0.158912,28.2609,71.7391
6,30,0.126066,0.0329696,0.299488,55.0562,44.9438
6,31,0.00391527,0.000256338,0.409504,97.1014,2.89855
6,32,0.142385,0.0325886,0.287264,54.023,45.977
6,33,0.129642,0.0344709,0.27504,46.875,53.125
6,34,0.0864462,0.022688,0.372832,81.3333,18.6667
6,35,0.128212,0.0325981,0.299488,61.25,38.75
6,36,0.149537,0.0377011,0.177248,38.1579,61.8421
6,37,0.093316,0.0260196,0.287264,77.0492,22.9508
6,38,0.128662,0.0354818,0.134464,26.1905,73.8095
6,39,0.141135,0.0292225,0.158912,27.957,72.043
6,40,0.149124,0.0318489,0.220032,50.7042,49.2958
6,41,0.145456,0.0329838,0.250592,41,59
6,42,0.0213187,0.00433667,0.464512,100,0
6,43,0.0434376,0.0136253,0.311712,94.4444,5.55556
6,44,0.120296,0.0340919,0.262816,57.3333,42.6667
6,45,0.0708747,0.0170337,0.470624,81.9149,18.0851
6,46,0.166864,0.030475,0.134464,24.7191,75.2809
6,47,0.143646,0.0389891,0.195584,47.7612,52.2388
6,48,0.094881,0.021709,0.421728,79.3103,20.6897
6,49,0.121986,0.0262393,0.372832,71.7647,28.2353
6,50,0.125281,0.0332387,0.177248,39.726,60.274
6,51,0.128259,0.0313433,0.24448,51.2821,48.7179
6,52,0.128025,0.0331132,0.134464,35.4839,64.5161
6,53,0.141057,0.0398521,0.12224,20.8333,79.1667
6,54,0.14106,0.0321959,0.250592,75.9259,24.0741
6,55,0.136599,0.0302164,0.403392,61.6822,38.3178
6,56,0.00986022,0.00281836,0.543968,98.8889,1.11111
6,57,0.00674695,0.0015726,0.531744,100,0
6,58,0.119335,0.0447417,0.067232,14.1026,85.8974
6,59,0.135044,0.0329673,0.110016,24,76
6,60,0.13644,0.0317704,0.311712,56.044,43.956
6,61,0.135621,0.0311262,0.24448,57.1429,42.8571
6,62,0.0135968,0.00255277,0.495072,97.5904,2.40964
6,63,0.0221551,0.00688064,0.4584,100,0
6,64,0.150524,0.0321138,0.220032,46.1538,53.8462
6,65,0.113881,0.031454,0.330048,56.25,43.75
6,66,0.0303111,0.0113394,0.262816,87.7551,12.2449
6,67,0.088784,0.0252108,0.317824,86.6667,13.3333
6,68,0.0949367,0.0289516,0.42784,83.3333,16.6667
6,69,0.00369015,0.000343605,0.495072,100,0
6,70,0.130582,0.0285402,0.354496,68.2353,31.7647
6,71,0.134967,0.03004,0.201696,43.4211,56.5789
6,72,0.142231,0.0310684,0.146688,39.3443,60.6557
6,73,0.110733,0.0299469,0.360608,72.8395,27.1605
6,74,0.0912789,0.0263964,0.543968,73.5537,26.4463
8,0,0.129145,0.028877,0.311712,50.495,49.505
8,1,0.11866,0.0315262,0.287264,81.0345,18.9655
8,2,0.13269,0.0323785,0.232256,43.6782,56.3218
8,3,0.157463,0.0385152,0.097792,19.7531,80.2469
8,4,0.124272,0.0328009,0.281152,55.4217,44.5783
8,5,0.148538,0.0311691,0.250592,54.6667,45.3333
8,6,0.110308,0.0261468,0.360608,83.0986,16.9014
8,7,0.0962199,0.023776,0.415616,81.9277,18.0723
8,8,0.123255,0.0298295,0.27504,54.2169,45.7831
8,9,0.0188364,0.0048747,0.42784,98.5915,1.40845
8,10,0.114433,0.027957,0.446176,62.3932,37.6068
8,11,0.109128,0.0317797,0.378944,71.2644,28.7356
8,12,0.00400762,0.000274958,0.647872,100,0
8,13,0.173958,0.0479371,0.171136,36.8421,63.1579
8,14,0.136703,0.0327051,0.268928,60.274,39.726
8,15,0.116917,0.0266255,0.421728,75.8242,24.1758
8,16,0.123135,0.0335732,0.3056,67.5676,32.4324
8,17,0.0657685,0.0176513,0.507296,91.2088,8.79121
8,18,0.162371,0.0290065,0.189472,36.0465,63.9535
8,19,0.131322,0.0295991,0.385056,70,30
8,20,0.136661,0.0347135,0.220032,64.2857,35.7143
8,21,0.154801,0.0268133,0.220032,48,52
8,22,0.136837,0.0310763,0.158912,29.8851,70.1149
8,23,0.132425,0.0327388,0.128352,33.871,66.129
8,24,0.140723,0.0310772,0.226144,41.573,58.427
8,25,0.0193324,0.00720267,0.433952,91.0256,8.97436
8,26,0.136701,0.0360264,0.201696,49.2537,50.7463
8,27,0.167368,0.0212318,0.048896,10.2564,89.7436
8,28,0.154412,0.0368224,0.1528,26.3158,73.6842
8,29,0.154518,0.0290647,0.226144,34.9057,65.0943
8,30,0.130252,0.0345205,0.299488,59.0361,40.9639
8,31,0.0115119,0.00445814,0.476736,96.2963,3.7037
8,32,0.141539,0.0316346,0.330048,65.8537,34.1463
8,33,0.136439,0.0339931,0.268928,64.7059,35.2941
8,34,0.0990629,0.0251247,0.342272,70.8861,29.1139
8,35,0.133678,0.0321536,0.342272,62.9213,37.0787
8,36,0.149052,0.0375481,0.250592,44.086,55.914
8,37,0.0527737,0.0143136,0.598976,100,0
8,38,0.138794,0.0345721,0.201696,38.3721,61.6279
8,39,0.137661,0.0319803,0.12224,31.25,68.75
8,40,0.146085,0.0338884,0.323936,55.2083,44.7917
8,41,0.140909,0.0338556,0.24448,49.3827,50.6173
8,42,0.0165934,0.00329619,0.348384,100,0
8,43,0.0503048,0.0171669,0.372832,85.9155,14.0845
8,44,0.120887,0.0348558,0.342272,65.1163,34.8837
8,45,0.0773755,0.0199075,0.36672,67.4157,32.5843
8,46,0.15764,0.0291623,0.24448,41.2371,58.7629
8,47,0.139889,0.033442,0.250592,42.7083,57.2917
8,48,0.0934585,0.0228321,0.391168,81.0127,18.9873
8,49,0.129123,0.0273391,0.42784,67.3077,32.6923
8,50,0.126482,0.0327369,0.085568,22.9508,77.0492
8,51,0.130067,0.0307111,0.36672,70.5882,29.4118
8,52,0.138112,0.030822,0.177248,31.5217,68.4783
8,53,0.144454,0.0397571,0.177248,33.7209,66.2791
8,54,0.138975,0.0314318,0.299488,49,51
8,55,0.13482,0.028105,0.348384,64.0449,35.9551
8,56,0.0118004,0.00414085,0.574528,96.9072,3.09278
8,57,0.00576257,0.00111424,0.4584,100,0
8,58,0.133631,0.0349162,0.21392,28.9256,71.0744
8,59,0.131096,0.0408419,0.140576,27.0588,72.9412
8,60,0.139603,0.0322068,0.299488,55.6818,44.3182
8,61,0.136232,0.034707,0.226144,44.0476,55.9524
8,62,0.0106516,0.00192446,0.360608,100,0
8,63,0.0183086,0.00562099,0.470624,98.7179,1.28205
8,64,0.150589,0.0352366,0.18336,31.25,68.75
8,65,0.119867,0.031317,0.24448,56.338,43.662
8,66,0.0449065,0.0154912,0.299488,69.0141,30.9859
8,67,0.0860375,0.0236403,0.421728,86.25,13.75
8,68,0.104574,0.0286467,0.342272,74.6667,25.3333
8,69,0.00366674,0.000333848,0.354496,100,0
8,70,0.128811,0.029638,0.293376,61.5385,38.4615
8,71,0.1397,0.0320613,0.287264,59.4937,40.5063
8,72,0.141079,0.0343994,0.232256,46.9136,53.0864
8,73,0.119217,0.0295391,0.385056,67.0213,32.9787
8,74,0.106102,0.0275755,0.232256,58.4615,41.5385
10,0,0.133335,0.0292855,0.250592,46.5909,53.4091
10,1,0.122381,0.0309509,0.36672,75,25
10,2,0.137414,0.0317788,0.287264,59.4937,40.5063
10,3,0.150936,0.0405722,0.055008,9.47368,90.5263
10,4,0.12874,0.0336966,0.299488,56.9767,43.0233
10,5,0.151008,0.031375,0.220032,40.9091,59.0909
10,6,0.108308,0.0271982,0.311712,60,40
10,7,0.0968211,0.0239294,0.33616,72.3684,27.6316
10,8,0.125972,0.0294966,0.342272,71.7949,28.2051
10,9,0.0153388,0.00379764,0.440064,100,0
10,10,0.11915,0.0298094,0.3056,70.4225,29.5775
10,11,0.108231,0.0317195,0.3056,83.3333,16.6667
10,12,0.00402944,0.000362999,0.409504,100,0
10,13,0.163634,0.0450562,0.21392,51.4706,48.5294
10,14,0.134251,0.0324796,0.378944,60.7843,39.2157
10,15,0.102465,0.025222,0.4584,84.2697,15.7303
10,16,0.119786,0.0335618,0.281152,71.875,28.125
10,17,0.0508934,0.0148591,0.513408,96.5517,3.44828
10,18,0.164016,0.0283157,0.256704,40,60
10,19,0.134264,0.0304471,0.299488,70,30
10,20,0.136022,0.0353386,0.177248,39.726,60.274
10,21,0.151592,0.0339904,0.158912,27.957,72.043
10,22,0.139129,0.030906,0.146688,44.4444,55.5556
10,23,0.135503,0.0333715,0.165024,29.3478,70.6522
10,24,0.149663,0.0317352,0.134464,25.2874,74.7126
10,25,0.0191881,0.00789398,0.537856,95.6522,4.34783
10,26,0.139321,0.0354698,0.195584,38.0952,61.9048
10,27,0.161244,0.0261801,0.097792,22.2222,77.7778
10,28,0.153597,0.035773,0.256704,42,58
10,29,0.151501,0.0290723,0.140576,24.4681,75.5319
10,30,0.131434,0.0334064,0.226144,48.6842,51.3158
10,31,0.0200316,0.00795235,0.464512,85.3933,14.6067
10,32,0.138806,0.0314543,0.3056,70.4225,29.5775
10,33,0.137589,0.0331644,0.27504,53.5714,46.4286
10,34,0.0986372,0.0245244,0.433952,73.9583,26.0417
10,35,0.136563,0.030505,0.256704,56.7568,43.2432
10,36,0.147798,0.0355161,0.201696,43.4211,56.5789
10,37,0.0376881,0.0111378,0.592864,100,0
10,38,0.139988,0.0345302,0.165024,34.1772,65.8228
10,39,0.143064,0.0310625,0.12224,27.3973,72.6027
10,40,0.146061,0.0325139,0.268928,57.1429,42.8571
10,41,0.141379,0.0329513,0.238368,50.6494,49.3506
10,42,0.0153941,0.00334093,0.354496,98.3051,1.69492
10,43,0.0500257,0.0160207,0.55008,89.1089,10.8911
10,44,0.125212,0.0332478,0.409504,67,33
10,45,0.0910331,0.0218187,0.464512,86.3636,13.6364
10,46,0.158224,0.0298461,0.110016,19.5652,80.4348
10,47,0.140037,0.0330367,0.207808,50.7463,49.2537
10,48,0.0828202,0.0205583,0.391168,100,0
10,49,0.129036,0.0272514,0.27504,55.5556,44.4444
10,50,0.134045,0.0322951,0.1528,29.7619,70.2381
10,51,0.13148,0.0305498,0.323936,59.5506,40.4494
10,52,0.148156,0.0323792,0.3056,45.8716,54.1284
10,53,0.142116,0.042577,0.048896,9.7561,90.2439
10,54,0.144093,0.0337514,0.201696,55,45
10,55,0.133168,0.0284214,0.299488,66.2162,33.7838
10,56,0.0140704,0.00504728,0.470624,96.25,3.75
10,57,0.00666424,0.00150715,0.513408,98.8235,1.17647
10,58,0.134749,0.0365011,0.140576,25.5556,74.4444
10,59,0.132326,0.0399222,0.238368,34.2105,65.7895
10,60,0.139454,0.0317561,0.311712,50.495,49.505
10,61,0.137843,0.0367018,0.158912,32.9114,67.0886
10,62,0.0150547,0.00315873,0.42784,89.7436,10.2564
10,63,0.0195153,0.00547882,0.6112,97.0874,2.91262
10,64,0.151039,0.0315311,0.21392,44.8718,55.1282
10,65,0.114322,0.0312288,0.348384,63.3333,36.6667
10,66,0.0626402,0.019627,0.446176,83.908,16.092
10,67,0.0832146,0.0227025,0.415616,73.1183,26.8817
10,68,0.0979615,0.0266581,0.354496,82.8571,17.1429
10,69,0.00511105,0.00098113,0.568416,98.9362,1.06383
10,70,0.124116,0.0310322,0.317824,66.6667,33.3333
10,71,0.137326,0.0317865,0.207808,45.9459,54.0541
10,72,0.1412,0.0324795,0.403392,59.4595,40.5405
10,73,0.12455,0.0296206,0.293376,75,25
10,74,0.111232,0.0285425,0.311712,62.963,37.037
12,0,0.134401,0.0305789,0.24448,45.4545,54.5455
12,1,0.116303,0.0295587,0.39728,69.1489,30.8511
12,2,0.13668,0.0318433,0.195584,45.7143,54.2857
12,3,0.149242,0.0405893,0.085568,15.2174,84.7826
12,4,0.130075,0.034321,0.323936,53,47
12,5,0.150141,0.0323151,0.140576,30.2632,69.7368
12,6,0.113785,0.0277027,0.299488,74.2424,25.7576
12,7,0.0998501,0.0247415,0.330048,73.9726,26.0274
12,8,0.126855,0.0287946,0.268928,50.5747,49.4253
12,9,0.0164267,0.00389231,0.507296,97.6471,2.35294
12,10,0.121319,0.0304195,0.3056,53.7634,46.2366
12,11,0.107086,0.0309951,0.317824,77.6119,22.3881
12,12,0.00398636,0.000348239,0.690656,100,0
12,13,0.149341,0.0414856,0.238368,46.988,53.012
12,14,0.130697,0.0340879,0.323936,63.0952,36.9048
12,15,0.102913,0.0252636,0.372832,67.033,32.967
12,16,0.114643,0.0318986,0.281152,66.6667,33.3333
12,17,0.0427152,0.0122828,0.391168,100,0
12,18,0.159029,0.0281459,0.232256,38.7755,61.2245
12,19,0.134631,0.0300545,0.36672,63.8298,36.1702
12,20,0.135265,0.0352747,0.1528,34.2466,65.7534
12,21,0.151448,0.0326464,0.146688,33.8028,66.1972
12,22,0.141824,0.031908,0.250592,51.8987,48.1013
12,23,0.136305,0.0354262,0.079456,24.0741,75.9259
12,24,0.147514,0.0335816,0.207808,36.1702,63.8298
12,25,0.0240578,0.00910148,0.317824,78.7879,21.2121
12,26,0.139763,0.0340782,0.1528,38.4615,61.5385
12,27,0.159392,0.0258302,0.018336,4.10959,95.8904
12,28,0.153691,0.0359837,0.250592,42.268,57.732
12,29,0.153996,0.0297282,0.238368,46.988,53.012
12,30,0.132009,0.0333503,0.287264,56.6265,43.3735
12,31,0.0365738,0.0112981,0.354496,79.4521,20.5479
12,32,0.13514,0.0300348,0.3056,60.241,39.759
12,33,0.136537,0.0331472,0.250592,63.0769,36.9231
12,34,0.0953543,0.0248594,0.342272,83.5821,16.4179
12,35,0.134741,0.0299531,0.287264,54.6512,45.3488
12,36,0.145993,0.0372711,0.238368,48.1481,51.8519
12,37,0.0351855,0.0103146,0.48896,95.2381,4.7619
12,38,0.139161,0.0337613,0.268928,49.4382,50.5618
12,39,0.143781,0.0342881,0.250592,44.086,55.914
12,40,0.14327,0.0330923,0.256704,50.6024,49.3976
12,41,0.136799,0.0345562,0.201696,38.8235,61.1765
12,42,0.0122686,0.00248509,0.605088,100,0
12,43,0.0456828,0.0147832,0.525632,97.7273,2.27273
12,44,0.128408,0.0315911,0.39728,63.7255,36.2745
12,45,0.0931798,0.0232891,0.342272,70.8861,29.1139
12,46,0.156844,0.0290186,0.158912,35.6164,64.3836
12,47,0.139947,0.0323998,0.110016,27.6923,72.3077
12,48,0.0798348,0.0202902,0.415616,83.9506,16.0494
12,49,0.131176,0.0279828,0.36672,73.1707,26.8293
12,50,0.133372,0.0355552,0.085568,17.5,82.5
12,51,0.129595,0.0316264,0.342272,65.8824,34.1176
12,52,0.148089,0.0314559,0.165024,39.1304,60.8696
12,53,0.145864,0.0399188,0.1528,28.7356,71.2644
12,54,0.141047,0.0341479,0.27504,47.3684,52.6316
12,55,0.128917,0.0279931,0.501184,72.5664,27.4336
12,56,0.0127039,0.00442052,0.617312,98.0583,1.94175
12,57,0.00602668,0.0011988,0.543968,98.8889,1.11111
12,58,0.138035,0.0355008,0.232256,44.7059,55.2941
12,59,0.134215,0.0382212,0.134464,36.6667,63.3333
12,60,0.141882,0.0306898,0.391168,67.3684,32.6316
12,61,0.139439,0.0361745,0.18336,47.619,52.381
12,62,0.0219822,0.00578849,0.348384,96.6102,3.38983
12,63,0.0158149,0.00424816,0.653984,100,0
12,64,0.153573,0.032387,0.256704,53.8462,46.1538
12,65,0.110448,0.028203,0.525632,92.4731,7.52688
12,66,0.0723355,0.0204887,0.531744,79.0909,20.9091
12,67,0.0845639,0.0224439,0.562304,96.8421,3.15789
12,68,0.0963187,0.0267173,0.409504,77.907,22.093
12,69,0.00715802,0.00181873,0.501184,87.234,12.766
12,70,0.123961,0.0314496,0.323936,60.9195,39.0805
12,71,0.140112,0.0319799,0.207808,34.6939,65.3061
12,72,0.1395,0.0328693,0.140576,32.3944,67.6056
12,73,0.122844,0.0295849,0.317824,65,35
12,74,0.113638,0.029133,0.33616,77.4648,22.5352
14,0,0.132375,0.0312038,0.24448,52.6316,47.3684
14,1,0.116734,0.0292177,0.409504,84.8101,15.1899
14,2,0.136372,0.0311071,0.232256,38.7755,61.2245
14,3,0.14738,0.0434513,0.067232,13.0952,86.9048
14,4,0.130629,0.0333169,0.33616,67.0732,32.9268
14,5,0.149403,0.0344264,0.220032,39.5604,60.4396
14,6,0.110946,0.0273198,0.39728,74.7126,25.2874
14,7,0.10351,0.0248168,0.354496,85.2941,14.7059
14,8,0.125325,0.028708,0.348384,76,24
14,9,0.0155467,0.00378392,0.421728,98.5714,1.42857
14,10,0.124688,0.0300435,0.256704,64.6154,35.3846
14,11,0.103947,0.0294477,0.464512,80.8511,19.1489
14,12,0.00396098,0.000351816,0.452288,100,0
14,13,0.1487,0.0394297,0.207808,50,50
14,14,0.127343,0.032724,0.391168,67.3684,32.6316
14,15,0.104415,0.0263434,0.287264,73.4375,26.5625
14,16,0.116471,0.0317345,0.452288,79.5699,20.4301
14,17,0.0394038,0.011332,0.48896,96.3855,3.61446
14,18,0.157057,0.0269283,0.207808,37.3626,62.6374
14,19,0.132406,0.0310047,0.256704,54.5455,45.4545
14,20,0.138174,0.035759,0.195584,41.0256,58.9744
14,21,0.150281,0.0326841,0.189472,37.8049,62.1951
14,22,0.139979,0.0310218,0.220032,46.1538,53.8462
14,23,0.139466,0.0335628,0.116128,20.8791,79.1209
14,24,0.14616,0.0358158,0.262816,41.7476,58.2524
14,25,0.0281552,0.0101755,0.537856,100,0
14,26,0.140658,0.0338098,0.220032,38.7097,61.2903
14,27,0.15778,0.0275902,0.018336,3.44828,96.5517
14,28,0.152897,0.0359136,0.158912,44.0678,55.9322
14,29,0.152924,0.028837,0.18336,37.037,62.963
14,30,0.13254,0.0332312,0.21392,49.2958,50.7042
14,31,0.0512747,0.0139301,0.385056,69.2308,30.7692
14,32,0.131638,0.0301863,0.323936,64.6341,35.3659
14,33,0.133566,0.032868,0.3056,52.0833,47.9167
14,34,0.0999889,0.0263273,0.42784,76.087,23.913
14,35,0.133282,0.0300644,0.33616,64.7059,35.2941
14,36,0.145255,0.0360061,0.238368,50.6494,49.3506
14,37,0.0292563,0.00848264,0.537856,96.7033,3.2967
14,38,0.137912,0.035021,0.195584,37.2093,62.7907
14,39,0.149653,0.0341138,0.177248,31.1828,68.8172
14,40,0.141134,0.0333217,0.293376,56.4706,43.5294
14,41,0.135575,0.0336139,0.201696,45.8333,54.1667
14,42,0.0104198,0.00198264,0.6112,100,0
14,43,0.0429071,0.0135497,0.495072,95.2941,4.70588
14,44,0.129409,0.031933,0.385056,70.7865,29.2135
14,45,0.100815,0.0243614,0.409504,62.037,37.963
14,46,0.15357,0.0291851,0.268928,50,50
14,47,0.140323,0.0318045,0.232256,40.4255,59.5745
14,48,0.0799572,0.0206329,0.531744,86.1386,13.8614
14,49,0.130858,0.0280874,0.311712,56.6667,43.3333
14,50,0.13442,0.0348311,0.09168,19.4805,80.5195
14,51,0.128115,0.0319431,0.256704,51.2195,48.7805
14,52,0.148276,0.0323407,0.158912,40,60
14,53,0.141217,0.0378913,0.195584,39.5062,60.4938
14,54,0.145183,0.0338627,0.201696,39.759,60.241
14,55,0.129633,0.028804,0.232256,46.3415,53.6585
14,56,0.0111628,0.00376123,0.525632,100,0
14,57,0.00569848,0.00105393,0.51952,100,0
14,58,0.139228,0.035981,0.238368,46.988,53.012
14,59,0.1384,0.0366173,0.165024,33.75,66.25
14,60,0.141845,0.0300187,0.3056,50.5051,49.4949
14,61,0.140212,0.0357181,0.207808,33.6634,66.3366
14,62,0.0302094,0.0079309,0.354496,69.8795,30.1205
14,63,0.0137918,0.00358008,0.55008,100,0
14,64,0.153478,0.0321894,0.18336,29.1262,70.8738
14,65,0.0888464,0.0238732,0.543968,96.7391,3.26087
14,66,0.0762728,0.0223944,0.281152,77.9661,22.0339
14,67,0.0717528,0.0195486,0.507296,95.4023,4.5977
14,68,0.100491,0.0267324,0.293376,65.7534,34.2466
14,69,0.0179208,0.00502035,0.482848,88.764,11.236
14,70,0.123165,0.0323433,0.342272,75.6757,24.3243
14,71,0.134162,0.0308709,0.1528,39.6825,60.3175
14,72,0.139844,0.0323348,0.330048,62.7907,37.2093
14,73,0.122548,0.0296269,0.256704,75,25
14,74,0.11307,0.0293775,0.360608,64.8352,35.1648
16,0,0.134092,0.0313445,0.281152,44.6602,55.3398
16,1,0.116902,0.0291816,0.470624,65.812,34.188
16,2,0.136059,0.0319588,0.201696,42.3077,57.6923
16,3,0.143781,0.0400661,0.128352,25.9259,74.0741
16,4,0.132952,0.0325139,0.39728,67.0103,32.9897
16,5,0.146777,0.0347277,0.1528,53.1915,46.8085
16,6,0.107572,0.0270859,0.42784,85.3659,14.6341
16,7,0.105731,0.0248673,0.360608,71.0843,28.9157
16,8,0.121591,0.0285026,0.433952,79.7753,20.2247
16,9,0.014337,0.00340862,0.317824,100,0
16,10,0.123242,0.0308065,0.171136,40.5797,59.4203
16,11,0.09947,0.0283929,0.415616,70.1031,29.8969
16,12,0.00449519,0.00060083,0.543968,90.8163,9.18367
16,13,0.145779,0.0381037,0.256704,47.191,52.809
16,14,0.127125,0.0333559,0.262816,60.5634,39.4366
16,15,0.10638,0.0264277,0.391168,80,20
16,16,0.119227,0.0307241,0.36672,71.4286,28.5714
16,17,0.0403245,0.0119523,0.476736,91.7647,8.23529
16,18,0.155691,0.027921,0.158912,37.6812,62.3188
16,19,0.130892,0.0314285,0.293376,70.5882,29.4118
16,20,0.13909,0.0344646,0.299488,63.6364,36.3636
16,21,0.149112,0.0325239,0.1528,27.1739,72.8261
16,22,0.142694,0.0309186,0.311712,58.6207,41.3793
16,23,0.140027,0.0336255,0.085568,23.7288,76.2712
16,24,0.146706,0.0349345,0.27504,52.9412,47.0588
16,25,0.0311493,0.0114979,0.433952,78.8889,21.1111
16,26,0.140265,0.0345069,0.232256,43.1818,56.8182
16,27,0.157115,0.027304,0.048896,7.84314,92.1569
16,28,0.15178,0.0350759,0.232256,38.7755,61.2245
16,29,0.151542,0.0304005,0.12224,24.6914,75.3086
16,30,0.132897,0.0335667,0.207808,44.1558,55.8442
16,31,0.0598115,0.0157528,0.348384,62.6374,37.3626
16,32,0.133516,0.0303301,0.372832,70.1149,29.8851
16,33,0.134551,0.0330368,0.238368,50,50
16,34,0.104162,0.0267834,0.36672,68.1818,31.8182
16,35,0.133223,0.029804,0.268928,58.6667,41.3333
16,36,0.145321,0.0364135,0.177248,34.5238,65.4762
16,37,0.032321,0.00926371,0.415616,87.1795,12.8205
16,38,0.137229,0.0356121,0.18336,43.4783,56.5217
16,39,0.14943,0.0351209,0.177248,35.3659,64.6341
16,40,0.14051,0.0339988,0.250592,65.0794,34.9206
16,41,0.136878,0.0336091,0.177248,32.9545,67.0455
16,42,0.00936593,0.00167486,0.531744,100,0
16,43,0.0474592,0.0145364,0.446176,81.1111,18.8889
16,44,0.127863,0.031575,0.348384,61.2903,38.7097
16,45,0.0988893,0.024922,0.354496,84.058,15.942
16,46,0.152632,0.0288968,0.158912,22.807,77.193
16,47,0.140616,0.0320588,0.189472,37.3494,62.6506
16,48,0.0780123,0.0209184,0.348384,85.0746,14.9254
16,49,0.12551,0.0277962,0.421728,69,31
16,50,0.136505,0.035003,0.085568,22.2222,77.7778
16,51,0.128745,0.0312776,0.348384,79.1667,20.8333
16,52,0.144794,0.0325007,0.189472,32.2917,67.7083
16,53,0.136887,0.0368315,0.311712,53.6842,46.3158
16,54,0.144308,0.0341523,0.238368,42.3913,57.6087
16,55,0.131463,0.0290653,0.323936,63.0952,36.9048
16,56,0.0110376,0.00365537,0.440064,98.6301,1.36986
16,57,0.00545799,0.000970448,0.476736,100,0
16,58,0.138935,0.0348779,0.256704,53.1646,46.8354
16,59,0.140264,0.0362686,0.207808,35.4167,64.5833
16,60,0.140879,0.0304016,0.323936,68.8312,31.1688
16,61,0.141429,0.0372481,0.201696,44,56
16,62,0.0428378,0.0106394,0.586752,88.0734,11.9266
16,63,0.0132878,0.00349712,0.464512,98.7013,1.2987
16,64,0.155231,0.0317402,0.250592,44.086,55.914
16,65,0.0757246,0.02042,0.446176,100,0
16,66,0.0831569,0.0232182,0.354496,70.7317,29.2683
16,67,0.0672291,0.0187689,0.4584,88.2353,11.7647
16,68,0.104545,0.0266122,0.330048,65.8537,34.1463
16,69,0.0270021,0.00700057,0.317824,70.2703,29.7297
16,70,0.121666,0.0323637,0.33616,63.2184,36.7816
16,71,0.135838,0.0306605,0.226144,48.6842,51.3158
16,72,0.138595,0.0321864,0.262816,53.75,46.25
16,73,0.12396,0.0297595,0.256704,56,44
16,74,0.118152,0.0285625,0.433952,79.7753,20.2247
18,0,0.134945,0.0315997,0.238368,57.3529,42.6471
18,1,0.112464,0.0280327,0.556192,92.8571,7.14286
18,2,0.137504,0.0328585,0.177248,35.8025,64.1975
18,3,0.144656,0.0416522,0.06112,17.8571,82.1429
18,4,0.130212,0.0322842,0.360608,67.8161,32.1839
18,5,0.147165,0.0346663,0.18336,54.5455,45.4545
18,6,0.104449,0.0258648,0.33616,80.8824,19.1176
18,7,0.106889,0.025862,0.24448,62.5,37.5
18,8,0.121192,0.0292388,0.378944,60.7843,39.2157
18,9,0.0137824,0.00349056,0.293376,97.9592,2.04082
18,10,0.123066,0.0308658,0.256704,50.6024,49.3976
18,11,0.0993308,0.028629,0.39728,76.4706,23.5294
18,12,0.00851073,0.00176079,0.568416,98.9362,1.06383
18,13,0.146844,0.0381404,0.232256,45.7831,54.2169
18,14,0.125221,0.0330507,0.238368,70.9091,29.0909
18,15,0.103646,0.0264977,0.385056,76.8293,23.1707
18,16,0.11986,0.030562,0.256704,67.7419,32.2581
18,17,0.0427871,0.0126159,0.470624,87.5,12.5
18,18,0.1515,0.0285313,0.268928,39.2857,60.7143
18,19,0.125629,0.0315749,0.3056,67.5676,32.4324
18,20,0.139799,0.0339413,0.220032,55.3846,44.6154
18,21,0.147512,0.0329118,0.232256,48.7179,51.2821
18,22,0.137882,0.0317378,0.220032,55.3846,44.6154
18,23,0.139536,0.0335536,0.067232,10.8911,89.1089
18,24,0.147668,0.0355067,0.079456,16.6667,83.3333
18,25,0.0341502,0.0121543,0.452288,100,0
18,26,0.138822,0.0352917,0.220032,57.1429,42.8571
18,27,0.156128,0.0263263,0.048896,10.2564,89.7436
18,28,0.151302,0.0349029,0.110016,33.9623,66.0377
18,29,0.155488,0.0296099,0.299488,52.6882,47.3118
18,30,0.133879,0.0338633,0.293376,68.5714,31.4286
18,31,0.0671787,0.0169286,0.299488,71.0145,28.9855
18,32,0.132056,0.0305276,0.36672,62.5,37.5
18,33,0.133894,0.0336531,0.293376,60,40
18,34,0.104343,0.0267278,0.421728,77.5281,22.4719
18,35,0.135789,0.0299679,0.3056,53.7634,46.2366
18,36,0.146363,0.0354022,0.226144,42.5287,57.4713
18,37,0.0286159,0.00819091,0.598976,98.9899,1.0101
18,38,0.137413,0.035443,0.201696,49.2537,50.7463
18,39,0.151386,0.0342219,0.220032,40.9091,59.0909
18,40,0.139331,0.0340423,0.201696,47.1429,52.8571
18,41,0.137134,0.0328919,0.27504,50,50
18,42,0.00880706,0.00151228,0.39728,100,0
18,43,0.045385,0.0142842,0.39728,94.2029,5.7971
18,44,0.127943,0.0316673,0.232256,58.4615,41.5385
18,45,0.10131,0.0259397,0.3056,60.241,39.759
18,46,0.149724,0.0311571,0.18336,44.7761,55.2239
18,47,0.140249,0.0327438,0.079456,18.5714,81.4286
18,48,0.0754338,0.020465,0.470624,91.6667,8.33333
18,49,0.126525,0.0279953,0.330048,66.6667,33.3333
18,50,0.137536,0.034173,0.116128,21.8391,78.1609
18,51,0.128739,0.0311182,0.415616,75.5556,24.4444
18,52,0.144723,0.0327877,0.287264,53.4091,46.5909
18,53,0.13908,0.0358124,0.317824,61.1765,38.8235
18,54,0.145287,0.0343341,0.220032,56.25,43.75
18,55,0.130551,0.0294106,0.33616,71.4286,28.5714
18,56,0.00987015,0.00312944,0.653984,100,0
18,57,0.00574271,0.00118953,0.513408,97.6744,2.32558
18,58,0.141653,0.0342409,0.18336,49.1803,50.8197
18,59,0.13944,0.0369138,0.103904,25.3731,74.6269
18,60,0.140653,0.0302218,0.299488,50.5155,49.4845
18,61,0.139338,0.0375949,0.27504,47.8723,52.1277
18,62,0.0468344,0.0117843,0.360608,76.6234,23.3766
18,63,0.0128399,0.00341036,0.48896,97.561,2.43902
18,64,0.152007,0.0318285,0.158912,30.5882,69.4118
18,65,0.0677773,0.0186251,0.4584,96.1538,3.84615
18,66,0.0884931,0.0241312,0.385056,64.2857,35.7143
18,67,0.0674306,0.0189882,0.36672,84.507,15.493
18,68,0.109324,0.0269277,0.323936,63.0952,36.9048
18,69,0.0379604,0.00928059,0.415616,82.9268,17.0732
18,70,0.115552,0.0315393,0.360608,76.6234,23.3766
18,71,0.1355,0.0301168,0.189472,44.9275,55.0725
18,72,0.137892,0.0325435,0.226144,44.5783,55.4217
18,73,0.122788,0.0296479,0.39728,63.7255,36.2745
18,74,0.119705,0.0292028,0.348384,53.271,46.729
20,0,0.135908,0.0323073,0.262816,46.7391,53.2609
20,1,0.110798,0.0281767,0.360608,71.9512,28.0488
20,2,0.136725,0.0329671,0.220032,37.8947,62.1053
20,3,0.14499,0.0407159,0.067232,15.942,84.058
20,4,0.130168,0.0319755,0.311712,60,40
20,5,0.146718,0.0335842,0.238368,37.5,62.5
20,6,0.0930523,0.0239241,0.48896,91.954,8.04598
20,7,0.108014,0.0266959,0.171136,50,50
20,8,0.122861,0.0291456,0.33616,73.3333,26.6667
20,9,0.0137751,0.00362644,0.556192,97.8495,2.15054
20,10,0.126177,0.0310161,0.36672,61.2245,38.7755
20,11,0.0986923,0.0292461,0.360608,67.8161,32.1839
20,12,0.00991572,0.00228365,0.433952,95.9459,4.05405
20,13,0.146204,0.0357849,0.323936,52.4752,47.5248
20,14,0.125652,0.0336601,0.323936,61.6279,38.3721
20,15,0.100219,0.0261527,0.415616,82.9268,17.0732
20,16,0.119956,0.030747,0.323936,65.4321,34.5679
20,17,0.0476644,0.0141537,0.360608,66.2921,33.7079
20,18,0.152401,0.0293874,0.165024,31.7647,68.2353
20,19,0.125228,0.031072,0.323936,63.8554,36.1446
20,20,0.139498,0.0340952,0.3056,48.5437,51.4563
20,21,0.147645,0.0329228,0.177248,34.5238,65.4762
20,22,0.137385,0.0315204,0.256704,67.7419,32.2581
20,23,0.139825,0.0331574,0.067232,16.9231,83.0769
20,24,0.147902,0.0352278,0.110016,22.5,77.5
20,25,0.0348594,0.0124092,0.501184,82.8283,17.1717
20,26,0.1373,0.0356225,0.207808,38.6364,61.3636
20,27,0.153668,0.0267065,0.055008,9.18367,90.8163
20,28,0.151151,0.0339634,0.281152,36.5079,63.4921
20,29,0.156811,0.0299778,0.18336,30,70
20,30,0.134827,0.0339499,0.268928,48.8889,51.1111
20,31,0.073319,0.0180563,0.293376,56.4706,43.5294
20,32,0.130518,0.0310625,0.311712,56.6667,43.3333
20,33,0.134665,0.0336849,0.256704,43.299,56.701
20,34,0.106018,0.0268346,0.452288,73.2673,26.7327
20,35,0.135084,0.0303136,0.287264,61.8421,38.1579
20,36,0.145223,0.0356337,0.158912,29.2135,70.7865
20,37,0.0254177,0.00722025,0.562304,100,0
20,38,0.13653,0.0353165,0.250592,45.0549,54.9451
20,39,0.149031,0.0342077,0.1528,35.2113,64.7887
20,40,0.139991,0.0341058,0.18336,44.7761,55.2239
20,41,0.136696,0.0324987,0.201696,41.25,58.75
20,42,0.00884105,0.00162347,0.556192,98.913,1.08696
20,43,0.0405331,0.0126932,0.537856,98.8764,1.1236
20,44,0.130068,0.031722,0.256704,64.6154,35.3846
20,45,0.102461,0.0267426,0.317824,70.2703,29.7297
20,46,0.154237,0.0309942,0.226144,48.6842,51.3158
20,47,0.139498,0.033432,0.207808,31.7757,68.2243
20,48,0.0705223,0.0197905,0.464512,92.6829,7.31707
20,49,0.126391,0.027564,0.391168,78.0488,21.9512
20,50,0.138513,0.0351835,0.09168,14.4231,85.5769
20,51,0.127604,0.0315259,0.323936,62.3529,37.6471
20,52,0.143067,0.032363,0.342272,62.2222,37.7778
20,53,0.139183,0.0349,0.207808,41.9753,58.0247
20,54,0.145383,0.033983,0.201696,52.381,47.619
20,55,0.129035,0.0296142,0.330048,61.3636,38.6364
20,56,0.00914492,0.00281534,0.556192,100,0
20,57,0.00848476,0.00200199,0.36672,82.1918,17.8082
20,58,0.14368,0.0335647,0.18336,34.0909,65.9091
20,59,0.139827,0.0366049,0.158912,27.3684,72.6316
20,60,0.140563,0.0302673,0.262816,63.2353,36.7647
20,61,0.139517,0.0376292,0.1528,32.4675,67.5325
20,62,0.0535061,0.0133703,0.360608,79.7297,20.2703
20,63,0.0117966,0.00304732,0.556192,100,0
20,64,0.149546,0.0324328,0.1528,31.6456,68.3544
20,65,0.0595267,0.0163795,0.51952,98.8372,1.16279
20,66,0.0899317,0.0250894,0.24448,65.5738,34.4262
20,67,0.0609989,0.0175187,0.51952,96.5909,3.40909
20,68,0.110219,0.0273781,0.433952,70.297,29.703
20,69,0.0481777,0.0111459,0.42784,73.6842,26.3158
20,70,0.114946,0.0307256,0.464512,71.6981,28.3019
20,71,0.134635,0.0312193,0.1528,41.6667,58.3333
20,72,0.137962,0.0320725,0.207808,56.6667,43.3333
20,73,0.123632,0.0297387,0.354496,68.2353,31.7647
20,74,0.121804,0.0297563,0.317824,71.2329,28.7671
22,0,0.136516,0.0321966,0.238368,42.3913,57.6087
22,1,0.113111,0.028518,0.226144,60.6557,39.3443
22,2,0.136749,0.0329043,0.146688,30,70
22,3,0.147303,0.0396245,0.110016,19.3548,80.6452
22,4,0.130094,0.0324949,0.250592,59.4203,40.5797
22,5,0.14843,0.0344393,0.195584,53.3333,46.6667
22,6,0.0877107,0.0228487,0.403392,90.411,9.58904
22,7,0.110834,0.0269035,0.27504,52.9412,47.0588
22,8,0.122901,0.0297049,0.238368,57.3529,42.6471
22,9,0.013308,0.00353647,0.470624,98.7179,1.28205
22,10,0.127684,0.0307464,0.287264,55.9524,44.0476
22,11,0.0987084,0.0292982,0.256704,66.6667,33.3333
22,12,0.00931214,0.0020862,0.513408,100,0
22,13,0.14398,0.03528,0.232256,40.8602,59.1398
22,14,0.125221,0.0332449,0.36672,65.2174,34.7826
22,15,0.0981671,0.0256712,0.348384,89.0625,10.9375
22,16,0.118711,0.030078,0.415616,74.7253,25.2747
22,17,0.0437561,0.0132498,0.653984,100,0
22,18,0.152582,0.0296403,0.140576,31.0811,68.9189
22,19,0.12602,0.0310228,0.391168,69.5652,30.4348
22,20,0.138237,0.0336653,0.39728,64.3564,35.6436
22,21,0.148887,0.0328434,0.158912,36.6197,63.3803
22,22,0.137673,0.0311211,0.33616,57.8947,42.1053
22,23,0.13836,0.0337015,0.116128,23.4568,76.5432
22,24,0.147475,0.034894,0.09168,17.0455,82.9545
22,25,0.0385457,0.0131639,0.4584,96.1538,3.84615
22,26,0.138437,0.0356831,0.262816,53.0864,46.9136
22,27,0.152375,0.0268299,0.048896,8.08081,91.9192
22,28,0.148442,0.034516,0.146688,35.2941,64.7059
22,29,0.156377,0.0293538,0.189472,44.2857,55.7143
22,30,0.134536,0.0336901,0.317824,53.6082,46.3918
22,31,0.0780327,0.0190618,0.342272,72.7273,27.2727
22,32,0.131948,0.0311678,0.281152,58.2278,41.7722
22,33,0.133778,0.0344509,0.171136,38.8889,61.1111
22,34,0.107095,0.0275585,0.372832,66.3043,33.6957
22,35,0.134521,0.0305108,0.372832,61,39
22,36,0.144284,0.0356875,0.3056,53.1915,46.8085
22,37,0.0228922,0.00641158,0.58064,100,0
22,38,0.13592,0.0356488,0.262816,42.5743,57.4257
22,39,0.150583,0.0335398,0.189472,36.9048,63.0952
22,40,0.140164,0.0336455,0.287264,65.2778,34.7222
22,41,0.136397,0.0322199,0.207808,33.6634,66.3366
22,42,0.00860868,0.00173207,0.507296,98.8095,1.19048
22,43,0.0366019,0.0113395,0.482848,100,0
22,44,0.127719,0.031639,0.385056,70,30
22,45,0.10527,0.0273632,0.317824,69.3333,30.6667
22,46,0.154032,0.0317603,0.067232,17.1875,82.8125
22,47,0.14022,0.035007,0.21392,34.6535,65.3465
22,48,0.0747746,0.0206152,0.4584,80.6452,19.3548
22,49,0.126938,0.027975,0.39728,59.0909,40.9091
22,50,0.138573,0.0354287,0.110016,18.75,81.25
22,51,0.128817,0.0311669,0.378944,70.4545,29.5455
22,52,0.141058,0.0321111,0.415616,62.3853,37.6147
22,53,0.138285,0.0355956,0.33616,58.5106,41.4894
22,54,0.145077,0.0347734,0.1528,29.0698,70.9302
22,55,0.128881,0.0303286,0.256704,55.2632,44.7368
22,56,0.00859838,0.00255729,0.525632,100,0
22,57,0.0150123,0.00394513,0.482848,95.1807,4.81928
22,58,0.145213,0.0350442,0.189472,34.0659,65.9341
22,59,0.13947,0.0370099,0.116128,29.2308,70.7692
22,60,0.14046,0.0296555,0.403392,81.4815,18.5185
22,61,0.140501,0.0371086,0.220032,37.5,62.5
22,62,0.0591199,0.0142037,0.403392,71.7391,28.2609
22,63,0.0134325,0.00382047,0.409504,84.8101,15.1899
22,64,0.147006,0.0324747,0.256704,54.5455,45.4545
22,65,0.0540668,0.0148182,0.39728,100,0
22,66,0.0921455,0.0255306,0.311712,70.8333,29.1667
22,67,0.0571343,0.0163806,0.403392,97.0588,2.94118
22,68,0.110606,0.0276387,0.354496,69.8795,30.1205
22,69,0.0548106,0.0126178,0.354496,64.4444,35.5556
22,70,0.112685,0.030347,0.440064,75,25
22,71,0.134965,0.0316445,0.220032,40.9091,59.0909
22,72,0.138421,0.0324291,0.250592,46.0674,53.9326
22,73,0.123385,0.029989,0.317824,67.5325,32.4675
22,74,0.122232,0.029798,0.421728,57.0248,42.9752
24,0,0.136532,0.0323748,0.134464,28.9474,71.0526
24,1,0.115472,0.0292045,0.360608,59,41
24,2,0.135242,0.0331841,0.134464,34.9206,65.0794
24,3,0.14732,0.0379215,0.085568,20.8955,79.1045
24,4,0.129296,0.0324722,0.299488,52.6882,47.3118
24,5,0.148855,0.0347439,0.250592,62.1212,37.8788
24,6,0.0840011,0.0220508,0.48896,89.8876,10.1124
24,7,0.112952,0.0272928,0.287264,53.4091,46.5909
24,8,0.122009,0.0294935,0.299488,69.0141,30.9859
24,9,0.0131239,0.00369627,0.501184,97.619,2.38095
24,10,0.129621,0.0313235,0.268928,59.4595,40.5405
24,11,0.101593,0.0297003,0.415616,73.913,26.087
24,12,0.00986319,0.00236297,0.433952,94.6667,5.33333
24,13,0.144781,0.0360364,0.201696,62.2642,37.7358
24,14,0.124622,0.033135,0.42784,83.3333,16.6667
24,15,0.0994088,0.0256092,0.330048,66.6667,33.3333
24,16,0.118569,0.0295955,0.403392,68.75,31.25
24,17,0.0407902,0.0123341,0.452288,98.6667,1.33333
24,18,0.153763,0.0298624,0.207808,32.6923,67.3077
24,19,0.126959,0.0309644,0.262816,60.5634,39.4366
24,20,0.1393,0.0341191,0.317824,51.4851,48.5149
24,21,0.149287,0.0326981,0.220032,40,60
24,22,0.13382,0.0312515,0.403392,57.8947,42.1053
24,23,0.139217,0.0329025,0.09168,14.2857,85.7143
24,24,0.146987,0.0344483,0.116128,25.6757,74.3243
24,25,0.0417086,0.0137384,0.409504,79.7619,20.2381
24,26,0.136701,0.0358104,0.189472,53.4483,46.5517
24,27,0.154521,0.0291916,0.09168,15.1515,84.8485
24,28,0.149356,0.0345629,0.18336,33.7079,66.2921
24,29,0.154135,0.030685,0.250592,39.4231,60.5769
24,30,0.134751,0.0337768,0.24448,56.338,43.662
24,31,0.082727,0.0196961,0.287264,50,50
24,32,0.132045,0.0312846,0.256704,53.1646,46.8354
24,33,0.135137,0.0340279,0.201696,39.2857,60.7143
24,34,0.107686,0.028205,0.323936,67.0886,32.9114
24,35,0.134393,0.0306484,0.293376,55.1724,44.8276
24,36,0.143534,0.0345533,0.24448,46.5116,53.4884
24,37,0.0210229,0.00582914,0.531744,100,0
24,38,0.136219,0.035276,0.232256,46.9136,53.0864
24,39,0.152695,0.0333874,0.110016,19.5652,80.4348
24,40,0.138892,0.0338892,0.293376,53.3333,46.6667
24,41,0.13632,0.0326161,0.097792,27.1186,72.8814
24,42,0.00811135,0.00158988,0.556192,100,0
24,43,0.0338159,0.0104405,0.513408,98.8235,1.17647
24,44,0.127204,0.0317078,0.348384,61.9565,38.0435
24,45,0.106573,0.027339,0.36672,60,40
24,46,0.15518,0.0321967,0.128352,26.9231,73.0769
24,47,0.139744,0.0354378,0.207808,43.5897,56.4103
24,48,0.0766957,0.0210394,0.36672,68.1818,31.8182
24,49,0.127167,0.0277073,0.391168,71.1111,28.8889
24,50,0.138698,0.0356893,0.09168,20,80
24,51,0.128967,0.0310576,0.372832,59.8039,40.1961
24,52,0.139213,0.031119,0.342272,62.9213,37.0787
24,53,0.136868,0.0353871,0.232256,51.3514,48.6486
24,54,0.14512,0.0351717,0.177248,41.4286,58.5714
24,55,0.130342,0.0301433,0.348384,64.0449,35.9551
24,56,0.00820843,0.00236846,0.476736,100,0
24,57,0.0224987,0.00581883,0.525632,81.9048,18.0952
24,58,0.146212,0.0345144,0.201696,34.375,65.625
24,59,0.139319,0.0360214,0.177248,26.6055,73.3945
24,60,0.139245,0.0300138,0.348384,64.7727,35.2273
24,61,0.139812,0.0366109,0.195584,40.5063,59.4937
24,62,0.0627248,0.0152333,0.372832,82.4324,17.5676
24,63,0.0180324,0.00550938,0.51952,90.4255,9.57447
24,64,0.146297,0.0343117,0.207808,45.3333,54.6667
24,65,0.0491515,0.0135511,0.562304,97.8723,2.12766
24,66,0.0948971,0.0264661,0.3056,64.9351,35.0649
24,67,0.0512554,0.0147084,0.586752,97.9592,2.04082
24,68,0.110148,0.0281543,0.299488,83.0508,16.9492
24,69,0.0591937,0.0140935,0.287264,52.2222,47.7778
24,70,0.111583,0.0297777,0.39728,83.3333,16.6667
24,71,0.13498,0.0316857,0.268928,48.3516,51.6484
24,72,0.137929,0.032944,0.226144,48.6842,51.3158
24,73,0.122798,0.0307761,0.195584,54.2373,45.7627
24,74,0.123659,0.0297113,0.24448,56.338,43.662
26,0,0.135475,0.0325197,0.201696,35.4839,64.5161
26,1,0.116959,0.0298385,0.39728,70.6522,29.3478
26,2,0.136418,0.0326973,0.12224,21.978,78.022
26,3,0.147539,0.037472,0.226144,33.6364,66.3636
26,4,0.128618,0.0325302,0.299488,75.3846,24.6154
26,5,0.149449,0.0337361,0.250592,54.6667,45.3333
26,6,0.0769478,0.0202366,0.537856,92.6316,7.36842
26,7,0.114324,0.0275631,0.226144,38.5417,61.4583
26,8,0.121768,0.029824,0.293376,68.5714,31.4286
26,9,0.0139196,0.00421799,0.58064,87.156,12.844
26,10,0.130519,0.0319346,0.262816,56.5789,43.4211
26,11,0.104663,0.0297165,0.476736,81.25,18.75
26,12,0.0110163,0.00290014,0.501184,88.172,11.828
26,13,0.14346,0.0360773,0.226144,39.7849,60.2151
26,14,0.12278,0.0318847,0.537856,83.0189,16.9811
26,15,0.0996332,0.0256932,0.501184,79.6117,20.3883
26,16,0.119971,0.0293753,0.311712,67.1053,32.8947
26,17,0.0387524,0.0117694,0.4584,97.4026,2.5974
26,18,0.153396,0.0303086,0.226144,40.6593,59.3407
26,19,0.126218,0.0311042,0.348384,67.8571,32.1429
26,20,0.139133,0.0340223,0.268928,45.3608,54.6392
26,21,0.150228,0.0325078,0.201696,41.25,58.75
26,22,0.133739,0.0313934,0.177248,49.1525,50.8475
26,23,0.139576,0.0330937,0.036672,8,92
26,24,0.146836,0.0348855,0.06112,17.5439,82.4561
26,25,0.0464562,0.0148357,0.4584,88.2353,11.7647
26,26,0.137092,0.0352544,0.256704,41.1765,58.8235
26,27,0.150097,0.0325838,0.250592,47.1264,52.8736
26,28,0.150639,0.0341839,0.146688,37.5,62.5
26,29,0.152637,0.030789,0.220032,42.8571,57.1429
26,30,0.134653,0.0339464,0.201696,45.2055,54.7945
26,31,0.0865889,0.0207305,0.24448,50.6329,49.3671
26,32,0.131762,0.0317573,0.207808,45.3333,54.6667
26,33,0.136519,0.0336741,0.189472,34.8315,65.1685
26,34,0.107199,0.028437,0.323936,84.127,15.873
26,35,0.134622,0.0311003,0.24448,51.9481,48.0519
26,36,0.142247,0.0335406,0.33616,64.7059,35.2941
26,37,0.0191957,0.00526417,0.647872,100,0
26,38,0.135444,0.0358045,0.27504,42.4528,57.5472
26,39,0.152654,0.0339701,0.09168,18.75,81.25
26,40,0.138891,0.0337372,0.24448,56.338,43.662
26,41,0.136361,0.0331058,0.195584,34.0426,65.9574
26,42,0.00770878,0.00146077,0.525632,100,0
26,43,0.0308548,0.00945132,0.543968,98.8889,1.11111
26,44,0.127277,0.0320078,0.299488,56.9767,43.0233
26,45,0.108766,0.0272143,0.385056,75,25
26,46,0.155727,0.0316536,0.12224,21.5054,78.4946
26,47,0.139801,0.0350171,0.256704,46.1538,53.8462
26,48,0.0828089,0.0214187,0.605088,75,25
26,49,0.128069,0.027995,0.3056,68.4932,31.5068
26,50,0.139659,0.0357438,0.09168,20.8333,79.1667
26,51,0.129401,0.0313886,0.287264,63.5135,36.4865
26,52,0.136197,0.0311382,0.372832,72.619,27.381
26,53,0.136829,0.0352147,0.195584,43.2432,56.7568
26,54,0.14595,0.0346026,0.27504,52.9412,47.0588
26,55,0.130728,0.0306913,0.360608,60.8247,39.1753
26,56,0.00786804,0.00220823,0.501184,100,0
26,57,0.0306218,0.00753793,0.464512,74.5098,25.4902
26,58,0.146897,0.0349006,0.116128,22.8916,77.1084
26,59,0.139591,0.0355002,0.165024,28.7234,71.2766
26,60,0.139571,0.0304438,0.268928,60.274,39.726
26,61,0.138915,0.0372517,0.262816,40.9524,59.0476
26,62,0.0661079,0.0162933,0.311712,83.6066,16.3934
26,63,0.0208524,0.00632738,0.3056,74.6269,25.3731
26,64,0.14461,0.0338906,0.293376,48.4848,51.5152
26,65,0.0455396,0.0125746,0.635648,97.1963,2.80374
26,66,0.0972668,0.0269849,0.268928,64.7059,35.2941
26,67,0.0460334,0.013137,0.598976,100,0
26,68,0.105503,0.0275472,0.36672,88.2353,11.7647
26,69,0.0621239,0.015128,0.250592,55.4054,44.5946
26,70,0.111919,0.0300258,0.262816,58.1081,41.8919
26,71,0.135475,0.0322223,0.21392,36.4583,63.5417
26,72,0.137915,0.0330751,0.226144,49.3333,50.6667
26,73,0.123971,0.0306639,0.311712,61.4458,38.5542
26,74,0.1258,0.0294719,0.342272,57.732,42.268
28,0,0.135761,0.0328653,0.134464,23.4043,76.5957
28,1,0.118327,0.0295294,0.330048,77.1429,22.8571
28,2,0.136932,0.032383,0.165024,31.0345,68.9655
28,3,0.145914,0.0370976,0.158912,24.5283,75.4717
28,4,0.129299,0.0323039,0.27504,52.9412,47.0588
28,5,0.147716,0.0336608,0.250592,38.3178,61.6822
28,6,0.0727188,0.0195167,0.354496,98.3051,1.69492
28,7,0.115593,0.0282103,0.189472,31,69
28,8,0.122283,0.0296556,0.348384,59.375,40.625
28,9,0.0156579,0.0048124,0.42784,100,0
28,10,0.130617,0.0320942,0.317824,63.4146,36.5854
28,11,0.105154,0.0293684,0.42784,65.4206,34.5794
28,12,0.0149952,0.00393202,0.433952,92.2078,7.79221
28,13,0.143219,0.0357088,0.226144,56.9231,43.0769
28,14,0.119974,0.0314104,0.452288,70.4762,29.5238
28,15,0.0967739,0.0250904,0.464512,78.3505,21.6495
28,16,0.120734,0.0293609,0.330048,67.5,32.5
28,17,0.0360263,0.0108733,0.470624,100,0
28,18,0.152063,0.0307448,0.250592,43.1579,56.8421
28,19,0.1273,0.0310407,0.36672,62.5,37.5
28,20,0.138441,0.0337399,0.226144,69.8113,30.1887
28,21,0.14887,0.0324422,0.134464,26.506,73.494
28,22,0.13482,0.0315406,0.299488,66.2162,33.7838
28,23,0.140683,0.032976,0.06112,10.8696,89.1304
28,24,0.147473,0.0341007,0.128352,26.9231,73.0769
28,25,0.050096,0.0156654,0.42784,81.3953,18.6047
28,26,0.13725,0.0348556,0.268928,47.3118,52.6882
28,27,0.147802,0.0320603,0.268928,46.3158,53.6842
28,28,0.150677,0.0342484,0.146688,36.9231,63.0769
28,29,0.153118,0.0315379,0.110016,18.1818,81.8182
28,30,0.135272,0.0341906,0.232256,52.0548,47.9452
28,31,0.0887952,0.0214325,0.201696,38.3721,61.6279
28,32,0.132817,0.0314248,0.232256,51.3514,48.6486
28,33,0.137318,0.0332651,0.189472,34.8315,65.1685
28,34,0.109375,0.0283812,0.33616,63.9535,36.0465
28,35,0.133008,0.0310767,0.281152,73.0159,26.9841
28,36,0.140746,0.0335534,0.262816,54.4304,45.5696
28,37,0.0187561,0.00522417,0.513408,96.5517,3.44828
28,38,0.137072,0.0350045,0.250592,45.0549,54.9451
28,39,0.152669,0.0338928,0.09168,18.75,81.25
28,40,0.138538,0.0341213,0.1528,29.7619,70.2381
28,41,0.136685,0.0343175,0.134464,25.8824,74.1176
28,42,0.00924918,0.00187715,0.495072,96.4286,3.57143
28,43,0.030552,0.00933719,0.568416,96.875,3.125
28,44,0.127453,0.0318544,0.470624,79.3814,20.6186
28,45,0.110177,0.0279704,0.262816,51.8072,48.1928
28,46,0.156345,0.0316633,0.085568,17.284,82.716
28,47,0.140645,0.0350433,0.18336,37.037,62.963
28,48,0.0839047,0.0213393,0.452288,82.2222,17.7778
28,49,0.128029,0.0282871,0.21392,54.6875,45.3125
28,50,0.139849,0.0357907,0.06112,12.987,87.013
28,51,0.130416,0.0310202,0.372832,63.5417,36.4583
28,52,0.136903,0.0312645,0.36672,57.1429,42.8571
28,53,0.136428,0.0352176,0.177248,47.541,52.459
28,54,0.144819,0.035346,0.177248,34.9398,65.0602
28,55,0.130077,0.0307241,0.3056,69.4444,30.5556
28,56,0.00759865,0.00207625,0.4584,100,0
28,57,0.0337082,0.00857652,0.317824,65,35
28,58,0.147272,0.0345561,0.097792,16.6667,83.3333
28,59,0.139597,0.0369147,0.097792,16.4948,83.5052
28,60,0.138707,0.0306524,0.27504,67.1642,32.8358
28,61,0.140404,0.0365944,0.238368,39.7959,60.2041
28,62,0.0692221,0.0174326,0.256704,48.2759,51.7241
28,63,0.0253074,0.00782491,0.513408,88.4211,11.5789
28,64,0.144849,0.0333026,0.268928,50.5747,49.4253
28,65,0.0433727,0.0120059,0.360608,98.3333,1.66667
28,66,0.0981169,0.0274429,0.354496,55.2381,44.7619
28,67,0.0416321,0.0118091,0.635648,100,0
28,68,0.100647,0.026423,0.385056,88.7324,11.2676
28,69,0.0661386,0.0162495,0.27504,58.4416,41.5584
28,70,0.114029,0.0301957,0.391168,69.5652,30.4348
28,71,0.135471,0.032314,0.177248,39.1892,60.8108
28,72,0.137741,0.0332572,0.262816,44.7917,55.2083
28,73,0.12453,0.0308913,0.311712,57.3034,42.6966
28,74,0.127756,0.0297481,0.36672,56.6038,43.3962
30,0,0.136279,0.033079,0.146688,28.9157,71.0843
30,1,0.119406,0.0296505,0.323936,58.8889,41.1111
30,2,0.137065,0.0326674,0.09168,16.8539,83.1461
30,3,0.145048,0.0369136,0.171136,42.4242,57.5758
30,4,0.129286,0.0321876,0.158912,38.2353,61.7647
30,5,0.147127,0.0334568,0.201696,53.2258,46.7742
30,6,0.0669745,0.017987,0.501184,100,0
30,7,0.117229,0.0286033,0.262816,46.2366,53.7634
30,8,0.122813,0.0294269,0.3056,60.241,39.759
30,9,0.0173403,0.00563153,0.415616,77.2727,22.7273
30,10,0.131792,0.0325092,0.262816,52.439,47.561
30,11,0.107207,0.0290919,0.391168,70.3297,29.6703
30,12,0.0179654,0.00486695,0.323936,63.0952,36.9048
30,13,0.143456,0.0356172,0.24448,45.977,54.023
30,14,0.118416,0.0309032,0.476736,88.6364,11.3636
30,15,0.0960893,0.0254084,0.36672,90.9091,9.09091
30,16,0.121056,0.0296731,0.317824,62.6506,37.3494
30,17,0.033948,0.0101985,0.421728,100,0
30,18,0.151727,0.0312412,0.12224,23.5294,76.4706
30,19,0.125108,0.0309192,0.372832,69.3182,30.6818
30,20,0.138361,0.0338125,0.33616,52.8846,47.1154
30,21,0.149227,0.0323705,0.21392,49.2958,50.7042
30,22,0.134911,0.030907,0.372832,66.3043,33.6957
30,23,0.14011,0.0326875,0.067232,11.5789,88.4211
30,24,0.147916,0.0342145,0.171136,29.4737,70.5263
30,25,0.0526156,0.0161278,0.39728,83.3333,16.6667
30,26,0.137233,0.0351215,0.220032,52.1739,47.8261
30,27,0.144359,0.0318167,0.262816,46.7391,53.2609
30,28,0.149893,0.0337166,0.226144,46.25,53.75
30,29,0.152667,0.0320703,0.195584,30.7692,69.2308
30,30,0.13582,0.033963,0.27504,47.8723,52.1277
30,31,0.0915438,0.0219103,0.3056,56.1798,43.8202
30,32,0.133644,0.031572,0.287264,54.023,45.977
30,33,0.138255,0.0328933,0.146688,34.7826,65.2174
30,34,0.111154,0.0283861,0.299488,64.4737,35.5263
30,35,0.133528,0.0314882,0.27504,52.3256,47.6744
30,36,0.140502,0.0330298,0.403392,65.3465,34.6535
30,37,0.0181598,0.00519056,0.543968,96.7391,3.26087
30,38,0.136669,0.0348273,0.226144,59.6774,40.3226
30,39,0.153276,0.0339722,0.097792,18.3908,81.6092
30,40,0.138569,0.0340979,0.238368,65,35
30,41,0.137082,0.0350396,0.171136,35,65
30,42,0.00892383,0.00178482,0.385056,100,0
30,43,0.0291805,0.00900232,0.507296,96.5116,3.48837
30,44,0.128293,0.03176,0.403392,64.0777,35.9223
30,45,0.111552,0.0281497,0.3056,59.5238,40.4762
30,46,0.154238,0.0317883,0.12224,22.9885,77.0115
30,47,0.141314,0.0349644,0.103904,22.973,77.027
30,48,0.0865499,0.0216612,0.403392,84.6154,15.3846
30,49,0.129036,0.028714,0.299488,50.5155,49.4845
30,50,0.139281,0.0368246,0.12224,25.3165,74.6835
30,51,0.130262,0.0310119,0.311712,91.0714,8.92857
30,52,0.137093,0.0315437,0.317824,53.6082,46.3918
30,53,0.13591,0.0345678,0.317824,57.1429,42.8571
30,54,0.145807,0.0357069,0.220032,41.3793,58.6207
30,55,0.129848,0.0306404,0.348384,64.0449,35.9551
30,56,0.00735171,0.00195935,0.4584,100,0
30,57,0.0381297,0.00957969,0.354496,90.625,9.375
30,58,0.14718,0.0348744,0.079456,22.4138,77.5862
30,59,0.138936,0.0372972,0.171136,30.1075,69.8925
30,60,0.137477,0.0309273,0.33616,75.3425,24.6575
30,61,0.140385,0.036517,0.097792,33.3333,66.6667
30,62,0.0733472,0.0182191,0.323936,72.6027,27.3973
30,63,0.0318501,0.00907499,0.476736,73.5849,26.4151
30,64,0.14429,0.0332352,0.189472,33.6957,66.3043
30,65,0.0430942,0.012225,0.39728,79.2683,20.7317
30,66,0.0986602,0.0279331,0.256704,56,44
30,67,0.0397771,0.0113688,0.470624,97.4684,2.53165
30,68,0.0987137,0.0261158,0.348384,80.2817,19.7183
30,69,0.0705402,0.017286,0.33616,53.9216,46.0784
30,70,0.114141,0.0308475,0.311712,66.2338,33.7662
30,71,0.135533,0.0331194,0.201696,50,50
30,72,0.138039,0.0334372,0.232256,37.2549,62.7451
30,73,0.124692,0.031013,0.330048,57.4468,42.5532
30,74,0.126511,0.0294936,0.317824,53.0612,46.9388
32,0,0.136372,0.033152,0.097792,18.6047,81.3953
32,1,0.119604,0.0296651,0.342272,65.8824,34.1176
32,2,0.137437,0.0328061,0.09168,16.129,83.871
32,3,0.143814,0.037415,0.116128,28.7879,71.2121
32,4,0.1291,0.0323152,0.256704,57.5342,42.4658
32,5,0.14637,0.0332209,0.287264,51.6484,48.3516
32,6,0.0604194,0.0161428,0.64176,99.0566,0.943396
32,7,0.11777,0.0297348,0.232256,44.7059,55.2941
32,8,0.124481,0.0290819,0.42784,81.3953,18.6047
32,9,0.0214303,0.00653427,0.440064,96,4
32,10,0.13294,0.0323552,0.268928,62.8571,37.1429
32,11,0.107349,0.0287438,0.372832,88.4058,11.5942
32,12,0.0253052,0.00647591,0.476736,82.9787,17.0213
32,13,0.143732,0.0354173,0.281152,47.4227,52.5773
32,14,0.115785,0.0305451,0.323936,81.5385,18.4615
32,15,0.0943421,0.0247679,0.409504,73.6264,26.3736
32,16,0.121064,0.0299846,0.311712,66.2338,33.7662
32,17,0.0320729,0.0095802,0.433952,100,0
32,18,0.152119,0.0312169,0.103904,15.8879,84.1121
32,19,0.123234,0.0303859,0.391168,71.1111,28.8889
32,20,0.137192,0.0339489,0.24448,50,50
32,21,0.149944,0.03236,0.12224,24.0964,75.9036
32,22,0.134247,0.0307563,0.323936,69.7368,30.2632
32,23,0.140441,0.0324799,0.03056,7.57576,92.4242
32,24,0.147678,0.03465,0.103904,17.3469,82.6531
32,25,0.0549181,0.0165003,0.250592,63.0769,36.9231
32,26,0.137467,0.0352268,0.317824,54.7368,45.2632
32,27,0.144126,0.0316537,0.323936,53,47
32,28,0.149962,0.0337843,0.158912,30.2326,69.7674
32,29,0.152415,0.0319403,0.116128,28.3582,71.6418
32,30,0.135549,0.0336317,0.348384,60,40
32,31,0.094503,0.0224559,0.317824,46.0177,53.9823
32,32,0.13283,0.0322261,0.323936,58.8889,41.1111
32,33,0.137648,0.032312,0.281152,50,50
32,34,0.112631,0.0285178,0.342272,58.9474,41.0526
32,35,0.13421,0.0317149,0.268928,51.7647,48.2353
32,36,0.139083,0.0328949,0.311712,59.3023,40.6977
32,37,0.021479,0.00617447,0.39728,74.7126,25.2874
32,38,0.137078,0.0344959,0.195584,48.4848,51.5152
32,39,0.152209,0.0340856,0.097792,20.5128,79.4872
32,40,0.138086,0.0340214,0.226144,62.7119,37.2881
32,41,0.136519,0.0351655,0.299488,60.4938,39.5062
32,42,0.0105141,0.00226227,0.501184,93.1818,6.81818
32,43,0.0291498,0.00892709,0.403392,90.411,9.58904
32,44,0.127567,0.0319199,0.268928,73.3333,26.6667
32,45,0.112843,0.028354,0.262816,51.8072,48.1928
32,46,0.154533,0.0316975,0.09168,21.7391,78.2609
32,47,0.13825,0.0347905,0.24448,46.5116,53.4884
32,48,0.088622,0.0219727,0.268928,66.6667,33.3333
32,49,0.129572,0.0286414,0.403392,76.7442,23.2558
32,50,0.140076,0.0371072,0.158912,28.5714,71.4286
32,51,0.129141,0.0307271,0.476736,73.5849,26.4151
32,52,0.137415,0.0315465,0.250592,48.2353,51.7647
32,53,0.1346,0.0347123,0.232256,61.2903,38.7097
32,54,0.14674,0.0353134,0.18336,40,60
32,55,0.129013,0.0307923,0.281152,56.7901,43.2099
32,56,0.00783035,0.00211477,0.562304,96.8421,3.15789
32,57,0.0434449,0.01058,0.378944,68.8889,31.1111
32,58,0.147516,0.0345301,0.067232,10.7843,89.2157
32,59,0.138497,0.0360146,0.262816,46.2366,53.7634
32,60,0.137235,0.0308521,0.385056,68.4783,31.5217
32,61,0.141538,0.0365789,0.195584,30.4762,69.5238
32,62,0.0769648,0.018864,0.33616,74.3243,25.6757
32,63,0.0367228,0.0101716,0.421728,71.875,28.125
32,64,0.143889,0.0336409,0.140576,37.0968,62.9032
32,65,0.0461594,0.0126431,0.42784,89.7436,10.2564
32,66,0.10168,0.0282336,0.317824,65,35
32,67,0.03938,0.011458,0.433952,85.5422,14.4578
32,68,0.095435,0.025431,0.464512,88.3721,11.6279
32,69,0.0745877,0.0179455,0.330048,46.9565,53.0435
32,70,0.113351,0.0309061,0.378944,72.9412,27.0588
32,71,0.134712,0.0328777,0.391168,58.1818,41.8182
32,72,0.13853,0.0333052,0.177248,46.0317,53.9683
32,73,0.124807,0.0311045,0.146688,57.1429,42.8571
32,74,0.127325,0.02963,0.27504,43.2692,56.7308
34,0,0.13604,0.0334121,0.110016,22.7848,77.2152
34,1,0.121413,0.0298998,0.360608,62.766,37.234
34,2,0.137202,0.0330404,0.12224,26.3158,73.6842
34,3,0.144671,0.0366477,0.226144,44.0476,55.9524
34,4,0.129299,0.0323479,0.268928,56.4103,43.5897
34,5,0.144612,0.0332565,0.311712,56.044,43.956
34,6,0.0555719,0.01478,0.574528,100,0
34,7,0.119205,0.0302919,0.317824,52,48
34,8,0.122953,0.0290066,0.372832,70.9302,29.0698
34,9,0.0256745,0.00785808,0.433952,71.7172,28.2828
34,10,0.133854,0.0323483,0.330048,46.1538,53.8462
34,11,0.108819,0.0287533,0.409504,70.5263,29.4737
34,12,0.0297767,0.00738881,0.342272,57.732,42.268
34,13,0.143861,0.0355796,0.165024,50,50
34,14,0.11441,0.0300692,0.446176,83.908,16.092
34,15,0.0919885,0.0242059,0.403392,86.8421,13.1579
34,16,0.121539,0.0299402,0.378944,69.6629,30.3371
34,17,0.0335552,0.010041,0.421728,89.6104,10.3896
34,18,0.151701,0.0313882,0.128352,23.0769,76.9231
34,19,0.123833,0.0304963,0.354496,75.3247,24.6753
34,20,0.137947,0.0334496,0.293376,49.4845,50.5155
34,21,0.150528,0.0330276,0.220032,50.7042,49.2958
34,22,0.134209,0.031205,0.317824,64.1975,35.8025
34,23,0.14073,0.0321217,0.048896,9.09091,90.9091
34,24,0.147478,0.0350955,0.085568,15.5556,84.4444
34,25,0.0593659,0.0171595,0.391168,72.7273,27.2727
34,26,0.137905,0.0349693,0.342272,57.1429,42.8571
34,27,0.14204,0.0321103,0.177248,37.6623,62.3377
34,28,0.148906,0.033338,0.232256,39.5833,60.4167
34,29,0.152169,0.0319431,0.146688,37.5,62.5
34,30,0.135586,0.033267,0.232256,50.6667,49.3333
34,31,0.0967616,0.0228437,0.220032,48,52
34,32,0.133807,0.0318181,0.354496,53.7037,46.2963
34,33,0.138285,0.0323849,0.171136,32.5581,67.4419
34,34,0.112639,0.0283352,0.403392,68.0412,31.9588
34,35,0.13402,0.0315853,0.140576,43.3962,56.6038
34,36,0.137937,0.0325943,0.195584,80,20
34,37,0.026498,0.00728644,0.403392,74.1573,25.8427
34,38,0.135571,0.0346535,0.24448,60.6061,39.3939
34,39,0.152202,0.0337777,0.067232,12.5,87.5
34,40,0.138637,0.034045,0.268928,50.5747,49.4253
34,41,0.13607,0.0345441,0.262816,53.75,46.25
34,42,0.012619,0.00280973,0.58064,94.0594,5.94059
34,43,0.0311159,0.00953948,0.27504,91.8367,8.16327
34,44,0.128345,0.0319348,0.33616,53.3981,46.6019
34,45,0.114237,0.0284761,0.232256,56.7164,43.2836
34,46,0.157282,0.0314331,0.12224,23.8095,76.1905
34,47,0.136765,0.034856,0.317824,57.1429,42.8571
34,48,0.0911191,0.022257,0.342272,70.8861,29.1139
34,49,0.130435,0.0286865,0.268928,61.9718,38.0282
34,50,0.140649,0.0368176,0.116128,37.2549,62.7451
34,51,0.129456,0.0310528,0.220032,60,40
34,52,0.137326,0.0314531,0.189472,62,38
34,53,0.135876,0.0346028,0.226144,51.3889,48.6111
34,54,0.147722,0.0352455,0.12224,30.7692,69.2308
34,55,0.129016,0.0306736,0.354496,65.1685,34.8315
34,56,0.00800649,0.00219197,0.33616,100,0
34,57,0.0468931,0.0113804,0.287264,58.75,41.25
34,58,0.148528,0.0344598,0.079456,16.0494,83.9506
34,59,0.1378,0.0359095,0.27504,72.5806,27.4194
34,60,0.13547,0.0304607,0.378944,72.9412,27.0588
34,61,0.141206,0.0368134,0.128352,25.3012,74.6988
34,62,0.0797565,0.019304,0.348384,61.2903,38.7097
34,63,0.040995,0.0111635,0.452288,75.5102,24.4898
34,64,0.143247,0.0335782,0.287264,48.9583,51.0417
34,65,0.0503237,0.0134868,0.556192,81.25,18.75
34,66,0.102831,0.028195,0.201696,50.7692,49.2308
34,67,0.0399783,0.0116361,0.501184,91.1111,8.88889
34,68,0.0951032,0.0250795,0.354496,86.5672,13.4328
34,69,0.0789497,0.0184947,0.36672,56.0748,43.9252
34,70,0.113829,0.0309351,0.3056,69.4444,30.5556
34,71,0.135835,0.0326869,0.323936,63.0952,36.9048
34,72,0.138575,0.0337232,0.220032,46.7532,53.2468
34,73,0.125371,0.0314177,0.238368,50,50
34,74,0.127952,0.0297311,0.220032,56.25,43.75
36,0,0.13642,0.0334081,0.097792,30.7692,69.2308
36,1,0.121555,0.0298729,0.158912,59.0909,40.9091
36,2,0.136806,0.0328091,0.110016,64.2857,35.7143
36,3,0.144122,0.0364544,0.116128,42.2222,57.7778
36,4,0.129433,0.0323703,0.177248,54.717,45.283
36,5,0.144456,0.033198,0.103904,54.8387,45.1613
36,6,0.0531826,0.0141089,0.323936,100,0
36,7,0.119479,0.0303497,0.110016,58.0645,41.9355
36,8,0.122476,0.0292023,0.110016,85.7143,14.2857
36,9,0.0289614,0.00857365,0.232256,90.4762,9.52381
36,10,0.13358,0.0321894,0.09168,46.875,53.125
36,11,0.109701,0.0287448,0.189472,81.5789,18.4211
36,12,0.032928,0.00783517,0.21392,92.1053,7.89474
36,13,0.143754,0.0353946,0.1528,54.3478,45.6522
36,14,0.114634,0.0301853,0.110016,72,28
36,15,0.091822,0.0240383,0.268928,100,0
36,16,0.122146,0.0300668,0.232256,70.3704,29.6296
36,17,0.0337836,0.0100955,0.299488,96.0784,3.92157
36,18,0.151617,0.0313775,0.03056,13.8889,86.1111
36,19,0.124018,0.0303407,0.189472,81.5789,18.4211
36,20,0.138147,0.0333761,0.27504,71.4286,28.5714
36,21,0.151399,0.0329307,0.158912,49.0566,50.9434
36,22,0.134166,0.0309644,0.189472,70.4545,29.5455
36,23,0.140586,0.0327802,0.067232,28.9474,71.0526
36,24,0.148248,0.0348457,0.12224,52.6316,47.3684
36,25,0.0612024,0.017463,0.220032,76.5957,23.4043
36,26,0.137218,0.0351641,0.171136,53.8462,46.1538
36,27,0.142585,0.0321911,0.158912,46.4286,53.5714
36,28,0.148815,0.0335149,0.055008,20,80
36,29,0.151715,0.0318149,0.085568,31.1111,68.8889
36,30,0.136119,0.0331282,0.171136,65.1163,34.8837
36,31,0.0976998,0.0230931,0.097792,53.3333,46.6667
36,32,0.134364,0.031903,0.1528,86.2069,13.7931
36,33,0.138404,0.0325596,0.103904,51.5152,48.4848
36,34,0.113079,0.0282295,0.226144,80.4348,19.5652
36,35,0.134548,0.0315608,0.146688,58.5366,41.4634
36,36,0.137699,0.0323649,0.189472,51.6667,48.3333
36,37,0.0289397,0.00784207,0.21392,92.1053,7.89474
36,38,0.135789,0.0345434,0.12224,55.5556,44.4444
36,39,0.152787,0.0335544,0.055008,29.0323,70.9677
36,40,0.1389,0.0340604,0.09168,34.8837,65.1163
36,41,0.13571,0.0344748,0.06112,31.25,68.75
36,42,0.0139439,0.00346643,0.287264,90.3846,9.61538
36,43,0.033725,0.0101858,0.226144,72.549,27.451
36,44,0.127676,0.0316833,0.256704,87.5,12.5
36,45,0.115192,0.0285879,0.140576,39.6552,60.3448
36,46,0.157449,0.0321701,0.042784,24.1379,75.8621
36,47,0.136934,0.0352657,0.103904,70.8333,29.1667
36,48,0.0914111,0.0224948,0.171136,70,30
36,49,0.130782,0.0288746,0.238368,61.9048,38.0952
36,50,0.140957,0.0372855,0.09168,37.5,62.5
36,51,0.1286,0.0309069,0.12224,83.3333,16.6667
36,52,0.13726,0.0313576,0.09168,50,50
36,53,0.136525,0.034331,0.238368,66.1017,33.8983
36,54,0.14883,0.0348535,0.09168,28.3019,71.6981
36,55,0.129763,0.0306447,0.140576,100,0
36,56,0.00809978,0.00221611,0.299488,98,2
36,57,0.0493299,0.0117686,0.201696,91.6667,8.33333
36,58,0.148873,0.0342431,0.048896,19.0476,80.9524
36,59,0.137974,0.0358747,0.085568,51.8519,48.1481
36,60,0.133998,0.0302758,0.207808,79.0698,20.9302
36,61,0.141348,0.0369232,0.085568,37.8378,62.1622
36,62,0.0816064,0.0198741,0.171136,68.2927,31.7073
36,63,0.0431051,0.0117731,0.201696,75,25
36,64,0.143385,0.0334996,0.128352,51.2195,48.7805
36,65,0.0526208,0.0139335,0.189472,75.6098,24.3902
36,66,0.104352,0.0282674,0.250592,69.4915,30.5085
36,67,0.041543,0.0120643,0.232256,90.4762,9.52381
36,68,0.0947126,0.0248453,0.317824,82.5397,17.4603
36,69,0.0807716,0.0188995,0.165024,56.25,43.75
36,70,0.11406,0.0306419,0.171136,77.7778,22.2222
36,71,0.135511,0.0329859,0.103904,54.8387,45.1613
36,72,0.139,0.0334041,0.1528,65.7895,34.2105
36,73,0.12504,0.0315441,0.201696,67.3469,32.6531
36,74,0.128625,0.02971,0.165024,56.25,43.75
38,0,0.13642,0.0334081,0,0,0
38,1,0.121555,0.0298729,0,0,0
38,2,0.136806,0.0328091,0,0,0
38,3,0.144122,0.0364544,0,0,0
38,4,0.129433,0.0323703,0,0,0
38,5,0.144456,0.033198,0,0,0
38,6,0.0531826,0.0141089,0,0,0
38,7,0.119479,0.0303497,0,0,0
38,8,0.122476,0.0292023,0,0,0
38,9,0.0289614,0.00857365,0,0,0
38,10,0.13358,0.0321894,0,0,0
38,11,0.109701,0.0287448,0,0,0
38,12,0.032928,0.00783517,0,0,0
38,13,0.143754,0.0353946,0,0,0
38,14,0.114634,0.0301853,0,0,0
38,15,0.091822,0.0240383,0,0,0
38,16,0.122146,0.0300668,0,0,0
38,17,0.0337836,0.0100955,0,0,0
38,18,0.151617,0.0313775,0,0,0
38,19,0.124018,0.0303407,0,0,0
38,20,0.138147,0.0333761,0,0,0
38,21,0.151399,0.0329307,0,0,0
38,22,0.134166,0.0309644,0,0,0
38,23,0.140586,0.0327802,0,0,0
38,24,0.148248,0.0348457,0,0,0
38,25,0.0612024,0.017463,0,0,0
38,26,0.137218,0.0351641,0,0,0
38,27,0.142585,0.0321911,0,0,0
38,28,0.148815,0.0335149,0,0,0
38,29,0.151715,0.0318149,0,0,0
38,30,0.136119,0.0331282,0,0,0
38,31,0.0976998,0.0230931,0,0,0
38,32,0.134364,0.031903,0,0,0
38,33,0.138404,0.0325596,0,0,0
38,34,0.113079,0.0282295,0,0,0
38,35,0.134548,0.0315608,0,0,0
38,36,0.137699,0.0323649,0,0,0
38,37,0.0289397,0.00784207,0,0,0
38,38,0.135789,0.0345434,0,0,0
38,39,0.152787,0.0335544,0,0,0
38,40,0.1389,0.0340604,0,0,0
38,41,0.13571,0.0344748,0,0,0
38,42,0.0139439,0.00346643,0,0,0
38,43,0.033725,0.0101858,0,0,0
38,44,0.127676,0.0316833,0,0,0
38,45,0.115192,0.0285879,0,0,0
38,46,0.157449,0.0321701,0,0,0
38,47,0.136934,0.0352657,0,0,0
38,48,0.0914111,0.0224948,0,0,0
38,49,0.130782,0.0288746,0,0,0
38,50,0.140957,0.0372855,0,0,0
38,51,0.1286,0.0309069,0,0,0
38,52,0.13726,0.0313576,0,0,0
38,53,0.136525,0.034331,0,0,0
38,54,0.14883,0.0348535,0,0,0
38,55,0.129763,0.0306447,0,0,0
38,56,0.00809978,0.00221611,0,0,0
38,57,0.0493299,0.0117686,0,0,0
38,58,0.148873,0.0342431,0,0,0
38,59,0.137974,0.0358747,0,0,0
38,60,0.133998,0.0302758,0,0,0
38,61,0.141348,0.0369232,0,0,0
38,62,0.0816064,0.0198741,0,0,0
38,63,0.0431051,0.0117731,0,0,0
38,64,0.143385,0.0334996,0,0,0
38,65,0.0526208,0.0139335,0,0,0
38,66,0.104352,0.0282674,0,0,0
38,67,0.041543,0.0120643,0,0,0
38,68,0.0947126,0.0248453,0,0,0
38,69,0.0807716,0.0188995,0,0,0
38,70,0.11406,0.0306419,0,0,0
38,71,0.135511,0.0329859,0,0,0
38,72,0.139,0.0334041,0,0,0
38,73,0.12504,0.0315441,0,0,0
38,74,0.128625,0.02971,0,0,0
