Time,UE,Delay,Jitter,Throughput,PDR,PLR
2,0,0,0,0,0,0
2,1,0,0,0,0,0
2,2,0,0,0,0,0
2,3,0,0,0,0,0
2,4,0,0,0,0,0
2,5,0,0,0,0,0
2,6,0,0,0,0,0
2,7,0,0,0,0,0
2,8,0,0,0,0,0
2,9,0,0,0,0,0
2,10,0,0,0,0,0
2,11,0,0,0,0,0
2,12,0,0,0,0,0
2,13,0,0,0,0,0
2,14,0,0,0,0,0
2,15,0,0,0,0,0
2,16,0,0,0,0,0
2,17,0,0,0,0,0
2,18,0,0,0,0,0
2,19,0,0,0,0,0
2,20,0,0,0,0,0
2,21,0,0,0,0,0
2,22,0,0,0,0,0
2,23,0,0,0,0,0
2,24,0,0,0,0,0
2,25,0,0,0,0,0
2,26,0,0,0,0,0
2,27,0,0,0,0,0
2,28,0,0,0,0,0
2,29,0,0,0,0,0
2,30,0,0,0,0,0
2,31,0,0,0,0,0
2,32,0,0,0,0,0
2,33,0,0,0,0,0
2,34,0,0,0,0,0
2,35,0,0,0,0,0
2,36,0,0,0,0,0
2,37,0,0,0,0,0
2,38,0,0,0,0,0
2,39,0,0,0,0,0
2,40,0,0,0,0,0
2,41,0,0,0,0,0
2,42,0,0,0,0,0
2,43,0,0,0,0,0
2,44,0,0,0,0,0
2,45,0,0,0,0,0
2,46,0,0,0,0,0
2,47,0,0,0,0,0
2,48,0,0,0,0,0
2,49,0,0,0,0,0
2,50,0,0,0,0,0
2,51,0,0,0,0,0
2,52,0,0,0,0,0
2,53,0,0,0,0,0
2,54,0,0,0,0,0
2,55,0,0,0,0,0
2,56,0,0,0,0,0
2,57,0,0,0,0,0
2,58,0,0,0,0,0
2,59,0,0,0,0,0
2,60,0,0,0,0,0
2,61,0,0,0,0,0
2,62,0,0,0,0,0
2,63,0,0,0,0,0
2,64,0,0,0,0,0
2,65,0,0,0,0,0
2,66,0,0,0,0,0
2,67,0,0,0,0,0
2,68,0,0,0,0,0
2,69,0,0,0,0,0
2,70,0,0,0,0,0
2,71,0,0,0,0,0
2,72,0,0,0,0,0
2,73,0,0,0,0,0
2,74,0,0,0,0,0
4,0,0.07116,0.0284023,0.18336,37.037,62.963
4,1,0.125379,0.0383462,0.165024,40.9091,59.0909
4,2,0.105562,0.0380606,0.024448,5.19481,94.8052
4,3,0.147179,0.0356415,0.177248,38.1579,61.8421
4,4,0.115565,0.0263071,0.348384,61.2903,38.7097
4,5,0,0,0,0,100
4,6,0.0315865,0.00827552,0.42784,95.8904,4.10959
4,7,0.179172,0.0291555,0.256704,53.8462,46.1538
4,8,0.148204,0.0294846,0.299488,51.0417,48.9583
4,9,0,0,0,0,100
4,10,0.170846,0.0283495,0.146688,40,60
4,11,0.132982,0.0347368,0.189472,46.9697,53.0303
4,12,0.139781,0.0404143,0.12224,26.6667,73.3333
4,13,0.148655,0.0334304,0.250592,44.086,55.914
4,14,0,0,0,0,100
4,15,0.0112476,0,0.006112,1.5873,98.4127
4,16,0,0,0,0,100
4,17,0.121682,0.0329127,0.250592,46.5909,53.4091
4,18,0,0,0,0,100
4,19,0.129618,0.0281337,0.262816,53.0864,46.9136
4,20,0.175089,0.0302326,0.201696,44,56
4,21,0.137161,0.0375468,0.128352,32.3077,67.6923
4,22,0.109599,0.0262886,0.299488,56.9767,43.0233
4,23,0,0,0,0,100
4,24,0.139108,0.0350257,0.238368,43.8202,56.1798
4,25,0.110903,0.0304975,0.299488,63.6364,36.3636
4,26,0.128031,0.0254529,0.42784,72.1649,27.8351
4,27,0.143433,0.0224302,0.201696,43.4211,56.5789
4,28,0,0,0,0,100
4,29,0.19221,0.0149424,0.06112,12.8205,87.1795
4,30,0.118289,0.0508194,0.134464,37.931,62.069
4,31,0.164064,0.0477315,0.116128,21.3483,78.6517
4,32,0,0,0,0,100
4,33,0.141257,0.0436204,0.085568,16.092,83.908
4,34,0,0,0,0,100
4,35,0.157012,0.0233748,0.12224,23.5294,76.4706
4,36,0.252788,0.0335343,0.055008,11.6883,88.3117
4,37,0.260226,0.102595,0.024448,7.84314,92.1569
4,38,0,0,0,0,100
4,39,0.058571,0.0164932,0.348384,76,24
4,40,0.179366,0.0324053,0.238368,50,50
4,41,0,0,0,0,100
4,42,0.219483,0.071926,0.103904,25.7576,74.2424
4,43,0.107768,0.0227534,0.317824,63.4146,36.5854
4,44,0.40764,0.006,0.012224,3.33333,96.6667
4,45,0.128901,0.0243915,0.207808,40.4762,59.5238
4,46,0,0,0,0,100
4,47,0.150577,0.0236559,0.146688,41.3793,58.6207
4,48,0.117962,0.0282172,0.073344,16.9014,83.0986
4,49,0,0,0,0,100
4,50,0.130966,0.031488,0.238368,40.2062,59.7938
4,51,0,0,0,0,100
4,52,0.132993,0.0251734,0.33616,68.75,31.25
4,53,0.132702,0.0221303,0.226144,58.7302,41.2698
4,54,0,0,0,0,100
4,55,0.231287,0.0417267,0.079456,25,75
4,56,0.136531,0.0400254,0.036672,8.21918,91.7808
4,57,0.0936432,0.0382466,0.220032,51.4286,48.5714
4,58,0,0,0,0,100
4,59,0,0,0,0,100
4,60,0.17666,0.0353658,0.140576,37.7049,62.2951
4,61,0.13986,0.0298715,0.238368,50.6494,49.3506
4,62,0.13896,0.0362744,0.195584,43.2432,56.7568
4,63,0.145275,0.02,0.024448,4.81928,95.1807
4,64,0,0,0,0,100
4,65,0.0107874,0,0.006112,1.28205,98.7179
4,66,0.132365,0.030333,0.226144,41.1111,58.8889
4,67,0.139112,0.0379161,0.195584,38.0952,61.9048
4,68,0.126362,0.0226535,0.385056,70.7865,29.2135
4,69,0.144468,0.0298352,0.195584,45.7143,54.2857
4,70,0.148812,0.0291013,0.165024,43.5484,56.4516
4,71,0.201025,0.0264387,0.201696,35.1064,64.8936
4,72,0.0776074,0.0223756,0.42784,79.5455,20.4545
4,73,0,0,0,0,100
4,74,0.141614,0.0303075,0.299488,49,51
6,0,0.140345,0.034793,0.299488,53.2609,46.7391
6,1,0.131664,0.0348839,0.158912,32.0988,67.9012
6,2,0.135707,0.0394177,0.03056,5.74713,94.2529
6,3,0.161217,0.0375871,0.140576,23.7113,76.2887
6,4,0.118853,0.0303814,0.21392,40.6977,59.3023
6,5,0.167034,0.0206667,0.036672,9.375,90.625
6,6,0.0303156,0.0098617,0.440064,80,20
6,7,0.184387,0.0325799,0.268928,46.3158,53.6842
6,8,0.144768,0.0325177,0.140576,38.3333,61.6667
6,9,0,0,0,0,100
6,10,0.166261,0.0338666,0.103904,18.2796,81.7204
6,11,0.140148,0.0356147,0.201696,33.3333,66.6667
6,12,0.144078,0.0331709,0.177248,32.2222,67.7778
6,13,0.172268,0.0408816,0.171136,31.1111,68.8889
6,14,0.101022,0.085,0.012224,2.38095,97.619
6,15,0.159143,0.0414875,0.134464,24.4444,75.5556
6,16,0,0,0,0,100
6,17,0.131574,0.0302796,0.293376,46.1538,53.8462
6,18,0.146362,0.0505447,0.134464,35.4839,64.5161
6,19,0.132637,0.0293786,0.250592,47.1264,52.8736
6,20,0.172029,0.0292374,0.281152,50.5495,49.4505
6,21,0.162067,0.0434177,0.067232,14.1026,85.8974
6,22,0.129706,0.0288976,0.250592,56.9444,43.0556
6,23,0.171815,0.018,0.012224,2.35294,97.6471
6,24,0.16018,0.0397721,0.268928,53.012,46.988
6,25,0.131466,0.0331696,0.360608,64.1304,35.8696
6,26,0.1429,0.0314176,0.348384,60,40
6,27,0.165751,0.0269486,0.134464,28.9474,71.0526
6,28,0.19906,0.0392533,0.048896,10.2564,89.7436
6,29,0.138199,0.0242282,0.232256,61.2903,38.7097
6,30,0.107717,0.040923,0.1528,37.3134,62.6866
6,31,0.170406,0.036113,0.226144,39.7849,60.2151
6,32,0.181309,0.0314578,0.171136,30.4348,69.5652
6,33,0.150685,0.0344378,0.165024,35.5263,64.4737
6,34,0.11203,0.0186667,0.036672,10.9091,89.0909
6,35,0.146377,0.0274083,0.201696,33.3333,66.6667
6,36,0.228067,0.0353873,0.036672,7.69231,92.3077
6,37,0.190432,0.0417029,0.189472,33.6957,66.3043
6,38,0.177379,0.0541051,0.103904,29.3103,70.6897
6,39,0.103152,0.0282267,0.311712,51.5152,48.4848
6,40,0.190029,0.0323912,0.09168,16.6667,83.3333
6,41,0.144925,0.0635574,0.079456,16.0494,83.9506
6,42,0.210029,0.0577426,0.036672,9.375,90.625
6,43,0.133576,0.0282202,0.238368,49.3671,50.6329
6,44,0.340826,0.0306713,0.018336,3.37079,96.6292
6,45,0.136032,0.0268646,0.21392,45.4545,54.5455
6,46,0,0,0,0,100
6,47,0.1492,0.0285903,0.165024,51.9231,48.0769
6,48,0.148069,0.0361293,0.1528,33.7838,66.2162
6,49,0.171988,0.0383221,0.165024,26.2136,73.7864
6,50,0.135029,0.0368367,0.195584,32.6531,67.3469
6,51,0.138652,0.034792,0.1528,27.7778,72.2222
6,52,0.130633,0.0281431,0.470624,74.7573,25.2427
6,53,0.159237,0.0298767,0.171136,28.5714,71.4286
6,54,0.132366,0.0193442,0.12224,25.641,74.359
6,55,0.184139,0.0484805,0.1528,30.8642,69.1358
6,56,0.1383,0.0365504,0.006112,1.33333,98.6667
6,57,0.119839,0.0337742,0.262816,58.1081,41.8919
6,58,0,0,0,0,100
6,59,0,0,0,0,100
6,60,0.174167,0.0332422,0.079456,14.7727,85.2273
6,61,0.141551,0.0306343,0.24448,47.0588,52.9412
6,62,0.143183,0.03261,0.177248,38.6667,61.3333
6,63,0.145275,0.02,0,0,100
6,64,0.126739,0.103384,0.018336,3.33333,96.6667
6,65,0.146892,0.0325959,0.103904,22.6667,77.3333
6,66,0.127867,0.0329815,0.134464,26.1905,73.8095
6,67,0.137639,0.0412767,0.1528,36.2319,63.7681
6,68,0.147966,0.0321914,0.299488,52.6882,47.3118
6,69,0.135044,0.0261521,0.293376,49.4845,50.5155
6,70,0.134887,0.035029,0.317824,53.0612,46.9388
6,71,0.184574,0.0305533,0.220032,46.7532,53.2468
6,72,0.107211,0.0228771,0.171136,37.3333,62.6667
6,73,0.148879,0.0436075,0.226144,40.6593,59.3407
6,74,0.137414,0.0286351,0.201696,45.2055,54.7945
8,0,0.152827,0.0364569,0.171136,35,65
8,1,0.12896,0.0335961,0.134464,30.9859,69.0141
8,2,0.187659,0.054934,0.079456,15.4762,84.5238
8,3,0.15123,0.0448793,0.110016,26.8657,73.1343
8,4,0.125029,0.0289732,0.330048,54,46
8,5,0.182679,0.0375904,0.24448,49.3827,50.6173
8,6,0.0505074,0.0142255,0.323936,65.4321,34.5679
8,7,0.168548,0.0357733,0.27504,69.2308,30.7692
8,8,0.148259,0.0329529,0.238368,39.7959,60.2041
8,9,0,0,0,0,100
8,10,0.163958,0.0344002,0.055008,15.7895,84.2105
8,11,0.143357,0.0361569,0.146688,26.3736,73.6264
8,12,0.14459,0.0297951,0.140576,22.7723,77.2277
8,13,0.167293,0.0403418,0.238368,38.2353,61.7647
8,14,0.13963,0.0628941,0.085568,14.5833,85.4167
8,15,0.174515,0.0412662,0.171136,40.5797,59.4203
8,16,0,0,0,0,100
8,17,0.136837,0.0298693,0.189472,43.662,56.338
8,18,0.152682,0.0394893,0.18336,28.0374,71.9626
8,19,0.138734,0.0361568,0.220032,54.5455,45.4545
8,20,0.148343,0.0281727,0.403392,78.5714,21.4286
8,21,0.156877,0.061104,0.079456,17.5676,82.4324
8,22,0.140936,0.0300029,0.27504,43.2692,56.7308
8,23,0.171815,0.018,0,0,100
8,24,0.15456,0.0354549,0.256704,52.5,47.5
8,25,0.137285,0.035715,0.268928,52.381,47.619
8,26,0.13007,0.0333561,0.293376,59.2593,40.7407
8,27,0.165839,0.0286871,0.262816,61.4286,38.5714
8,28,0.206037,0.0471215,0.03056,5.10204,94.898
8,29,0.133572,0.0269463,0.036672,14.2857,85.7143
8,30,0.119626,0.0378131,0.21392,46.6667,53.3333
8,31,0.15588,0.0392002,0.165024,32.5301,67.4699
8,32,0.181087,0.0294342,0.207808,47.2222,52.7778
8,33,0.160304,0.0340175,0.116128,20.8791,79.1209
8,34,0.154438,0.0337709,0.165024,29.3478,70.6522
8,35,0.143592,0.0308283,0.171136,36.3636,63.6364
8,36,0.229023,0.0372018,0.036672,8.10811,91.8919
8,37,0.206675,0.0429296,0.12224,21.2766,78.7234
8,38,0.169208,0.0436552,0.055008,9.89011,90.1099
8,39,0.103332,0.0316697,0.3056,47.1698,52.8302
8,40,0.184566,0.0327482,0.158912,36.6197,63.3803
8,41,0.157963,0.0435681,0.189472,29.5238,70.4762
8,42,0.208347,0.0485025,0.09168,18.75,81.25
8,43,0.12754,0.0296998,0.342272,70,30
8,44,0.295233,0.0407993,0.012224,2.73973,97.2603
8,45,0.138773,0.0299099,0.134464,25.5814,74.4186
8,46,0.362877,0,0.006112,1.49254,98.5075
8,47,0.145828,0.0280697,0.287264,49.4737,50.5263
8,48,0.134256,0.0311818,0.220032,36.3636,63.6364
8,49,0.190827,0.0415145,0.177248,52.7273,47.2727
8,50,0.143877,0.0380149,0.18336,40.5405,59.4595
8,51,0.152472,0.0396605,0.158912,26.5306,73.4694
8,52,0.131829,0.0291625,0.232256,61.2903,38.7097
8,53,0.170699,0.0316886,0.140576,31.0811,68.9189
8,54,0.156194,0.0276202,0.03056,6.94444,93.0556
8,55,0.187582,0.0418526,0.189472,40.7895,59.2105
8,56,0.135339,0.0362695,0.006112,1.49254,98.5075
8,57,0.139846,0.0374478,0.201696,40.2439,59.7561
8,58,0.185502,0,0.006112,1.06383,98.9362
8,59,0,0,0,0,100
8,60,0.180736,0.0349581,0.018336,3.94737,96.0526
8,61,0.137124,0.0319074,0.195584,42.1053,57.8947
8,62,0.134734,0.0336464,0.171136,40,60
8,63,0.145275,0.02,0,0,100
8,64,0.137564,0.0911389,0.012224,2.77778,97.2222
8,65,0.171459,0.0387117,0.226144,41.1111,58.8889
8,66,0.135985,0.0326769,0.140576,29.4872,70.5128
8,67,0.140908,0.0370025,0.207808,43.5897,56.4103
8,68,0.146296,0.0315169,0.385056,52.9412,47.0588
8,69,0.138072,0.0283643,0.195584,43.8356,56.1644
8,70,0.137847,0.0336261,0.281152,54.7619,45.2381
8,71,0.172292,0.0342409,0.232256,38.7755,61.2245
8,72,0.118163,0.0243507,0.207808,35.0515,64.9485
8,73,0.154215,0.0528827,0.24448,48.7805,51.2195
8,74,0.135427,0.0290279,0.36672,61.2245,38.7755
10,0,0.150229,0.0368196,0.201696,35.4839,64.5161
10,1,0.130306,0.0314206,0.189472,41.8919,58.1081
10,2,0.202247,0.0478794,0.048896,11.4286,88.5714
10,3,0.151251,0.0412386,0.238368,39,61
10,4,0.130825,0.0316444,0.21392,41.1765,58.8235
10,5,0.15616,0.0397153,0.189472,43.0556,56.9444
10,6,0.0649228,0.0181626,0.378944,75.6098,24.3902
10,7,0.157751,0.0358096,0.250592,50,50
10,8,0.144896,0.0338183,0.195584,35.5556,64.4444
10,9,0.137813,0.0438666,0.06112,10.4167,89.5833
10,10,0.163031,0.0349122,0.128352,32.3077,67.6923
10,11,0.147579,0.0334351,0.18336,40,60
10,12,0.152078,0.0316282,0.1528,23.8095,76.1905
10,13,0.172147,0.0428297,0.073344,14.4578,85.5422
10,14,0.140221,0.0515739,0.103904,17.8947,82.1053
10,15,0.171889,0.0410221,0.036672,6.81818,93.1818
10,16,0.177067,0.0173333,0.055008,8.03571,91.9643
10,17,0.137858,0.0335527,0.18336,34.8837,65.1163
10,18,0.146606,0.0372962,0.287264,55.9524,44.0476
10,19,0.140206,0.0350601,0.342272,48.6957,51.3043
10,20,0.145172,0.0289986,0.256704,47.191,52.809
10,21,0.158741,0.0574354,0.036672,7.59494,92.4051
10,22,0.143166,0.0306486,0.3056,58.8235,41.1765
10,23,0.171815,0.018,0,0,100
10,24,0.155048,0.033079,0.250592,51.8987,48.1013
10,25,0.141599,0.0350416,0.268928,46.3158,53.6842
10,26,0.144144,0.0342875,0.281152,49.4624,50.5376
10,27,0.171289,0.0311723,0.073344,14.4578,85.5422
10,28,0.178595,0.0469807,0.110016,19.7802,80.2198
10,29,0.138077,0.0285093,0.103904,21.7949,78.2051
10,30,0.12602,0.0362688,0.268928,43.1373,56.8627
10,31,0.155159,0.043943,0.097792,16.3265,83.6735
10,32,0.178951,0.0347717,0.189472,36.4706,63.5294
10,33,0.160778,0.0321739,0.128352,26.5823,73.4177
10,34,0.170443,0.0303353,0.220032,47.3684,52.6316
10,35,0.141941,0.0311712,0.09168,15.7895,84.2105
10,36,0.217181,0.0326503,0.036672,6.06061,93.9394
10,37,0.202579,0.0417952,0.055008,12,88
10,38,0.169137,0.0423516,0.006112,1.40845,98.5915
10,39,0.111523,0.033597,0.317824,57.7778,42.2222
10,40,0.183657,0.0339034,0.18336,43.4783,56.5217
10,41,0.174926,0.0497559,0.079456,12.5,87.5
10,42,0.236463,0.0502612,0.079456,13.5417,86.4583
10,43,0.131978,0.0298626,0.116128,23.4568,76.5432
10,44,0.253204,0.0392722,0.03056,6.32911,93.6709
10,45,0.147609,0.0287188,0.12224,25.974,74.026
10,46,0.180747,0.0440259,0.03056,5.37634,94.6237
10,47,0.149572,0.0309458,0.140576,38.9831,61.0169
10,48,0.131458,0.0287294,0.116128,26.7606,73.2394
10,49,0.180315,0.0442205,0.21392,34.3137,65.6863
10,50,0.143014,0.0362781,0.189472,40.2597,59.7403
10,51,0.151845,0.0416558,0.226144,38.9474,61.0526
10,52,0.13695,0.0307162,0.256704,51.8519,48.1481
10,53,0.171244,0.0347196,0.195584,32.3232,67.6768
10,54,0.15242,0.026529,0.048896,7.27273,92.7273
10,55,0.167827,0.0375217,0.33616,57.8947,42.1053
10,56,0.142375,0.0415788,0.006112,1.2987,98.7013
10,57,0.140685,0.0366393,0.226144,50.6849,49.3151
10,58,0.147378,0.0503655,0.055008,10,90
10,59,0.138022,0.015,0.024448,5.97015,94.0299
10,60,0.177269,0.035789,0.024448,4.65116,95.3488
10,61,0.140289,0.0345915,0.207808,43.038,56.962
10,62,0.138085,0.0325168,0.18336,31.9149,68.0851
10,63,0.146272,0.0237972,0.006112,1.0989,98.9011
10,64,0.137564,0.0911389,0,0,100
10,65,0.172997,0.0393415,0.12224,40,60
10,66,0.137723,0.0349179,0.128352,28,72
10,67,0.148516,0.0398255,0.220032,45.5696,54.4304
10,68,0.154933,0.0316898,0.268928,43.1373,56.8627
10,69,0.140991,0.0327507,0.201696,34.0206,65.9794
10,70,0.150709,0.0348381,0.262816,42.5743,57.4257
10,71,0.170476,0.0365672,0.097792,22.8571,77.1429
10,72,0.119645,0.0271931,0.097792,19.7531,80.2469
10,73,0.164476,0.0478334,0.232256,40.4255,59.5745
10,74,0.133911,0.0318107,0.21392,43.2099,56.7901
12,0,0.150208,0.0368888,0.171136,46.6667,53.3333
12,1,0.136593,0.0310251,0.232256,44.186,55.814
12,2,0.179924,0.0457853,0.103904,18.2796,81.7204
12,3,0.145189,0.0392419,0.256704,47.7273,52.2727
12,4,0.135025,0.0312604,0.103904,23.9437,76.0563
12,5,0.148162,0.0369688,0.27504,50.5618,49.4382
12,6,0.0810091,0.0211157,0.250592,46.5909,53.4091
12,7,0.157309,0.0349275,0.232256,55.0725,44.9275
12,8,0.136387,0.0345628,0.250592,51.8987,48.1013
12,9,0.141765,0.0338064,0.128352,45.6522,54.3478
12,10,0.163157,0.0358707,0.06112,11.6279,88.3721
12,11,0.147167,0.0350045,0.256704,40.7767,59.2233
12,12,0.15071,0.033081,0.110016,26.4706,73.5294
12,13,0.166362,0.0402477,0.226144,38.1443,61.8557
12,14,0.142334,0.0495482,0.055008,14.5161,85.4839
12,15,0.17377,0.0440047,0.042784,11.1111,88.8889
12,16,0.180024,0.0322601,0.03056,4.85437,95.1456
12,17,0.138671,0.0332561,0.177248,39.726,60.274
12,18,0.148592,0.0365954,0.250592,42.268,57.732
12,19,0.147313,0.0351651,0.232256,46.9136,53.0864
12,20,0.149535,0.0305307,0.268928,45.8333,54.1667
12,21,0.156383,0.0544892,0.03056,7.04225,92.9577
12,22,0.140616,0.0310831,0.299488,56.3218,43.6782
12,23,0.142345,0.0136244,0.042784,9.58904,90.411
12,24,0.154533,0.0333285,0.256704,44.2105,55.7895
12,25,0.145101,0.0339686,0.116128,26.7606,73.2394
12,26,0.144298,0.0348267,0.189472,30.6931,69.3069
12,27,0.165706,0.0342433,0.201696,54.0984,45.9016
12,28,0.177383,0.0490686,0.036672,9.09091,90.9091
12,29,0.145198,0.0306179,0.06112,13.8889,86.1111
12,30,0.133892,0.0353003,0.195584,46.3768,53.6232
12,31,0.158193,0.0436734,0.146688,29.2683,70.7317
12,32,0.161997,0.0344306,0.232256,43.1818,56.8182
12,33,0.159891,0.0336132,0.079456,15.4762,84.5238
12,34,0.168429,0.0327306,0.189472,38.75,61.25
12,35,0.143164,0.0317096,0.103904,18.8889,81.1111
12,36,0.217181,0.0326503,0,0,100
12,37,0.194958,0.0391922,0.09168,19.7368,80.2632
12,38,0.146235,0.0446525,0.207808,39.0805,60.9195
12,39,0.121159,0.032824,0.238368,47.561,52.439
12,40,0.169309,0.0337381,0.268928,61.9718,38.0282
12,41,0.175111,0.0501067,0.012224,2.8169,97.1831
12,42,0.215527,0.0445276,0.103904,29.3103,70.6897
12,43,0.136344,0.0294582,0.195584,45.0704,54.9296
12,44,0.187767,0.0350812,0.1528,26.3158,73.6842
12,45,0.150837,0.0297368,0.18336,27.027,72.973
12,46,0.184133,0.0450155,0.03056,6.66667,93.3333
12,47,0.141172,0.0309319,0.287264,43.1193,56.8807
12,48,0.132862,0.0303243,0.079456,18.0556,81.9444
12,49,0.168284,0.0395241,0.128352,39.6226,60.3774
12,50,0.149646,0.0359015,0.21392,47.2973,52.7027
12,51,0.152081,0.0388744,0.220032,38.7097,61.2903
12,52,0.136964,0.0307174,0.18336,37.037,62.963
12,53,0.174507,0.0338883,0.256704,50,50
12,54,0.158427,0.0378996,0.042784,10.4478,89.5522
12,55,0.165978,0.0388955,0.042784,7.69231,92.3077
12,56,0.173865,0.0371345,0.036672,6.74157,93.2584
12,57,0.143867,0.0392021,0.201696,35.1064,64.8936
12,58,0.152434,0.0451417,0.042784,7.44681,92.5532
12,59,0.128898,0.029982,0.134464,21.3592,78.6408
12,60,0.177269,0.035789,0,0,100
12,61,0.139862,0.0348222,0.27504,53.5714,46.4286
12,62,0.135846,0.0344309,0.1528,37.3134,62.6866
12,63,0.11438,0.0440859,0.018336,3.84615,96.1538
12,64,0.138959,0.0730537,0.012224,2.43902,97.561
12,65,0.169386,0.0401695,0.18336,47.619,52.381
12,66,0.138181,0.0358898,0.06112,11.1111,88.8889
12,67,0.152907,0.0382965,0.189472,47.6923,52.3077
12,68,0.15982,0.0333999,0.171136,30.7692,69.2308
12,69,0.14358,0.0324687,0.18336,42.8571,57.1429
12,70,0.153296,0.0353812,0.165024,36,64
12,71,0.171318,0.0392105,0.116128,25.6757,74.3243
12,72,0.122324,0.02835,0.103904,21.25,78.75
12,73,0.15892,0.0453673,0.238368,60,40
12,74,0.135587,0.0331595,0.238368,46.4286,53.5714
14,0,0.152178,0.0391147,0.085568,15.2174,84.7826
14,1,0.136624,0.0306373,0.116128,23.75,76.25
14,2,0.179924,0.0457853,0,0,100
14,3,0.14392,0.0381744,0.226144,36.6337,63.3663
14,4,0.134114,0.0309686,0.1528,34.7222,65.2778
14,5,0.14897,0.0401826,0.207808,48.5714,51.4286
14,6,0.088269,0.0239125,0.140576,27.0588,72.9412
14,7,0.162808,0.0376805,0.226144,41.1111,58.8889
14,8,0.135957,0.0339138,0.256704,43.299,56.701
14,9,0.165038,0.0372467,0.073344,12.5,87.5
14,10,0.163596,0.0435309,0.079456,15.2941,84.7059
14,11,0.147141,0.0360602,0.158912,35.1351,64.8649
14,12,0.148469,0.0338696,0.128352,22.1053,77.8947
14,13,0.168919,0.0394052,0.110016,20.9302,79.0698
14,14,0.150688,0.0464178,0.03056,6.25,93.75
14,15,0.170171,0.0433968,0.165024,32.1429,67.8571
14,16,0.137686,0.0357016,0.342272,58.3333,41.6667
14,17,0.140296,0.0325143,0.18336,42.2535,57.7465
14,18,0.146174,0.0372436,0.195584,38.5542,61.4458
14,19,0.147957,0.0341921,0.226144,43.5294,56.4706
14,20,0.152858,0.0327363,0.207808,40.4762,59.5238
14,21,0.141487,0.0521753,0.171136,32.5581,67.4419
14,22,0.139402,0.0306519,0.220032,51.4286,48.5714
14,23,0.1464,0.0202321,0.006112,1.05263,98.9474
14,24,0.155296,0.0339154,0.110016,21.9512,78.0488
14,25,0.146282,0.0344833,0.195584,40.5063,59.4937
14,26,0.152454,0.0351591,0.220032,64.2857,35.7143
14,27,0.15818,0.0355769,0.18336,37.5,62.5
14,28,0.17002,0.0426358,0.110016,25.7143,74.2857
14,29,0.144299,0.0297256,0.048896,8.33333,91.6667
14,30,0.136968,0.0342764,0.189472,31,69
14,31,0.160475,0.0437994,0.116128,26.0274,73.9726
14,32,0.161384,0.0344218,0.21392,46.6667,53.3333
14,33,0.170065,0.0366561,0.140576,25.5556,74.4444
14,34,0.162771,0.0341264,0.207808,41.4634,58.5366
14,35,0.147472,0.0348871,0.085568,18.1818,81.8182
14,36,0.229652,0.0393241,0.018336,3.22581,96.7742
14,37,0.182041,0.0378061,0.073344,21.0526,78.9474
14,38,0.1459,0.0413686,0.09168,16.6667,83.3333
14,39,0.128291,0.0323588,0.250592,44.086,55.914
14,40,0.171655,0.0341542,0.189472,41.3333,58.6667
14,41,0.165671,0.0482096,0.079456,15.6627,84.3373
14,42,0.209497,0.0449782,0.042784,7.6087,92.3913
14,43,0.13673,0.0308775,0.171136,31.8182,68.1818
14,44,0.187553,0.0349699,0.006112,1.53846,98.4615
14,45,0.149491,0.031701,0.09168,16.8539,83.1461
14,46,0.1665,0.0462752,0.110016,23.0769,76.9231
14,47,0.141072,0.0317639,0.24448,40.404,59.596
14,48,0.133637,0.0301638,0.311712,60,40
14,49,0.166091,0.0378117,0.232256,43.1818,56.8182
14,50,0.149284,0.0360917,0.116128,30.1587,69.8413
14,51,0.149882,0.0355502,0.21392,53.0303,46.9697
14,52,0.136828,0.0318799,0.201696,66,34
14,53,0.171471,0.0353225,0.226144,35.2381,64.7619
14,54,0.156584,0.0351841,0.189472,39.7436,60.2564
14,55,0.166175,0.0373288,0.073344,15.3846,84.6154
14,56,0.154895,0.0377654,0.079456,15.2941,84.7059
14,57,0.144343,0.03872,0.232256,46.9136,53.0864
14,58,0.145814,0.0385373,0.110016,18,82
14,59,0.14234,0.0289395,0.232256,32.2034,67.7966
14,60,0.177269,0.035789,0,0,100
14,61,0.1404,0.0335396,0.250592,39.0476,60.9524
14,62,0.136916,0.0349721,0.12224,32.2581,67.7419
14,63,0.166509,0.052571,0.055008,9.09091,90.9091
14,64,0.147221,0.0326788,0.140576,27.0588,72.9412
14,65,0.162511,0.0377172,0.21392,42.6829,57.3171
14,66,0.138718,0.0348075,0.220032,33.6449,66.3551
14,67,0.155699,0.0393006,0.079456,14.4444,85.5556
14,68,0.162025,0.0328091,0.226144,43.5294,56.4706
14,69,0.142533,0.0329528,0.220032,43.9024,56.0976
14,70,0.154132,0.0353393,0.12224,27.3973,72.6027
14,71,0.17462,0.0403383,0.055008,9.375,90.625
14,72,0.123919,0.0287737,0.048896,8.51064,91.4894
14,73,0.157671,0.0443882,0.195584,40.5063,59.4937
14,74,0.139414,0.0327134,0.226144,37.3737,62.6263
16,0,0.151248,0.0369083,0.195584,37.6471,62.3529
16,1,0.139566,0.0308888,0.110016,19.7802,80.2198
16,2,0.186692,0.0472713,0.055008,10.5882,89.4118
16,3,0.143927,0.0360634,0.24448,45.4545,54.5455
16,4,0.135932,0.030763,0.18336,36.5854,63.4146
16,5,0.155123,0.0396315,0.207808,47.2222,52.7778
16,6,0.0986585,0.0256539,0.250592,54.6667,45.3333
16,7,0.162791,0.0367639,0.195584,30.4762,69.5238
16,8,0.13195,0.0336869,0.256704,49.4118,50.5882
16,9,0.154366,0.0319894,0.226144,52.1127,47.8873
16,10,0.163612,0.0405592,0.085568,26.9231,73.0769
16,11,0.143817,0.0362148,0.293376,47.0588,52.9412
16,12,0.148256,0.0349747,0.189472,28.7037,71.2963
16,13,0.170433,0.0396,0.158912,30.2326,69.7674
16,14,0.151452,0.0418468,0.079456,14.1304,85.8696
16,15,0.168323,0.0400241,0.201696,44.5946,55.4054
16,16,0.140987,0.0334369,0.220032,39.1304,60.8696
16,17,0.14041,0.0324055,0.158912,33.7662,66.2338
16,18,0.146442,0.0373024,0.177248,42.6471,57.3529
16,19,0.145953,0.034388,0.103904,30.3571,69.6429
16,20,0.153776,0.0328254,0.201696,46.4789,53.5211
16,21,0.148422,0.043953,0.220032,47.3684,52.6316
16,22,0.136131,0.0301356,0.24448,42.5532,57.4468
16,23,0.16339,0.0218056,0.085568,17.0732,82.9268
16,24,0.157762,0.0358118,0.195584,27.8261,72.1739
16,25,0.139677,0.0337782,0.342272,63.6364,36.3636
16,26,0.15291,0.0344269,0.220032,41.3793,58.6207
16,27,0.152802,0.034237,0.3056,58.1395,41.8605
16,28,0.169673,0.0428045,0.018336,4.61538,95.3846
16,29,0.144527,0.0300521,0.018336,4.16667,95.8333
16,30,0.134562,0.0330429,0.220032,64.2857,35.7143
16,31,0.154244,0.0434652,0.201696,48.5294,51.4706
16,32,0.161945,0.0341946,0.146688,35.8209,64.1791
16,33,0.17121,0.0350357,0.097792,17.5824,82.4176
16,34,0.165075,0.033904,0.165024,25.4717,74.5283
16,35,0.143074,0.0347247,0.171136,24.3478,75.6522
16,36,0.238522,0.0412202,0.024448,4.5977,95.4023
16,37,0.183298,0.0392677,0.03056,7.69231,92.3077
16,38,0.151468,0.0377258,0.21392,40.6977,59.3023
16,39,0.128567,0.033052,0.097792,20.5128,79.4872
16,40,0.172932,0.0347338,0.165024,32.5301,67.4699
16,41,0.162855,0.0440595,0.097792,17.9775,82.0225
16,42,0.206579,0.0432108,0.110016,18.75,81.25
16,43,0.137048,0.0302847,0.220032,50,50
16,44,0.17744,0.0328312,0.055008,12.1622,87.8378
16,45,0.148964,0.0316206,0.103904,19.7674,80.2326
16,46,0.165651,0.0418036,0.06112,9.17431,90.8257
16,47,0.14194,0.0322523,0.207808,47.2222,52.7778
16,48,0.130658,0.0295571,0.1528,28.4091,71.5909
16,49,0.166044,0.0366605,0.24448,48.7805,51.2195
16,50,0.147629,0.0357509,0.134464,20.1835,79.8165
16,51,0.150734,0.0361304,0.158912,44.8276,55.1724
16,52,0.139863,0.0332934,0.207808,39.5349,60.4651
16,53,0.172371,0.0366374,0.085568,20,80
16,54,0.158377,0.0334787,0.110016,18.75,81.25
16,55,0.166577,0.0374583,0.012224,2.35294,97.6471
16,56,0.155279,0.0413742,0.073344,18.4615,81.5385
16,57,0.145556,0.0391766,0.146688,29.6296,70.3704
16,58,0.141553,0.038674,0.018336,3.26087,96.7391
16,59,0.142816,0.0296882,0.158912,40,60
16,60,0.18124,0.0355207,0.018336,4.05405,95.9459
16,61,0.141487,0.033806,0.146688,30.7692,69.2308
16,62,0.137927,0.0348043,0.103904,29.8246,70.1754
16,63,0.1848,0.0538756,0.165024,42.1875,57.8125
16,64,0.151834,0.0321071,0.042784,8.86076,91.1392
16,65,0.154279,0.0386086,0.18336,47.619,52.381
16,66,0.140222,0.0344131,0.097792,16.3265,83.6735
16,67,0.157202,0.0392968,0.128352,25.3012,74.6988
16,68,0.16338,0.033509,0.207808,39.0805,60.9195
16,69,0.142017,0.0326323,0.171136,36.8421,63.1579
16,70,0.155145,0.0353602,0.21392,39.7727,60.2273
16,71,0.175761,0.038745,0.116128,30.1587,69.8413
16,72,0.130046,0.0282678,0.134464,24.1758,75.8242
16,73,0.160684,0.0427186,0.18336,37.037,62.963
16,74,0.13717,0.0337833,0.146688,36.3636,63.6364
18,0,0.15034,0.0374595,0.171136,50,50
18,1,0.139693,0.0331338,0.116128,22.8916,77.1084
18,2,0.178423,0.0402296,0.256704,43.75,56.25
18,3,0.14154,0.0364357,0.165024,31.3953,68.6047
18,4,0.138028,0.0305559,0.177248,34.5238,65.4762
18,5,0.156957,0.0394152,0.226144,38.1443,61.8557
18,6,0.106011,0.0263353,0.232256,43.6782,56.3218
18,7,0.16053,0.0369555,0.158912,50.9804,49.0196
18,8,0.132293,0.0335802,0.1528,32.8947,67.1053
18,9,0.156792,0.0345039,0.177248,27.619,72.381
18,10,0.163487,0.0394771,0.128352,28.7671,71.2329
18,11,0.146681,0.0361563,0.134464,26.8293,73.1707
18,12,0.146251,0.0358101,0.110016,30.5085,69.4915
18,13,0.171156,0.0398206,0.1528,26.3158,73.6842
18,14,0.150956,0.0406501,0.024448,5.40541,94.5946
18,15,0.171267,0.0378672,0.232256,45.2381,54.7619
18,16,0.141703,0.0326935,0.18336,44.7761,55.2239
18,17,0.140054,0.0332957,0.158912,29.5455,70.4545
18,18,0.153297,0.0369384,0.262816,43.8776,56.1224
18,19,0.14371,0.0333529,0.299488,47.5728,52.4272
18,20,0.15289,0.0345365,0.256704,50.6024,49.3976
18,21,0.144904,0.0403066,0.238368,43.3333,56.6667
18,22,0.135476,0.0299015,0.195584,50.7937,49.2063
18,23,0.159478,0.0247721,0.024448,6.06061,93.9394
18,24,0.154886,0.0348457,0.293376,52.1739,47.8261
18,25,0.14084,0.0347481,0.189472,38.2716,61.7284
18,26,0.155143,0.0353983,0.189472,37.8049,62.1951
18,27,0.149385,0.0351654,0.195584,35.9551,64.0449
18,28,0.170742,0.0430788,0.067232,12.5,87.5
18,29,0.149766,0.0304487,0.03056,9.61538,90.3846
18,30,0.136263,0.0328195,0.097792,17.3913,82.6087
18,31,0.154219,0.0418991,0.146688,24.7423,75.2577
18,32,0.161388,0.0335754,0.287264,46.0784,53.9216
18,33,0.175308,0.035114,0.055008,9.57447,90.4255
18,34,0.165188,0.0358785,0.238368,37.5,62.5
18,35,0.148095,0.0343988,0.103904,18.8889,81.1111
18,36,0.244098,0.0426316,0.073344,12.9032,87.0968
18,37,0.162017,0.0378573,0.342272,54.3689,45.6311
18,38,0.152446,0.036211,0.158912,29.2135,70.7865
18,39,0.128472,0.0345501,0.110016,25.3521,74.6479
18,40,0.165895,0.0331334,0.33616,78.5714,21.4286
18,41,0.158126,0.043751,0.1528,32.0513,67.9487
18,42,0.193297,0.0390332,0.177248,33.3333,66.6667
18,43,0.140642,0.0308802,0.189472,43.662,56.338
18,44,0.172174,0.0344208,0.073344,13.9535,86.0465
18,45,0.145935,0.0321283,0.116128,32.2034,67.7966
18,46,0.172832,0.0480888,0.055008,14.0625,85.9375
18,47,0.139917,0.032778,0.165024,42.8571,57.1429
18,48,0.13131,0.0312691,0.03056,6.49351,93.5065
18,49,0.170212,0.037923,0.171136,24.7788,75.2212
18,50,0.148995,0.036186,0.1528,26.3158,73.6842
18,51,0.146247,0.0341669,0.226144,46.8354,53.1646
18,52,0.141918,0.0333881,0.311712,46.3636,53.6364
18,53,0.169193,0.0381377,0.24448,39.2157,60.7843
18,54,0.158909,0.0322185,0.134464,32.8358,67.1642
18,55,0.169197,0.0369912,0.06112,13.5135,86.4865
18,56,0.149392,0.0351665,0.134464,22,78
18,57,0.14669,0.0388935,0.207808,48.5714,51.4286
18,58,0.140768,0.0392403,0.012224,3.0303,96.9697
18,59,0.145125,0.0274045,0.134464,42.3077,57.6923
18,60,0.168367,0.0388424,0.134464,29.7297,70.2703
18,61,0.141823,0.0337615,0.177248,37.6623,62.3377
18,62,0.140307,0.0340797,0.140576,26.7442,73.2558
18,63,0.171799,0.0493209,0.189472,33.3333,66.6667
18,64,0.148239,0.0379275,0.055008,9.18367,90.8163
18,65,0.157912,0.0384115,0.238368,43.3333,56.6667
18,66,0.141308,0.0333142,0.177248,29.5918,70.4082
18,67,0.156957,0.0405723,0.079456,14.4444,85.5556
18,68,0.161334,0.0333159,0.256704,51.2195,48.7805
18,69,0.141979,0.0326183,0.24448,48.7805,51.2195
18,70,0.15518,0.0363662,0.134464,37.2881,62.7119
18,71,0.1764,0.0389551,0.09168,13.7615,86.2385
18,72,0.134097,0.0287492,0.12224,26.3158,73.6842
18,73,0.159931,0.0422782,0.201696,47.1429,52.8571
18,74,0.13792,0.0332768,0.268928,46.8085,53.1915
20,0,0.154178,0.0383042,0.116128,25.6757,74.3243
20,1,0.138457,0.0317088,0.232256,52.7778,47.2222
20,2,0.178754,0.0413587,0.03056,8.06452,91.9355
20,3,0.144525,0.0360113,0.18336,34.4828,65.5172
20,4,0.136026,0.0304557,0.207808,50,50
20,5,0.15806,0.0369231,0.27504,51.1364,48.8636
20,6,0.108483,0.0266385,0.201696,35.8696,64.1304
20,7,0.159537,0.0364272,0.207808,34.6939,65.3061
20,8,0.134854,0.0336021,0.165024,26.2136,73.7864
20,9,0.15965,0.0358877,0.21392,33.0189,66.9811
20,10,0.161417,0.0391514,0.073344,13.1868,86.8132
20,11,0.14769,0.0353972,0.299488,51.5789,48.4211
20,12,0.144221,0.0342691,0.226144,51.3889,48.6111
20,13,0.16928,0.0405147,0.1528,28.0899,71.9101
20,14,0.142119,0.0405854,0.06112,10.3093,89.6907
20,15,0.173662,0.038016,0.06112,13.3333,86.6667
20,16,0.14265,0.0324018,0.09168,18.9873,81.0127
20,17,0.139995,0.0334658,0.195584,45.7143,54.2857
20,18,0.154736,0.0357486,0.287264,59.4937,40.5063
20,19,0.141215,0.0327236,0.3056,57.4713,42.5287
20,20,0.152335,0.0338065,0.238368,41.9355,58.0645
20,21,0.144498,0.0388819,0.21392,38.8889,61.1111
20,22,0.136542,0.0299143,0.140576,31.5068,68.4932
20,23,0.147373,0.0241944,0.201696,31.7308,68.2692
20,24,0.155972,0.0347773,0.21392,44.3038,55.6962
20,25,0.140549,0.0344516,0.226144,53.6232,46.3768
20,26,0.152805,0.0338827,0.330048,62.7907,37.2093
20,27,0.149816,0.0352679,0.189472,39.2405,60.7595
20,28,0.168266,0.0403377,0.073344,16.9014,83.0986
20,29,0.150318,0.0302638,0.048896,9.41176,90.5882
20,30,0.134927,0.032636,0.110016,25,75
20,31,0.154501,0.0418044,0.158912,33.3333,66.6667
20,32,0.157767,0.0335718,0.311712,48.1132,51.8868
20,33,0.176891,0.0341831,0.09168,15.9574,84.0426
20,34,0.158212,0.0368844,0.220032,42.3529,57.6471
20,35,0.149121,0.0338817,0.079456,13,87
20,36,0.247315,0.0457391,0.006112,1.44928,98.5507
20,37,0.168729,0.035149,0.220032,36,64
20,38,0.155086,0.0377302,0.158912,28.5714,71.4286
20,39,0.128368,0.036285,0.097792,22.5352,77.4648
20,40,0.163621,0.0333213,0.27504,45,55
20,41,0.155975,0.0417381,0.116128,21.3483,78.6517
20,42,0.190684,0.0376414,0.09168,17.0455,82.9545
20,43,0.142922,0.0310434,0.281152,51.1111,48.8889
20,44,0.168803,0.0411548,0.055008,16.3636,83.6364
20,45,0.14587,0.0327175,0.03056,4.42478,95.5752
20,46,0.174366,0.0507207,0.097792,14.5455,85.4545
20,47,0.141592,0.0320402,0.287264,45.1923,54.8077
20,48,0.134072,0.0314525,0.067232,11.7021,88.2979
20,49,0.169255,0.0376203,0.24448,49.3827,50.6173
20,50,0.150293,0.036822,0.287264,55.9524,44.0476
20,51,0.147859,0.0341866,0.250592,48.2353,51.7647
20,52,0.140524,0.0338103,0.287264,65.2778,34.7222
20,53,0.169661,0.0396963,0.110016,26.087,73.913
20,54,0.164124,0.032952,0.067232,12.5,87.5
20,55,0.173285,0.0373634,0.1528,27.7778,72.2222
20,56,0.152727,0.0370191,0.073344,11.215,88.785
20,57,0.149465,0.0381257,0.262816,57.3333,42.6667
20,58,0.151801,0.0383379,0.06112,18.1818,81.8182
20,59,0.144533,0.0273595,0.18336,32.967,67.033
20,60,0.167197,0.038323,0.018336,4,96
20,61,0.144293,0.0339385,0.268928,40.367,59.633
20,62,0.141297,0.0338969,0.06112,12.6582,87.3418
20,63,0.171557,0.0488389,0.097792,18.6047,81.3953
20,64,0.148156,0.0369091,0.03056,7.04225,92.9577
20,65,0.155296,0.0366205,0.24448,58.8235,41.1765
20,66,0.139901,0.0349695,0.103904,25,75
20,67,0.154281,0.0406273,0.073344,15.5844,84.4156
20,68,0.164174,0.0341917,0.256704,44.6809,55.3191
20,69,0.143144,0.0327234,0.27504,51.1364,48.8636
20,70,0.155422,0.0360782,0.116128,21.1111,78.8889
20,71,0.17365,0.0376831,0.128352,21.875,78.125
20,72,0.13836,0.0295393,0.128352,33.3333,66.6667
20,73,0.151963,0.0415253,0.287264,44.3396,55.6604
20,74,0.135286,0.0337836,0.262816,38.0531,61.9469
22,0,0.158312,0.0386394,0.177248,36.7089,63.2911
22,1,0.13931,0.0317066,0.220032,41.3793,58.6207
22,2,0.179274,0.0410642,0.006112,1.04167,98.9583
22,3,0.147157,0.0362947,0.226144,42.5287,57.4713
22,4,0.135398,0.0312457,0.134464,30.137,69.863
22,5,0.15996,0.0381608,0.140576,26.1364,73.8636
22,6,0.112403,0.0276481,0.250592,47.1264,52.8736
22,7,0.162178,0.0376228,0.09168,17.2414,82.7586
22,8,0.13458,0.0333638,0.232256,50.6667,49.3333
22,9,0.157986,0.0373014,0.262816,46.7391,53.2609
22,10,0.159723,0.0397719,0.03056,6.0241,93.9759
22,11,0.149279,0.0346462,0.232256,41.7582,58.2418
22,12,0.144327,0.0340458,0.12224,25.3165,74.6835
22,13,0.169567,0.039253,0.250592,45.0549,54.9451
22,14,0.144538,0.0433582,0.09168,15.625,84.375
22,15,0.173574,0.0377502,0.097792,16,84
22,16,0.150302,0.0321369,0.232256,40.4255,59.5745
22,17,0.140306,0.0338402,0.055008,14.7541,85.2459
22,18,0.15292,0.0361699,0.226144,52.1127,47.8873
22,19,0.141169,0.0329285,0.097792,24.6154,75.3846
22,20,0.151762,0.0352914,0.207808,38.6364,61.3636
22,21,0.145001,0.0384833,0.24448,45.977,54.023
22,22,0.137465,0.0306141,0.201696,37.0787,62.9213
22,23,0.146927,0.0247263,0.12224,22.9885,77.0115
22,24,0.159233,0.0342117,0.232256,45.7831,54.2169
22,25,0.140965,0.0340911,0.140576,23.7113,76.2887
22,26,0.153511,0.0355184,0.12224,25.3165,74.6835
22,27,0.154095,0.0363343,0.24448,36.6972,63.3028
22,28,0.167562,0.0415664,0.097792,17.5824,82.4176
22,29,0.151801,0.0321296,0.018336,3.94737,96.0526
22,30,0.135904,0.0327393,0.073344,12.5,87.5
22,31,0.155393,0.0423633,0.042784,8.33333,91.6667
22,32,0.157852,0.0342049,0.293376,52.1739,47.8261
22,33,0.179202,0.0345203,0.055008,10.3448,89.6552
22,34,0.157672,0.0372165,0.189472,50.8197,49.1803
22,35,0.148867,0.0342663,0.048896,9.52381,90.4762
22,36,0.247315,0.0457391,0,0,100
22,37,0.170833,0.0359738,0.18336,41.0959,58.9041
22,38,0.154737,0.0378142,0.042784,10.2941,89.7059
22,39,0.13275,0.0365329,0.12224,27.3973,72.6027
22,40,0.167631,0.0337778,0.220032,36.7347,63.2653
22,41,0.156352,0.041379,0.048896,10.8108,89.1892
22,42,0.185145,0.0370803,0.09168,17.6471,82.3529
22,43,0.143574,0.0313282,0.140576,31.0811,68.9189
22,44,0.162945,0.0403786,0.097792,22.5352,77.4648
22,45,0.145222,0.032556,0.06112,12.0482,87.9518
22,46,0.183373,0.0484287,0.134464,28.2051,71.7949
22,47,0.140529,0.0326551,0.189472,31.6327,68.3673
22,48,0.131911,0.0310929,0.201696,44.5946,55.4054
22,49,0.166561,0.0369949,0.238368,57.3529,42.6471
22,50,0.15204,0.0347765,0.27504,50,50
22,51,0.148726,0.033766,0.238368,41.0526,58.9474
22,52,0.143296,0.0346254,0.171136,32.1839,67.8161
22,53,0.170854,0.0409029,0.128352,17.7966,82.2034
22,54,0.174291,0.0331861,0.103904,18.0851,81.9149
22,55,0.172818,0.0381808,0.12224,21.0526,78.9474
22,56,0.15332,0.0354781,0.103904,24.2857,75.7143
22,57,0.151321,0.0388153,0.21392,40.6977,59.3023
22,58,0.151393,0.0386604,0.03056,4.6729,95.3271
22,59,0.149298,0.0279484,0.201696,35.4839,64.5161
22,60,0.154913,0.034939,0.171136,28.5714,71.4286
22,61,0.143174,0.033499,0.250592,48.2353,51.7647
22,62,0.141757,0.0345242,0.085568,17.5,82.5
22,63,0.175333,0.0465436,0.09168,23.4375,76.5625
22,64,0.165493,0.0372402,0.12224,28.5714,71.4286
22,65,0.155498,0.0359168,0.348384,54.8077,45.1923
22,66,0.139207,0.0345614,0.189472,40.7895,59.2105
22,67,0.15306,0.0397308,0.201696,38.3721,61.6279
22,68,0.164465,0.0355774,0.177248,29.5918,70.4082
22,69,0.139092,0.0331108,0.24448,42.1053,57.8947
22,70,0.156591,0.0363548,0.195584,35.5556,64.4444
22,71,0.176922,0.0375535,0.097792,19.0476,80.9524
22,72,0.139362,0.0299321,0.048896,10.1266,89.8734
22,73,0.15159,0.0405321,0.189472,48.4375,51.5625
22,74,0.138253,0.0332754,0.220032,41.3793,58.6207
24,0,0.160253,0.0380893,0.171136,38.3562,61.6438
24,1,0.144061,0.0325493,0.256704,44.2105,55.7895
24,2,0.181336,0.0422248,0.006112,1.63934,98.3607
24,3,0.147037,0.0358018,0.146688,25,75
24,4,0.136093,0.0314808,0.103904,22.973,77.027
24,5,0.16207,0.0374486,0.268928,42.7184,57.2816
24,6,0.117901,0.0288136,0.268928,45.8333,54.1667
24,7,0.165778,0.0390441,0.140576,29.4872,70.5128
24,8,0.134829,0.0332564,0.262816,48.3146,51.6854
24,9,0.159198,0.0357061,0.287264,59.4937,40.5063
24,10,0.159217,0.0396079,0.012224,2.46914,97.5309
24,11,0.151373,0.0341314,0.189472,38.2716,61.7284
24,12,0.14364,0.0329515,0.256704,44.2105,55.7895
24,13,0.170297,0.0393616,0.103904,15.1786,84.8214
24,14,0.164428,0.0425957,0.140576,28.3951,71.6049
24,15,0.165433,0.035877,0.3056,58.1395,41.8605
24,16,0.150516,0.031713,0.299488,69.0141,30.9859
24,17,0.140309,0.0337024,0.220032,46.1538,53.8462
24,18,0.151073,0.0366651,0.250592,48.2353,51.7647
24,19,0.145261,0.0334811,0.287264,46.0784,53.9216
24,20,0.155043,0.0364831,0.158912,32.5,67.5
24,21,0.144529,0.0372046,0.146688,29.6296,70.3704
24,22,0.137973,0.0315591,0.21392,43.75,56.25
24,23,0.136476,0.0256295,0.207808,36.9565,63.0435
24,24,0.159654,0.0350887,0.134464,40,60
24,25,0.144474,0.0350923,0.128352,23.5955,76.4045
24,26,0.155683,0.035437,0.140576,32.8571,67.1429
24,27,0.154144,0.0360605,0.262816,43,57
24,28,0.159718,0.0387863,0.158912,27.957,72.043
24,29,0.151441,0.0324018,0.006112,0.961538,99.0385
24,30,0.13601,0.0324041,0.048896,8.88889,91.1111
24,31,0.157124,0.0434816,0.177248,32.5843,67.4157
24,32,0.155929,0.034205,0.189472,43.662,56.338
24,33,0.180975,0.0352045,0.067232,11,89
24,34,0.156296,0.0359355,0.293376,51.6129,48.3871
24,35,0.148667,0.0344203,0.036672,9.83607,90.1639
24,36,0.24211,0.045284,0.042784,7.95455,92.0455
24,37,0.179674,0.0387894,0.12224,20,80
24,38,0.155516,0.0372633,0.134464,28.9474,71.0526
24,39,0.135145,0.0368652,0.177248,31.5217,68.4783
24,40,0.167342,0.0349639,0.189472,44.2857,55.7143
24,41,0.156083,0.0409766,0.012224,2.0202,97.9798
24,42,0.185291,0.0374912,0.036672,5.50459,94.4954
24,43,0.146723,0.0333689,0.177248,34.5238,65.4762
24,44,0.164193,0.036868,0.18336,30.303,69.697
24,45,0.145477,0.0321849,0.110016,25.7143,74.2857
24,46,0.181265,0.0418341,0.195584,32.9897,67.0103
24,47,0.140945,0.0326152,0.09168,18.9873,81.0127
24,48,0.129168,0.0310619,0.18336,34.8837,65.1163
24,49,0.164306,0.0364964,0.134464,23.1579,76.8421
24,50,0.150946,0.0338657,0.317824,73.2394,26.7606
24,51,0.149668,0.034249,0.207808,42.5,57.5
24,52,0.144974,0.0344185,0.18336,31.25,68.75
24,53,0.16767,0.0397405,0.189472,50.8197,49.1803
24,54,0.173527,0.0356506,0.03056,8.19672,91.8033
24,55,0.174083,0.0401035,0.018336,4.41176,95.5882
24,56,0.164878,0.0401905,0.116128,24.359,75.641
24,57,0.151566,0.0384837,0.232256,38,62
24,58,0.156685,0.0355569,0.097792,20.7792,79.2208
24,59,0.150064,0.0279354,0.036672,8.4507,91.5493
24,60,0.156527,0.0356434,0.03056,6.57895,93.4211
24,61,0.142924,0.0332296,0.238368,48.1481,51.8519
24,62,0.142713,0.0344571,0.097792,20.5128,79.4872
24,63,0.173232,0.045871,0.116128,20.2128,79.7872
24,64,0.171656,0.0365401,0.09168,14.0187,85.9813
24,65,0.156103,0.0361161,0.256704,47.191,52.809
24,66,0.138433,0.0340618,0.207808,40.4762,59.5238
24,67,0.153312,0.0384398,0.24448,42.5532,57.4468
24,68,0.164144,0.0362421,0.177248,37.1795,62.8205
24,69,0.139025,0.0333551,0.177248,51.7857,48.2143
24,70,0.158214,0.0368569,0.177248,34.9398,65.0602
24,71,0.17389,0.0373239,0.128352,20.5882,79.4118
24,72,0.140234,0.0305907,0.226144,40.2174,59.7826
24,73,0.151329,0.0398154,0.177248,42.6471,57.3529
24,74,0.137089,0.0331968,0.165024,30.3371,69.6629
26,0,0.161562,0.0376141,0.256704,50.6024,49.3976
26,1,0.14714,0.0324927,0.158912,34.2105,65.7895
26,2,0.179354,0.042475,0.036672,6.81818,93.1818
26,3,0.146604,0.0347998,0.268928,65.6716,34.3284
26,4,0.136807,0.0316595,0.103904,20.7317,79.2683
26,5,0.160578,0.0366736,0.232256,38.7755,61.2245
26,6,0.119732,0.0289229,0.232256,44.186,55.814
26,7,0.164967,0.0399421,0.140576,33.3333,66.6667
26,8,0.135637,0.0330763,0.116128,29.2308,70.7692
26,9,0.155152,0.037175,0.195584,36.7816,63.2184
26,10,0.157156,0.0390998,0.079456,17.5676,82.4324
26,11,0.153192,0.0348077,0.116128,26.3889,73.6111
26,12,0.142318,0.0323802,0.171136,37.8378,62.1622
26,13,0.169944,0.0388883,0.21392,40.2299,59.7701
26,14,0.163002,0.0422464,0.165024,30,70
26,15,0.165246,0.0356936,0.09168,17.0455,82.9545
26,16,0.148356,0.0345203,0.12224,25.641,74.359
26,17,0.140349,0.0337546,0.097792,30.1887,69.8113
26,18,0.150065,0.0371536,0.201696,61.1111,38.8889
26,19,0.147057,0.0330155,0.256704,37.8378,62.1622
26,20,0.155652,0.0370275,0.177248,37.6623,62.3377
26,21,0.146002,0.0368791,0.171136,28,72
26,22,0.137069,0.0311799,0.256704,47.7273,52.2727
26,23,0.141723,0.0264572,0.262816,40.566,59.434
26,24,0.161276,0.0361308,0.134464,33.8462,66.1538
26,25,0.144265,0.0352391,0.158912,41.2698,58.7302
26,26,0.156148,0.0355437,0.158912,38.806,61.194
26,27,0.153802,0.0364791,0.287264,55.9524,44.0476
26,28,0.155298,0.0363087,0.201696,40.2439,59.7561
26,29,0.153697,0.0329394,0.024448,5.06329,94.9367
26,30,0.137859,0.0324549,0.085568,18.1818,81.8182
26,31,0.156345,0.0418773,0.165024,33.3333,66.6667
26,32,0.1557,0.0344332,0.293376,48.4848,51.5152
26,33,0.180923,0.0354955,0.036672,7.22892,92.7711
26,34,0.155094,0.0366364,0.195584,40,60
26,35,0.148577,0.0342757,0.055008,14.0625,85.9375
26,36,0.233365,0.0456329,0.067232,11.1111,88.8889
26,37,0.181454,0.0390233,0.226144,35.2381,64.7619
26,38,0.15453,0.0366087,0.165024,27,73
26,39,0.137044,0.0360918,0.220032,58.0645,41.9355
26,40,0.162601,0.0346142,0.238368,57.3529,42.6471
26,41,0.155337,0.0428641,0.024448,6.34921,93.6508
26,42,0.182295,0.0370753,0.067232,11.1111,88.8889
26,43,0.148981,0.0333415,0.171136,41.791,58.209
26,44,0.169424,0.0340375,0.27504,45.4545,54.5455
26,45,0.144657,0.032509,0.146688,29.6296,70.3704
26,46,0.179899,0.0426757,0.18336,35.7143,64.2857
26,47,0.141101,0.0330978,0.055008,12.3288,87.6712
26,48,0.129229,0.0310375,0.03056,5.15464,94.8454
26,49,0.16332,0.0378662,0.1528,30.4878,69.5122
26,50,0.146424,0.0329516,0.293376,60.7595,39.2405
26,51,0.149647,0.0339396,0.281152,55.4217,44.5783
26,52,0.144897,0.034749,0.110016,29.0323,70.9677
26,53,0.165242,0.0401223,0.097792,23.1884,76.8116
26,54,0.17492,0.0364197,0.18336,38.961,61.039
26,55,0.175165,0.0399138,0.06112,16.3934,83.6066
26,56,0.16281,0.0381215,0.220032,49.3151,50.6849
26,57,0.152792,0.0384943,0.232256,36.5385,63.4615
26,58,0.155938,0.0336325,0.036672,8.57143,91.4286
26,59,0.150849,0.0275612,0.09168,18.0723,81.9277
26,60,0.156527,0.0356434,0,0,100
26,61,0.142991,0.0329244,0.18336,30.6122,69.3878
26,62,0.145361,0.0344594,0.12224,30.303,69.697
26,63,0.173944,0.0413492,0.293376,52.7473,47.2527
26,64,0.169107,0.0356776,0.048896,8.79121,91.2088
26,65,0.153351,0.0355418,0.262816,53.75,46.25
26,66,0.137069,0.0342813,0.1528,26.8817,73.1183
26,67,0.152073,0.0389841,0.09168,25,75
26,68,0.16122,0.035982,0.27504,56.962,43.038
26,69,0.135154,0.0327838,0.391168,64.6465,35.3535
26,70,0.153305,0.0369502,0.177248,37.6623,62.3377
26,71,0.173577,0.0386878,0.055008,15.7895,84.2105
26,72,0.140565,0.0310393,0.018336,4.16667,95.8333
26,73,0.151177,0.0400112,0.110016,19.5652,80.4348
26,74,0.138236,0.0329398,0.21392,37.234,62.766
28,0,0.160579,0.0378221,0.201696,41.25,58.75
28,1,0.146985,0.0323506,0.24448,41.6667,58.3333
28,2,0.182804,0.0445489,0.024448,5.26316,94.7368
28,3,0.14328,0.0340968,0.268928,49.4382,50.5618
28,4,0.136581,0.0319648,0.18336,31.5789,68.4211
28,5,0.160353,0.0359899,0.250592,44.5652,55.4348
28,6,0.123436,0.0299272,0.262816,43,57
28,7,0.162817,0.03959,0.189472,36.0465,63.9535
28,8,0.136321,0.0326174,0.146688,27.907,72.093
28,9,0.155362,0.0376444,0.158912,23.2143,76.7857
28,10,0.157156,0.0390998,0,0,100
28,11,0.153075,0.0348118,0.110016,21.6867,78.3133
28,12,0.14301,0.0317872,0.195584,30.7692,69.2308
28,13,0.170856,0.0384092,0.12224,19.6078,80.3922
28,14,0.162824,0.042259,0.012224,1.90476,98.0952
28,15,0.163195,0.0367293,0.097792,16.4948,83.5052
28,16,0.148093,0.0344896,0.067232,12.6437,87.3563
28,17,0.140537,0.0341101,0.262816,40.9524,59.0476
28,18,0.151954,0.0374916,0.189472,32.9787,67.0213
28,19,0.147212,0.032945,0.171136,30.1075,69.8925
28,20,0.156119,0.0369474,0.09168,24.1935,75.8065
28,21,0.145572,0.0359121,0.262816,42.5743,57.4257
28,22,0.137109,0.0319283,0.140576,27.0588,72.9412
28,23,0.143022,0.0262344,0.06112,14.0845,85.9155
28,24,0.159272,0.0367049,0.195584,35.9551,64.0449
28,25,0.144579,0.0346252,0.140576,30.6667,69.3333
28,26,0.155676,0.0351974,0.171136,35,65
28,27,0.152036,0.035983,0.238368,49.3671,50.6329
28,28,0.15239,0.0376046,0.171136,31.4607,68.5393
28,29,0.146835,0.0335342,0.12224,23.5294,76.4706
28,30,0.138692,0.0321894,0.048896,11.5942,88.4058
28,31,0.154973,0.0409028,0.18336,33.7079,66.2921
28,32,0.155431,0.0342317,0.262816,48.8636,51.1364
28,33,0.180146,0.0349016,0.048896,10.3896,89.6104
28,34,0.156351,0.0358911,0.238368,59.0909,40.9091
28,35,0.143671,0.0347881,0.103904,21.519,78.481
28,36,0.224941,0.0437211,0.03056,7.46269,92.5373
28,37,0.180406,0.0394373,0.110016,27.2727,72.7273
28,38,0.154206,0.0363331,0.024448,6.34921,93.6508
28,39,0.137849,0.0352308,0.238368,46.4286,53.5714
28,40,0.163734,0.034475,0.18336,44.7761,55.2239
28,41,0.152103,0.0432381,0.024448,6.45161,93.5484
28,42,0.184048,0.0380295,0.024448,3.84615,96.1538
28,43,0.151344,0.033729,0.207808,38.2022,61.7978
28,44,0.166338,0.0345541,0.12224,22.7273,77.2727
28,45,0.145108,0.0322801,0.042784,11.8644,88.1356
28,46,0.178891,0.0426083,0.128352,27.2727,72.7273
28,47,0.140503,0.0329437,0.024448,4.7619,95.2381
28,48,0.130338,0.0316291,0.195584,39.0244,60.9756
28,49,0.165699,0.0377779,0.110016,23.0769,76.9231
28,50,0.14796,0.0340689,0.293376,52.1739,47.8261
28,51,0.151102,0.0344856,0.317824,61.1765,38.8235
28,52,0.146325,0.0348072,0.238368,45.8824,54.1176
28,53,0.164997,0.0400055,0.158912,27.957,72.043
28,54,0.174513,0.0367004,0.006112,1.26582,98.7342
28,55,0.175266,0.0397691,0.012224,4.44444,95.5556
28,56,0.159471,0.0386518,0.073344,13.4831,86.5169
28,57,0.152671,0.0378443,0.21392,38.4615,61.5385
28,58,0.158581,0.0359618,0.012224,2.06186,97.9381
28,59,0.148583,0.0294628,0.085568,19.4444,80.5556
28,60,0.156904,0.0369976,0.036672,7.05882,92.9412
28,61,0.144152,0.0339333,0.079456,15.2941,84.7059
28,62,0.144685,0.0343284,0.195584,30.4762,69.5238
28,63,0.174731,0.0413161,0.048896,14.8148,85.1852
28,64,0.169007,0.0344017,0.158912,41.2698,58.7302
28,65,0.152631,0.0353338,0.287264,54.023,45.977
28,66,0.139446,0.0340185,0.128352,23.3333,76.6667
28,67,0.15108,0.0384529,0.110016,22.2222,77.7778
28,68,0.160497,0.0354686,0.220032,53.7313,46.2687
28,69,0.135447,0.0332298,0.250592,57.7465,42.2535
28,70,0.152683,0.0360661,0.256704,45.6522,54.3478
28,71,0.173462,0.0386324,0.006112,1.14943,98.8506
28,72,0.141382,0.0305872,0.09168,20.5479,79.4521
28,73,0.150521,0.039771,0.220032,57.1429,42.8571
28,74,0.139595,0.0331709,0.1528,31.6456,68.3544
30,0,0.162698,0.0374793,0.12224,18.8679,81.1321
30,1,0.149674,0.0319911,0.238368,44.8276,55.1724
30,2,0.184798,0.0449129,0.018336,3.0303,96.9697
30,3,0.143476,0.0341741,0.103904,26.9841,73.0159
30,4,0.13697,0.0322457,0.24448,57.1429,42.8571
30,5,0.159155,0.0356095,0.226144,56.9231,43.0769
30,6,0.124453,0.030253,0.06112,12.6582,87.3418
30,7,0.164056,0.0398833,0.1528,26.8817,73.1183
30,8,0.137058,0.0321379,0.171136,45.1613,54.8387
30,9,0.156608,0.0373268,0.165024,35.5263,64.4737
30,10,0.157463,0.0395584,0.006112,1.38889,98.6111
30,11,0.152927,0.0348355,0.158912,32.5,67.5
30,12,0.143177,0.0313556,0.134464,24.4444,75.5556
30,13,0.171817,0.0390593,0.110016,17.6471,82.3529
30,14,0.162299,0.0428226,0.03056,5.68182,94.3182
30,15,0.160992,0.0367919,0.165024,29.3478,70.6522
30,16,0.15112,0.0350303,0.165024,31.7647,68.2353
30,17,0.140276,0.0344259,0.238368,42.3913,57.6087
30,18,0.151748,0.0371041,0.299488,48.0392,51.9608
30,19,0.149147,0.0334782,0.165024,35.0649,64.9351
30,20,0.156974,0.03649,0.177248,33.3333,66.6667
30,21,0.144656,0.0350708,0.171136,43.75,56.25
30,22,0.138032,0.0318629,0.189472,36.4706,63.5294
30,23,0.143657,0.0272764,0.103904,19.1011,80.8989
30,24,0.162702,0.0376003,0.171136,31.8182,68.1818
30,25,0.14371,0.0342123,0.330048,58.0645,41.9355
30,26,0.157234,0.0344983,0.311712,60,40
30,27,0.152501,0.0358631,0.103904,22.0779,77.9221
30,28,0.153434,0.0354627,0.24448,47.619,52.381
30,29,0.146835,0.0335342,0,0,100
30,30,0.138794,0.0322801,0.006112,1.04167,98.9583
30,31,0.155315,0.0411202,0.158912,35.1351,64.8649
30,32,0.154617,0.0337973,0.311712,53.6842,46.3158
30,33,0.177561,0.0358873,0.12224,25.974,74.026
30,34,0.156624,0.0373668,0.116128,24.0506,75.9494
30,35,0.143382,0.0355364,0.21392,34.6535,65.3465
30,36,0.216176,0.0490355,0.079456,15.4762,84.5238
30,37,0.178455,0.0390526,0.195584,37.2093,62.7907
30,38,0.155042,0.0371211,0.006112,1.26582,98.7342
30,39,0.138712,0.0352423,0.146688,38.0952,61.9048
30,40,0.166778,0.0340109,0.220032,43.3735,56.6265
30,41,0.152404,0.0434872,0.012224,2.15054,97.8495
30,42,0.181091,0.0376085,0.06112,11.1111,88.8889
30,43,0.151723,0.0339174,0.226144,45.122,54.878
30,44,0.167405,0.0343389,0.1528,29.0698,70.9302
30,45,0.145088,0.0324907,0.079456,16.25,83.75
30,46,0.177604,0.0411756,0.128352,31.8182,68.1818
30,47,0.140824,0.0331719,0.012224,2.17391,97.8261
30,48,0.131695,0.031426,0.079456,15.8537,84.1463
30,49,0.165946,0.0373211,0.09168,15,85
30,50,0.149443,0.0341988,0.27504,67.1642,32.8358
30,51,0.152907,0.0351564,0.220032,40.9091,59.0909
30,52,0.148203,0.034737,0.238368,44.3182,55.6818
30,53,0.166622,0.0403264,0.103904,20.9877,79.0123
30,54,0.173526,0.037734,0.055008,10.4651,89.5349
30,55,0.174756,0.0397767,0.036672,7.31707,92.6829
30,56,0.165373,0.0405135,0.158912,28.5714,71.4286
30,57,0.153655,0.03735,0.177248,39.726,60.274
30,58,0.159934,0.0351579,0.018336,2.83019,97.1698
30,59,0.149827,0.0298658,0.048896,10.2564,89.7436
30,60,0.151954,0.0355557,0.073344,14.1176,85.8824
30,61,0.143317,0.0340853,0.110016,18.75,81.25
30,62,0.140757,0.0332548,0.342272,49.1228,50.8772
30,63,0.175752,0.0406819,0.073344,14.4578,85.5422
30,64,0.169066,0.0349696,0.146688,26.6667,73.3333
30,65,0.155022,0.0352578,0.146688,29.6296,70.3704
30,66,0.143525,0.0342222,0.18336,28.5714,71.4286
30,67,0.14498,0.03669,0.330048,62.069,37.931
30,68,0.158149,0.034351,0.250592,53.2468,46.7532
30,69,0.136777,0.0330129,0.177248,40.2778,59.7222
30,70,0.151956,0.0358218,0.24448,63.4921,36.5079
30,71,0.172536,0.0388072,0.09168,13.3929,86.6071
30,72,0.142867,0.0307886,0.055008,8.91089,91.0891
30,73,0.149619,0.0395279,0.165024,31.7647,68.2353
30,74,0.141208,0.0333263,0.1528,40.3226,59.6774
32,0,0.163699,0.0369241,0.12224,22.9885,77.0115
32,1,0.147927,0.0319425,0.171136,46.6667,53.3333
32,2,0.185056,0.0451412,0.048896,10,90
32,3,0.143628,0.0340231,0.21392,41.1765,58.8235
32,4,0.137601,0.0323873,0.146688,25,75
32,5,0.15572,0.0350588,0.201696,47.1429,52.8571
32,6,0.125604,0.0299442,0.177248,34.1176,65.8824
32,7,0.162551,0.03931,0.195584,45.7143,54.2857
32,8,0.137037,0.0328264,0.116128,26.0274,73.9726
32,9,0.155483,0.0365978,0.293376,51.6129,48.3871
32,10,0.158281,0.0389498,0.024448,3.8835,96.1165
32,11,0.152806,0.0345451,0.097792,24.6154,75.3846
32,12,0.144509,0.0312428,0.189472,38.75,61.25
32,13,0.171014,0.0387886,0.201696,37.5,62.5
32,14,0.160408,0.0428772,0.09168,23.0769,76.9231
32,15,0.162062,0.0364242,0.140576,32.3944,67.6056
32,16,0.151856,0.0368422,0.177248,29.5918,70.4082
32,17,0.140573,0.0348656,0.140576,31.0811,68.9189
32,18,0.153082,0.0372289,0.24448,42.1053,57.8947
32,19,0.148613,0.0334146,0.3056,44.2478,55.7522
32,20,0.156219,0.0356604,0.3056,46.2963,53.7037
32,21,0.139367,0.0340289,0.415616,66.6667,33.3333
32,22,0.138193,0.0318519,0.079456,17.3333,82.6667
32,23,0.146072,0.0288048,0.06112,20.4082,79.5918
32,24,0.162441,0.0369402,0.281152,52.8736,47.1264
32,25,0.143542,0.034511,0.177248,30.8511,69.1489
32,26,0.156605,0.0346196,0.128352,30,70
32,27,0.152002,0.0366103,0.195584,35.1648,64.8352
32,28,0.153973,0.0345884,0.140576,22.3301,77.6699
32,29,0.146835,0.0335342,0,0,100
32,30,0.139702,0.031891,0.055008,10.7143,89.2857
32,31,0.155712,0.0403185,0.177248,40.8451,59.1549
32,32,0.154529,0.0341872,0.232256,46.9136,53.0864
32,33,0.177471,0.0362053,0.110016,23.6842,76.3158
32,34,0.155529,0.036494,0.354496,72.5,27.5
32,35,0.144334,0.0350628,0.12224,25.3165,74.6835
32,36,0.204179,0.0447524,0.12224,21.5054,78.4946
32,37,0.177123,0.0391839,0.226144,33.3333,66.6667
32,38,0.156832,0.0374381,0.12224,18.3486,81.6514
32,39,0.139192,0.0353565,0.165024,28.125,71.875
32,40,0.16714,0.0342208,0.134464,31.8841,68.1159
32,41,0.152404,0.0434872,0,0,100
32,42,0.180431,0.0374078,0.036672,8.4507,91.5493
32,43,0.150925,0.0340194,0.18336,33.7079,66.2921
32,44,0.166733,0.0347056,0.03056,5.95238,94.0476
32,45,0.145367,0.0328701,0.055008,10.7143,89.2857
32,46,0.168576,0.0380309,0.268928,55.6962,44.3038
32,47,0.141582,0.033487,0.036672,6.45161,93.5484
32,48,0.133098,0.0313822,0.158912,46.4286,53.5714
32,49,0.168115,0.0374283,0.097792,22.2222,77.7778
32,50,0.14814,0.0342377,0.268928,50.5747,49.4253
32,51,0.151117,0.035131,0.250592,56.1644,43.8356
32,52,0.148419,0.0347398,0.201696,34.7368,65.2632
32,53,0.167271,0.0400691,0.103904,19.7674,80.2326
32,54,0.17159,0.039099,0.09168,26.7857,73.2143
32,55,0.174622,0.0393567,0.018336,3.52941,96.4706
32,56,0.170547,0.0404259,0.165024,31.0345,68.9655
32,57,0.153253,0.0378653,0.1528,35.7143,64.2857
32,58,0.159934,0.0351579,0,0,100
32,59,0.150648,0.0304892,0.03056,5,95
32,60,0.148114,0.0342767,0.097792,24.2424,75.7576
32,61,0.144048,0.0342021,0.116128,22.093,77.907
32,62,0.14343,0.033176,0.238368,43.3333,56.6667
32,63,0.174863,0.0397609,0.067232,11.3402,88.6598
32,64,0.166452,0.0340032,0.134464,23.4043,76.5957
32,65,0.155037,0.0347856,0.262816,45.2632,54.7368
32,66,0.144445,0.0333818,0.262816,40.566,59.434
32,67,0.146341,0.0367984,0.201696,38.8235,61.1765
32,68,0.1576,0.0341757,0.158912,28.2609,71.7391
32,69,0.135886,0.0323131,0.268928,41.9048,58.0952
32,70,0.151401,0.0354004,0.1528,35.2113,64.7887
32,71,0.173381,0.0392692,0.067232,14.4737,85.5263
32,72,0.143668,0.0310964,0.048896,8.79121,91.2088
32,73,0.150588,0.0393885,0.207808,40,60
32,74,0.143128,0.0338139,0.238368,46.4286,53.5714
