Time,CellId,ServiceDlSnrDb,ServiceUlSnrDb,FeederDlSnrDb,FeederUlSnrDb,BackhaulDlSnrDb,BackhaulUlSnrDb,BackhaulHealthy
0.100000,5,10.852754,6.332154,18.267232,26.746632,10.852754,6.332154,1
0.100000,6,10.988754,6.468154,18.267232,26.746632,10.988754,6.468154,1
0.100000,7,11.725085,7.204485,18.267232,26.746632,11.725085,7.204485,1
0.600000,5,13.239665,8.719065,20.005874,28.485274,13.239665,8.719065,1
0.600000,6,12.695593,8.174993,20.005874,28.485274,12.695593,8.174993,1
0.600000,7,11.750661,7.230061,20.005874,28.485274,11.750661,7.230061,1
1.100000,5,12.817325,8.296725,20.342531,28.821931,12.817325,8.296725,1
1.100000,6,13.157064,8.636464,20.342531,28.821931,13.157064,8.636464,1
1.100000,7,13.466134,8.945535,20.342531,28.821931,13.466134,8.945535,1
1.600000,5,14.244427,9.723827,17.369550,25.848950,14.244427,9.723827,1
1.600000,6,11.647649,7.127049,17.369550,25.848950,11.647649,7.127049,1
1.600000,7,9.513805,4.993205,17.369550,25.848950,9.513805,4.993205,1
2.100000,5,13.432931,8.912331,20.555794,29.035194,13.432931,8.912331,1
2.100000,6,10.246087,5.725487,20.555794,29.035194,10.246087,5.725487,1
2.100000,7,13.439405,8.918805,20.555794,29.035194,13.439405,8.918805,1
2.600000,5,12.974413,8.453813,20.749866,29.229266,12.974413,8.453813,1
2.600000,6,14.126693,9.606093,20.749866,29.229266,14.126693,9.606093,1
2.600000,7,11.347934,6.827334,20.749866,29.229266,11.347934,6.827334,1
3.100000,5,14.541341,10.020741,20.546697,29.026097,14.541341,10.020741,1
3.100000,6,16.386337,11.865737,20.546697,29.026097,16.386337,11.865737,1
3.100000,7,13.233026,8.712426,20.546697,29.026097,13.233026,8.712426,1
3.600000,5,12.859547,8.338947,20.000686,28.480086,12.859547,8.338947,1
3.600000,6,10.672489,6.151890,20.000686,28.480086,10.672489,6.151890,1
3.600000,7,7.967820,3.447220,20.000686,28.480086,7.967820,3.447220,1
4.100000,5,12.313430,7.792830,19.950103,28.429503,12.313430,7.792830,1
4.100000,6,12.268074,7.747474,19.950103,28.429503,12.268074,7.747474,1
4.100000,7,10.069121,5.548521,19.950103,28.429503,10.069121,5.548521,1
4.600000,5,13.665228,9.144628,13.847362,22.326762,13.665228,9.144628,1
4.600000,6,12.923697,8.403097,13.847362,22.326762,12.923697,8.403097,1
4.600000,7,10.976469,6.455869,13.847362,22.326762,10.976469,6.455869,1
5.100000,5,8.843371,4.322772,18.351662,26.831063,8.843371,4.322772,1
5.100000,6,10.692416,6.171816,18.351662,26.831063,10.692416,6.171816,1
5.100000,7,10.914363,6.393763,18.351662,26.831063,10.914363,6.393763,1
5.600000,5,13.097187,8.576587,18.513986,26.993386,13.097187,8.576587,1
5.600000,6,12.505994,7.985394,18.513986,26.993386,12.505994,7.985394,1
5.600000,7,14.106824,9.586224,18.513986,26.993386,14.106824,9.586224,1
6.100000,5,6.945738,2.425138,17.054143,25.533543,6.945738,2.425138,1
6.100000,6,13.353855,8.833255,17.054143,25.533543,13.353855,8.833255,1
6.100000,7,11.080296,6.559696,17.054143,25.533543,11.080296,6.559696,1
6.600000,5,13.602787,9.082187,18.611234,27.090634,13.602787,9.082187,1
6.600000,6,13.939133,9.418533,18.611234,27.090634,13.939133,9.418533,1
6.600000,7,14.963711,10.443112,18.611234,27.090634,14.963711,10.443112,1
7.100000,5,10.671079,6.150479,19.243930,27.723330,10.671079,6.150479,1
7.100000,6,10.344272,5.823672,19.243930,27.723330,10.344272,5.823672,1
7.100000,7,15.343268,10.822668,19.243930,27.723330,15.343268,10.822668,1
7.600000,5,11.748773,7.228173,14.797199,23.276599,11.748773,7.228173,1
7.600000,6,10.926434,6.405834,14.797199,23.276599,10.926434,6.405834,1
7.600000,7,8.060624,3.540024,14.797199,23.276599,8.060624,3.540024,1
8.100000,5,8.257136,3.736536,19.657373,28.136773,8.257136,3.736536,1
8.100000,6,7.968094,3.447495,19.657373,28.136773,7.968094,3.447495,1
8.100000,7,11.512968,6.992368,19.657373,28.136773,11.512968,6.992368,1
8.600000,5,10.606516,6.085916,19.786227,28.265627,10.606516,6.085916,1
8.600000,6,15.379942,10.859342,19.786227,28.265627,15.379942,10.859342,1
8.600000,7,13.903244,9.382644,19.786227,28.265627,13.903244,9.382644,1
9.100000,5,12.665328,8.144728,17.884083,26.363483,12.665328,8.144728,1
9.100000,6,14.084467,9.563868,17.884083,26.363483,14.084467,9.563868,1
9.100000,7,13.424764,8.904164,17.884083,26.363483,13.424764,8.904164,1
9.600000,5,10.716517,6.195917,19.395594,27.874994,10.716517,6.195917,1
9.600000,6,10.205904,5.685304,19.395594,27.874994,10.205904,5.685304,1
9.600000,7,14.988620,10.468020,19.395594,27.874994,14.988620,10.468020,1
10.100000,5,13.174795,8.654196,19.782965,28.262366,13.174795,8.654196,1
10.100000,6,10.566926,6.046326,19.782965,28.262366,10.566926,6.046326,1
10.100000,7,15.870496,11.349896,19.782965,28.262366,15.870496,11.349896,1
10.600000,5,12.609326,8.088726,20.310565,28.789965,12.609326,8.088726,1
10.600000,6,10.511800,5.991200,20.310565,28.789965,10.511800,5.991200,1
10.600000,7,12.149209,7.628610,20.310565,28.789965,12.149209,7.628610,1
11.100000,5,14.374569,9.853969,19.472392,27.951792,14.374569,9.853969,1
11.100000,6,11.345716,6.825116,19.472392,27.951792,11.345716,6.825116,1
11.100000,7,9.263106,4.742506,19.472392,27.951792,9.263106,4.742506,1
11.600000,5,13.579351,9.058751,17.435688,25.915088,13.579351,9.058751,1
11.600000,6,10.281930,5.761330,17.435688,25.915088,10.281930,5.761330,1
11.600000,7,12.017729,7.497129,17.435688,25.915088,12.017729,7.497129,1
12.100000,5,14.258396,9.737796,19.780524,28.259924,14.258396,9.737796,1
12.100000,6,10.022366,5.501766,19.780524,28.259924,10.022366,5.501766,1
12.100000,7,11.659809,7.139209,19.780524,28.259924,11.659809,7.139209,1
12.600000,5,13.450911,8.930311,19.001855,27.481255,13.450911,8.930311,1
12.600000,6,6.763968,2.243368,19.001855,27.481255,6.763968,2.243368,1
12.600000,7,7.484732,2.964132,19.001855,27.481255,7.484732,2.964132,1
13.100000,5,13.311804,8.791204,17.059021,25.538421,13.311804,8.791204,1
13.100000,6,10.642588,6.121989,17.059021,25.538421,10.642588,6.121989,1
13.100000,7,10.664231,6.143631,17.059021,25.538421,10.664231,6.143631,1
13.600000,5,10.346059,5.825459,18.834006,27.313407,10.346059,5.825459,1
13.600000,6,13.314035,8.793435,18.834006,27.313407,13.314035,8.793435,1
13.600000,7,11.814678,7.294078,18.834006,27.313407,11.814678,7.294078,1
14.100000,5,12.367501,7.846901,16.797809,25.277210,12.367501,7.846901,1
14.100000,6,12.246110,7.725510,16.797809,25.277210,12.246110,7.725510,1
14.100000,7,16.223066,11.702466,16.797809,25.277210,16.223066,11.702466,1
14.600000,5,10.711892,6.191292,19.925966,28.405366,10.711892,6.191292,1
14.600000,6,8.963616,4.443016,19.925966,28.405366,8.963616,4.443016,1
14.600000,7,13.368193,8.847593,19.925966,28.405366,13.368193,8.847593,1
15.100000,5,13.364443,8.843843,20.669822,29.149222,13.364443,8.843843,1
15.100000,6,11.331076,6.810476,20.669822,29.149222,11.331076,6.810476,1
15.100000,7,13.234679,8.714079,20.669822,29.149222,13.234679,8.714079,1
15.600000,5,13.516551,8.995952,20.973816,29.453216,13.516551,8.995952,1
15.600000,6,11.988705,7.468105,20.973816,29.453216,11.988705,7.468105,1
15.600000,7,12.482152,7.961552,20.973816,29.453216,12.482152,7.961552,1
16.100000,5,10.004152,5.483552,17.107967,25.587368,10.004152,5.483552,1
16.100000,6,12.828658,8.308058,17.107967,25.587368,12.828658,8.308058,1
16.100000,7,12.365557,7.844957,17.107967,25.587368,12.365557,7.844957,1
16.600000,5,12.913392,8.392792,17.450899,25.930299,12.913392,8.392792,1
16.600000,6,9.374926,4.854326,17.450899,25.930299,9.374926,4.854326,1
16.600000,7,13.084162,8.563563,17.450899,25.930299,13.084162,8.563563,1
17.100000,5,13.937341,9.416742,18.363401,26.842801,13.937341,9.416742,1
17.100000,6,13.219694,8.699094,18.363401,26.842801,13.219694,8.699094,1
17.100000,7,8.247575,3.726975,18.363401,26.842801,8.247575,3.726975,1
17.600000,5,14.811714,10.291114,15.783009,24.262409,14.811714,10.291114,1
17.600000,6,12.497304,7.976704,15.783009,24.262409,12.497304,7.976704,1
17.600000,7,10.806772,6.286172,15.783009,24.262409,10.806772,6.286172,1
18.100000,5,12.503296,7.982696,17.556405,26.035805,12.503296,7.982696,1
18.100000,6,12.179302,7.658702,17.556405,26.035805,12.179302,7.658702,1
18.100000,7,10.968394,6.447795,17.556405,26.035805,10.968394,6.447795,1
18.600000,5,10.435005,5.914405,13.142537,21.621937,10.435005,5.914405,1
18.600000,6,12.704374,8.183774,13.142537,21.621937,12.704374,8.183774,1
18.600000,7,13.677936,9.157336,13.142537,21.621937,13.142537,9.157336,1
19.100000,5,13.389003,8.868403,21.056584,29.535985,13.389003,8.868403,1
19.100000,6,10.302740,5.782140,21.056584,29.535985,10.302740,5.782140,1
19.100000,7,13.684554,9.163954,21.056584,29.535985,13.684554,9.163954,1
19.600000,5,9.611345,5.090745,20.937829,29.417229,9.611345,5.090745,1
19.600000,6,11.409847,6.889247,20.937829,29.417229,11.409847,6.889247,1
19.600000,7,13.901293,9.380693,20.937829,29.417229,13.901293,9.380693,1
20.100000,5,15.013163,10.492563,18.544308,27.023709,15.013163,10.492563,1
20.100000,6,12.639068,8.118468,18.544308,27.023709,12.639068,8.118468,1
20.100000,7,13.969129,9.448529,18.544308,27.023709,13.969129,9.448529,1
20.600000,5,8.781200,4.260600,20.057350,28.536750,8.781200,4.260600,1
20.600000,6,10.348178,5.827578,20.057350,28.536750,10.348178,5.827578,1
20.600000,7,10.922121,6.401521,20.057350,28.536750,10.922121,6.401521,1
21.100000,5,13.029902,8.509302,16.327115,24.806515,13.029902,8.509302,1
21.100000,6,10.944100,6.423500,16.327115,24.806515,10.944100,6.423500,1
21.100000,7,13.365451,8.844851,16.327115,24.806515,13.365451,8.844851,1
21.600000,5,13.577832,9.057232,17.875168,26.354568,13.577832,9.057232,1
21.600000,6,15.307859,10.787260,17.875168,26.354568,15.307859,10.787260,1
21.600000,7,11.726071,7.205471,17.875168,26.354568,11.726071,7.205471,1
22.100000,5,12.778205,8.257605,18.773938,27.253338,12.778205,8.257605,1
22.100000,6,11.875576,7.354976,18.773938,27.253338,11.875576,7.354976,1
22.100000,7,11.831103,7.310503,18.773938,27.253338,11.831103,7.310503,1
22.600000,5,10.795140,6.274541,17.773166,26.252566,10.795140,6.274541,1
22.600000,6,12.203858,7.683258,17.773166,26.252566,12.203858,7.683258,1
22.600000,7,14.036945,9.516345,17.773166,26.252566,14.036945,9.516345,1
23.100000,5,10.958609,6.438009,16.511053,24.990453,10.958609,6.438009,1
23.100000,6,12.957686,8.437086,16.511053,24.990453,12.957686,8.437086,1
23.100000,7,11.939642,7.419042,16.511053,24.990453,11.939642,7.419042,1
23.600000,5,13.964934,9.444334,13.116152,21.595552,13.116152,9.444334,1
23.600000,6,11.569424,7.048824,13.116152,21.595552,11.569424,7.048824,1
23.600000,7,11.848072,7.327472,13.116152,21.595552,11.848072,7.327472,1
24.100000,5,4.405662,-0.114937,20.302057,28.781457,4.405662,-0.114937,0
24.100000,6,12.772679,8.252079,20.302057,28.781457,12.772679,8.252079,1
24.100000,7,14.384989,9.864389,20.302057,28.781457,14.384989,9.864389,1
24.600000,5,14.743251,10.222651,19.512522,27.991922,14.743251,10.222651,1
24.600000,6,14.083741,9.563141,19.512522,27.991922,14.083741,9.563141,1
24.600000,7,10.780302,6.259702,19.512522,27.991922,10.780302,6.259702,1
25.100000,5,13.852850,9.332250,17.258395,25.737795,13.852850,9.332250,1
25.100000,6,10.744703,6.224103,17.258395,25.737795,10.744703,6.224103,1
25.100000,7,12.938632,8.418032,17.258395,25.737795,12.938632,8.418032,1
25.600000,5,10.677502,6.156903,17.609928,26.089328,10.677502,6.156903,1
25.600000,6,13.357657,8.837057,17.609928,26.089328,13.357657,8.837057,1
25.600000,7,13.263532,8.742932,17.609928,26.089328,13.263532,8.742932,1
26.100000,5,9.665963,5.145363,17.713960,26.193360,9.665963,5.145363,1
26.100000,6,12.220744,7.700144,17.713960,26.193360,12.220744,7.700144,1
26.100000,7,13.489737,8.969137,17.713960,26.193360,13.489737,8.969137,1
26.600000,5,13.659084,9.138484,15.070013,23.549413,13.659084,9.138484,1
26.600000,6,12.475367,7.954767,15.070013,23.549413,12.475367,7.954767,1
26.600000,7,14.117612,9.597012,15.070013,23.549413,14.117612,9.597012,1
27.100000,5,10.490137,5.969537,17.531526,26.010926,10.490137,5.969537,1
27.100000,6,12.871950,8.351350,17.531526,26.010926,12.871950,8.351350,1
27.100000,7,10.848481,6.327881,17.531526,26.010926,10.848481,6.327881,1
27.600000,5,11.512173,6.991573,18.654287,27.133687,11.512173,6.991573,1
27.600000,6,11.441716,6.921116,18.654287,27.133687,11.441716,6.921116,1
27.600000,7,11.236523,6.715924,18.654287,27.133687,11.236523,6.715924,1
28.100000,5,14.331232,9.810632,19.446513,27.925913,14.331232,9.810632,1
28.100000,6,10.005364,5.484764,19.446513,27.925913,10.005364,5.484764,1
28.100000,7,11.972023,7.451423,19.446513,27.925913,11.972023,7.451423,1
28.600000,5,14.218970,9.698370,18.983293,27.462693,14.218970,9.698370,1
28.600000,6,12.774177,8.253577,18.983293,27.462693,12.774177,8.253577,1
28.600000,7,12.594239,8.073639,18.983293,27.462693,12.594239,8.073639,1
29.100000,5,15.332549,10.811949,16.974079,25.453479,15.332549,10.811949,1
29.100000,6,10.115418,5.594819,16.974079,25.453479,10.115418,5.594819,1
29.100000,7,10.335618,5.815018,16.974079,25.453479,10.335618,5.815018,1
29.600000,5,14.167834,9.647234,17.602339,26.081739,14.167834,9.647234,1
29.600000,6,13.563098,9.042498,17.602339,26.081739,13.563098,9.042498,1
29.600000,7,9.434856,4.914256,17.602339,26.081739,9.434856,4.914256,1
30.100000,5,14.232073,9.711473,21.021178,29.500578,14.232073,9.711473,1
30.100000,6,13.116280,8.595680,21.021178,29.500578,13.116280,8.595680,1
30.100000,7,14.349908,9.829308,21.021178,29.500578,14.349908,9.829308,1
30.600000,5,10.374045,5.853446,19.827259,28.306659,10.374045,5.853446,1
30.600000,6,13.071927,8.551327,19.827259,28.306659,13.071927,8.551327,1
30.600000,7,13.610411,9.089811,19.827259,28.306659,13.610411,9.089811,1
31.100000,5,9.184695,4.664095,18.385763,26.865163,9.184695,4.664095,1
31.100000,6,9.362664,4.842065,18.385763,26.865163,9.362664,4.842065,1
31.100000,7,11.762969,7.242369,18.385763,26.865163,11.762969,7.242369,1
31.600000,5,6.711789,2.191189,18.401095,26.880495,6.711789,2.191189,1
31.600000,6,8.586459,4.065859,18.401095,26.880495,8.586459,4.065859,1
31.600000,7,10.859394,6.338794,18.401095,26.880495,10.859394,6.338794,1
32.100000,5,12.229403,7.708803,19.456303,27.935703,12.229403,7.708803,1
32.100000,6,12.979800,8.459200,19.456303,27.935703,12.979800,8.459200,1
32.100000,7,10.647594,6.126994,19.456303,27.935703,10.647594,6.126994,1
32.600000,5,12.917026,8.396426,19.016128,27.495528,12.917026,8.396426,1
32.600000,6,11.513594,6.992994,19.016128,27.495528,11.513594,6.992994,1
32.600000,7,13.418485,8.897885,19.016128,27.495528,13.418485,8.897885,1
33.100000,5,15.222253,10.701653,16.266886,24.746286,15.222253,10.701653,1
33.100000,6,14.114878,9.594278,16.266886,24.746286,14.114878,9.594278,1
33.100000,7,12.792615,8.272015,16.266886,24.746286,12.792615,8.272015,1
33.600000,5,11.421995,6.901395,19.514221,27.993621,11.421995,6.901395,1
33.600000,6,13.458815,8.938215,19.514221,27.993621,13.458815,8.938215,1
33.600000,7,3.012359,-1.508241,19.514221,27.993621,3.012359,-1.508241,0
34.100000,5,10.334827,5.814227,16.249602,24.729002,10.334827,5.814227,1
34.100000,6,10.825097,6.304497,16.249602,24.729002,10.825097,6.304497,1
34.100000,7,10.854698,6.334098,16.249602,24.729002,10.854698,6.334098,1
34.600000,5,11.543819,7.023219,19.492440,27.971840,11.543819,7.023219,1
34.600000,6,13.811542,9.290942,19.492440,27.971840,13.811542,9.290942,1
34.600000,7,8.439457,3.918857,19.492440,27.971840,8.439457,3.918857,1
35.100000,5,12.415998,7.895398,19.500654,27.980054,12.415998,7.895398,1
35.100000,6,13.917135,9.396535,19.500654,27.980054,13.917135,9.396535,1
35.100000,7,13.064076,8.543476,19.500654,27.980054,13.064076,8.543476,1
35.600000,5,10.195974,5.675374,17.642307,26.121707,10.195974,5.675374,1
35.600000,6,13.172600,8.652000,17.642307,26.121707,13.172600,8.652000,1
35.600000,7,12.904216,8.383616,17.642307,26.121707,12.904216,8.383616,1
36.100000,5,14.622578,10.101978,17.793851,26.273251,14.622578,10.101978,1
36.100000,6,11.355826,6.835227,17.793851,26.273251,11.355826,6.835227,1
36.100000,7,11.675499,7.154899,17.793851,26.273251,11.675499,7.154899,1
36.600000,5,12.045502,7.524902,17.831284,26.310684,12.045502,7.524902,1
36.600000,6,14.209113,9.688513,17.831284,26.310684,14.209113,9.688513,1
36.600000,7,13.839095,9.318495,17.831284,26.310684,13.839095,9.318495,1
37.100000,5,14.070969,9.550369,19.670233,28.149633,14.070969,9.550369,1
37.100000,6,12.289834,7.769234,19.670233,28.149633,12.289834,7.769234,1
37.100000,7,12.078888,7.558288,19.670233,28.149633,12.078888,7.558288,1
37.600000,5,12.411570,7.890970,16.583545,25.062945,12.411570,7.890970,1
37.600000,6,13.216670,8.696071,16.583545,25.062945,13.216670,8.696071,1
37.600000,7,13.070947,8.550347,16.583545,25.062945,13.070947,8.550347,1
38.100000,5,10.740741,6.220141,16.416347,24.895747,10.740741,6.220141,1
38.100000,6,13.218532,8.697932,16.416347,24.895747,13.218532,8.697932,1
38.100000,7,14.218126,9.697526,16.416347,24.895747,14.218126,9.697526,1
38.600000,5,7.860177,3.339577,20.238432,28.717832,7.860177,3.339577,1
38.600000,6,14.121916,9.601316,20.238432,28.717832,14.121916,9.601316,1
38.600000,7,12.268135,7.747535,20.238432,28.717832,12.268135,7.747535,1
39.100000,5,12.176529,7.655929,20.383712,28.863112,12.176529,7.655929,1
39.100000,6,12.098035,7.577435,20.383712,28.863112,12.098035,7.577435,1
39.100000,7,14.579448,10.058848,20.383712,28.863112,14.579448,10.058848,1
39.600000,5,10.537781,6.017182,17.300594,25.779994,10.537781,6.017182,1
39.600000,6,11.577543,7.056943,17.300594,25.779994,11.577543,7.056943,1
39.600000,7,12.811758,8.291158,17.300594,25.779994,12.811758,8.291158,1
40.100000,5,13.968600,9.448000,17.070004,25.549404,13.968600,9.448000,1
40.100000,6,11.545957,7.025357,17.070004,25.549404,11.545957,7.025357,1
40.100000,7,12.035319,7.514719,17.070004,25.549404,12.035319,7.514719,1
40.600000,5,15.050525,10.529925,20.998344,29.477744,15.050525,10.529925,1
40.600000,6,12.708011,8.187411,20.998344,29.477744,12.708011,8.187411,1
40.600000,7,7.416571,2.895971,20.998344,29.477744,7.416571,2.895971,1
41.100000,5,14.594000,10.073400,19.406379,27.885779,14.594000,10.073400,1
41.100000,6,13.209744,8.689144,19.406379,27.885779,13.209744,8.689144,1
41.100000,7,7.562456,3.041856,19.406379,27.885779,7.562456,3.041856,1
41.600000,5,12.863483,8.342883,18.378508,26.857908,12.863483,8.342883,1
41.600000,6,13.280247,8.759647,18.378508,26.857908,13.280247,8.759647,1
41.600000,7,15.031135,10.510535,18.378508,26.857908,15.031135,10.510535,1
42.100000,5,12.508727,7.988127,18.434061,26.913461,12.508727,7.988127,1
42.100000,6,12.287692,7.767092,18.434061,26.913461,12.287692,7.767092,1
42.100000,7,10.228870,5.708270,18.434061,26.913461,10.228870,5.708270,1
42.600000,5,11.105508,6.584908,17.892136,26.371536,11.105508,6.584908,1
42.600000,6,8.994326,4.473726,17.892136,26.371536,8.994326,4.473726,1
42.600000,7,13.976940,9.456341,17.892136,26.371536,13.976940,9.456341,1
43.100000,5,14.883355,10.362755,19.302817,27.782217,14.883355,10.362755,1
43.100000,6,12.897840,8.377240,19.302817,27.782217,12.897840,8.377240,1
43.100000,7,11.927850,7.407251,19.302817,27.782217,11.927850,7.407251,1
43.600000,5,13.825509,9.304909,15.892161,24.371561,13.825509,9.304909,1
43.600000,6,13.051040,8.530440,15.892161,24.371561,13.051040,8.530440,1
43.600000,7,13.134427,8.613827,15.892161,24.371561,13.134427,8.613827,1
44.100000,5,11.653332,7.132732,18.698984,27.178385,11.653332,7.132732,1
44.100000,6,11.968701,7.448102,18.698984,27.178385,11.968701,7.448102,1
44.100000,7,12.319910,7.799310,18.698984,27.178385,12.319910,7.799310,1
44.600000,5,9.426508,4.905909,21.387351,29.866751,9.426508,4.905909,1
44.600000,6,15.870620,11.350020,21.387351,29.866751,15.870620,11.350020,1
44.600000,7,11.665053,7.144453,21.387351,29.866751,11.665053,7.144453,1
45.100000,5,13.947394,9.426794,18.441206,26.920606,13.947394,9.426794,1
45.100000,6,14.424865,9.904265,18.441206,26.920606,14.424865,9.904265,1
45.100000,7,13.320144,8.799544,18.441206,26.920606,13.320144,8.799544,1
45.600000,5,13.129785,8.609185,17.222146,25.701547,13.129785,8.609185,1
45.600000,6,12.675451,8.154851,17.222146,25.701547,12.675451,8.154851,1
45.600000,7,10.391785,5.871185,17.222146,25.701547,10.391785,5.871185,1
46.100000,5,12.388754,7.868154,13.661529,22.140929,12.388754,7.868154,1
46.100000,6,11.631625,7.111025,13.661529,22.140929,11.631625,7.111025,1
46.100000,7,13.745307,9.224707,13.661529,22.140929,13.661529,9.224707,1
46.600000,5,14.441927,9.921327,19.670116,28.149516,14.441927,9.921327,1
46.600000,6,14.295662,9.775062,19.670116,28.149516,14.295662,9.775062,1
46.600000,7,11.151350,6.630750,19.670116,28.149516,11.151350,6.630750,1
47.100000,5,12.645892,8.125292,17.433551,25.912951,12.645892,8.125292,1
47.100000,6,11.209812,6.689212,17.433551,25.912951,11.209812,6.689212,1
47.100000,7,13.068887,8.548287,17.433551,25.912951,13.068887,8.548287,1
47.600000,5,15.561422,11.040822,19.977759,28.457159,15.561422,11.040822,1
47.600000,6,8.747298,4.226698,19.977759,28.457159,8.747298,4.226698,1
47.600000,7,12.969191,8.448591,19.977759,28.457159,12.969191,8.448591,1
48.100000,5,10.771971,6.251371,21.720234,30.199634,10.771971,6.251371,1
48.100000,6,13.587750,9.067151,21.720234,30.199634,13.587750,9.067151,1
48.100000,7,14.644605,10.124005,21.720234,30.199634,14.644605,10.124005,1
48.600000,5,15.912358,11.391758,17.806383,26.285783,15.912358,11.391758,1
48.600000,6,7.599713,3.079113,17.806383,26.285783,7.599713,3.079113,1
48.600000,7,12.377420,7.856820,17.806383,26.285783,12.377420,7.856820,1
49.100000,5,5.515480,0.994880,20.164620,28.644020,5.515480,0.994880,1
49.100000,6,9.402865,4.882265,20.164620,28.644020,9.402865,4.882265,1
49.100000,7,11.809354,7.288754,20.164620,28.644020,11.809354,7.288754,1
49.600000,5,10.900141,6.379541,20.457818,28.937219,10.900141,6.379541,1
49.600000,6,14.822886,10.302286,20.457818,28.937219,14.822886,10.302286,1
49.600000,7,11.417172,6.896572,20.457818,28.937219,11.417172,6.896572,1
50.100000,5,5.939283,1.418683,18.603684,27.083084,5.939283,1.418683,1
50.100000,6,11.755740,7.235140,18.603684,27.083084,11.755740,7.235140,1
50.100000,7,13.094309,8.573709,18.603684,27.083084,13.094309,8.573709,1
50.600000,5,15.778505,11.257905,19.172020,27.651421,15.778505,11.257905,1
50.600000,6,13.147644,8.627044,19.172020,27.651421,13.147644,8.627044,1
50.600000,7,11.713420,7.192820,19.172020,27.651421,11.713420,7.192820,1
51.100000,5,11.323025,6.802425,20.302110,28.781510,11.323025,6.802425,1
51.100000,6,11.862972,7.342372,20.302110,28.781510,11.862972,7.342372,1
51.100000,7,12.852310,8.331710,20.302110,28.781510,12.852310,8.331710,1
51.600000,5,10.366086,5.845486,20.669369,29.148769,10.366086,5.845486,1
51.600000,6,11.943468,7.422869,20.669369,29.148769,11.943468,7.422869,1
51.600000,7,12.727711,8.207111,20.669369,29.148769,12.727711,8.207111,1
52.100000,5,9.823681,5.303081,17.334885,25.814285,9.823681,5.303081,1
52.100000,6,11.823644,7.303044,17.334885,25.814285,11.823644,7.303044,1
52.100000,7,13.774241,9.253641,17.334885,25.814285,13.774241,9.253641,1
52.600000,5,15.332683,10.812083,17.860542,26.339942,15.332683,10.812083,1
52.600000,6,13.548032,9.027432,17.860542,26.339942,13.548032,9.027432,1
52.600000,7,12.699961,8.179361,17.860542,26.339942,12.699961,8.179361,1
53.100000,5,11.435256,6.914656,18.768991,27.248391,11.435256,6.914656,1
53.100000,6,12.269523,7.748923,18.768991,27.248391,12.269523,7.748923,1
53.100000,7,10.103541,5.582941,18.768991,27.248391,10.103541,5.582941,1
53.600000,5,10.868699,6.348099,21.587615,30.067015,10.868699,6.348099,1
53.600000,6,9.251951,4.731351,21.587615,30.067015,9.251951,4.731351,1
53.600000,7,8.007657,3.487057,21.587615,30.067015,8.007657,3.487057,1
54.100000,5,13.603130,9.082530,20.496296,28.975696,13.603130,9.082530,1
54.100000,6,11.932837,7.412237,20.496296,28.975696,11.932837,7.412237,1
54.100000,7,12.638994,8.118394,20.496296,28.975696,12.638994,8.118394,1
54.600000,5,10.470871,5.950271,19.444009,27.923409,10.470871,5.950271,1
54.600000,6,11.741163,7.220563,19.444009,27.923409,11.741163,7.220563,1
54.600000,7,12.332145,7.811545,19.444009,27.923409,12.332145,7.811545,1
55.100000,5,13.100893,8.580293,18.694050,27.173451,13.100893,8.580293,1
55.100000,6,11.500829,6.980229,18.694050,27.173451,11.500829,6.980229,1
55.100000,7,11.496982,6.976382,18.694050,27.173451,11.496982,6.976382,1
55.600000,5,10.223276,5.702676,20.319151,28.798551,10.223276,5.702676,1
55.600000,6,12.085356,7.564756,20.319151,28.798551,12.085356,7.564756,1
55.600000,7,11.804792,7.284192,20.319151,28.798551,11.804792,7.284192,1
56.100000,5,11.424881,6.904281,18.084035,26.563435,11.424881,6.904281,1
56.100000,6,10.961989,6.441389,18.084035,26.563435,10.961989,6.441389,1
56.100000,7,12.589799,8.069199,18.084035,26.563435,12.589799,8.069199,1
56.600000,5,11.578264,7.057665,20.109489,28.588889,11.578264,7.057665,1
56.600000,6,11.599595,7.078995,20.109489,28.588889,11.599595,7.078995,1
56.600000,7,14.004319,9.483719,20.109489,28.588889,14.004319,9.483719,1
57.100000,5,12.787828,8.267228,16.738861,25.218261,12.787828,8.267228,1
57.100000,6,11.067596,6.546996,16.738861,25.218261,11.067596,6.546996,1
57.100000,7,15.060763,10.540163,16.738861,25.218261,15.060763,10.540163,1
57.600000,5,14.017976,9.497376,19.445791,27.925191,14.017976,9.497376,1
57.600000,6,14.293803,9.773203,19.445791,27.925191,14.293803,9.773203,1
57.600000,7,13.976254,9.455654,19.445791,27.925191,13.976254,9.455654,1
58.100000,5,15.166285,10.645685,19.632548,28.111948,15.166285,10.645685,1
58.100000,6,12.732115,8.211515,19.632548,28.111948,12.732115,8.211515,1
58.100000,7,12.143919,7.623319,19.632548,28.111948,12.143919,7.623319,1
58.600000,5,11.034353,6.513753,19.227318,27.706718,11.034353,6.513753,1
58.600000,6,12.587045,8.066445,19.227318,27.706718,12.587045,8.066445,1
58.600000,7,15.019183,10.498583,19.227318,27.706718,15.019183,10.498583,1
59.100000,5,9.440014,4.919414,17.241727,25.721127,9.440014,4.919414,1
59.100000,6,12.604887,8.084287,17.241727,25.721127,12.604887,8.084287,1
59.100000,7,14.101025,9.580425,17.241727,25.721127,14.101025,9.580425,1
59.600000,5,12.890193,8.369594,17.793892,26.273292,12.890193,8.369594,1
59.600000,6,11.637023,7.116423,17.793892,26.273292,11.637023,7.116423,1
59.600000,7,10.410360,5.889760,17.793892,26.273292,10.410360,5.889760,1
60.100000,5,11.900280,7.379680,19.920182,28.399582,11.900280,7.379680,1
60.100000,6,9.968284,5.447684,19.920182,28.399582,9.968284,5.447684,1
60.100000,7,12.987088,8.466488,19.920182,28.399582,12.987088,8.466488,1
60.600000,5,12.724803,8.204203,20.176581,28.655981,12.724803,8.204203,1
60.600000,6,10.825986,6.305386,20.176581,28.655981,10.825986,6.305386,1
60.600000,7,10.883954,6.363354,20.176581,28.655981,10.883954,6.363354,1
61.100000,5,12.163226,7.642626,17.465400,25.944800,12.163226,7.642626,1
61.100000,6,11.472867,6.952267,17.465400,25.944800,11.472867,6.952267,1
61.100000,7,10.640473,6.119873,17.465400,25.944800,10.640473,6.119873,1
61.600000,5,10.611984,6.091384,12.534008,21.013408,10.611984,6.091384,1
61.600000,6,11.519652,6.999052,12.534008,21.013408,11.519652,6.999052,1
61.600000,7,11.819821,7.299221,12.534008,21.013408,11.819821,7.299221,1
62.100000,5,12.618207,8.097607,18.704113,27.183513,12.618207,8.097607,1
62.100000,6,12.097851,7.577251,18.704113,27.183513,12.097851,7.577251,1
62.100000,7,13.873834,9.353234,18.704113,27.183513,13.873834,9.353234,1
62.600000,5,13.699750,9.179150,19.113689,27.593090,13.699750,9.179150,1
62.600000,6,14.780651,10.260051,19.113689,27.593090,14.780651,10.260051,1
62.600000,7,11.361571,6.840971,19.113689,27.593090,11.361571,6.840971,1
63.100000,5,13.731547,9.210947,20.085596,28.564996,13.731547,9.210947,1
63.100000,6,13.265848,8.745249,20.085596,28.564996,13.265848,8.745249,1
63.100000,7,11.461015,6.940415,20.085596,28.564996,11.461015,6.940415,1
63.600000,5,10.898953,6.378353,18.069498,26.548898,10.898953,6.378353,1
63.600000,6,16.476564,11.955964,18.069498,26.548898,16.476564,11.955964,1
63.600000,7,7.276945,2.756345,18.069498,26.548898,7.276945,2.756345,1
64.100000,5,12.786507,8.265907,16.568622,25.048022,12.786507,8.265907,1
64.100000,6,12.789367,8.268767,16.568622,25.048022,12.789367,8.268767,1
64.100000,7,13.075821,8.555222,16.568622,25.048022,13.075821,8.555222,1
64.600000,5,10.698217,6.177617,20.030904,28.510304,10.698217,6.177617,1
64.600000,6,12.299869,7.779269,20.030904,28.510304,12.299869,7.779269,1
64.600000,7,13.223493,8.702893,20.030904,28.510304,13.223493,8.702893,1
65.100000,5,12.471898,7.951298,18.553387,27.032787,12.471898,7.951298,1
65.100000,6,12.385706,7.865106,18.553387,27.032787,12.385706,7.865106,1
65.100000,7,7.530711,3.010111,18.553387,27.032787,7.530711,3.010111,1
65.600000,5,13.622828,9.102228,19.398739,27.878139,13.622828,9.102228,1
65.600000,6,11.099682,6.579082,19.398739,27.878139,11.099682,6.579082,1
65.600000,7,12.409986,7.889386,19.398739,27.878139,12.409986,7.889386,1
66.100000,5,12.191871,7.671271,16.206713,24.686113,12.191871,7.671271,1
66.100000,6,10.459352,5.938752,16.206713,24.686113,10.459352,5.938752,1
66.100000,7,16.494485,11.973885,16.206713,24.686113,16.206713,11.973885,1
66.600000,5,14.319277,9.798677,18.639497,27.118897,14.319277,9.798677,1
66.600000,6,11.397711,6.877111,18.639497,27.118897,11.397711,6.877111,1
66.600000,7,12.237041,7.716441,18.639497,27.118897,12.237041,7.716441,1
67.100000,5,11.451643,6.931043,14.972049,23.451450,11.451643,6.931043,1
67.100000,6,11.648165,7.127565,14.972049,23.451450,11.648165,7.127565,1
67.100000,7,14.442516,9.921916,14.972049,23.451450,14.442516,9.921916,1
67.600000,5,10.399622,5.879022,17.491806,25.971206,10.399622,5.879022,1
67.600000,6,11.198536,6.677936,17.491806,25.971206,11.198536,6.677936,1
67.600000,7,12.828649,8.308049,17.491806,25.971206,12.828649,8.308049,1
68.100000,5,11.230685,6.710085,17.119637,25.599037,11.230685,6.710085,1
68.100000,6,15.191149,10.670550,17.119637,25.599037,15.191149,10.670550,1
68.100000,7,14.125708,9.605108,17.119637,25.599037,14.125708,9.605108,1
68.600000,5,12.959738,8.439138,17.990543,26.469943,12.959738,8.439138,1
68.600000,6,12.130560,7.609960,17.990543,26.469943,12.130560,7.609960,1
68.600000,7,14.096168,9.575568,17.990543,26.469943,14.096168,9.575568,1
69.100000,5,13.048674,8.528074,17.214742,25.694142,13.048674,8.528074,1
69.100000,6,14.450614,9.930014,17.214742,25.694142,14.450614,9.930014,1
69.100000,7,13.750603,9.230003,17.214742,25.694142,13.750603,9.230003,1
69.600000,5,11.902012,7.381412,21.395927,29.875327,11.902012,7.381412,1
69.600000,6,12.892320,8.371720,21.395927,29.875327,12.892320,8.371720,1
69.600000,7,11.335806,6.815206,21.395927,29.875327,11.335806,6.815206,1
70.100000,5,10.680778,6.160178,16.414850,24.894250,10.680778,6.160178,1
70.100000,6,12.873973,8.353373,16.414850,24.894250,12.873973,8.353373,1
70.100000,7,14.361326,9.840726,16.414850,24.894250,14.361326,9.840726,1
70.600000,5,9.431292,4.910692,17.922360,26.401760,9.431292,4.910692,1
70.600000,6,12.179956,7.659356,17.922360,26.401760,12.179956,7.659356,1
70.600000,7,13.663501,9.142901,17.922360,26.401760,13.663501,9.142901,1
71.100000,5,12.696750,8.176150,20.477133,28.956533,12.696750,8.176150,1
71.100000,6,12.983697,8.463098,20.477133,28.956533,12.983697,8.463098,1
71.100000,7,7.795631,3.275031,20.477133,28.956533,7.795631,3.275031,1
71.600000,5,13.587063,9.066463,19.144476,27.623876,13.587063,9.066463,1
71.600000,6,10.148325,5.627726,19.144476,27.623876,10.148325,5.627726,1
71.600000,7,13.443350,8.922750,19.144476,27.623876,13.443350,8.922750,1
72.100000,5,12.930879,8.410279,19.439829,27.919229,12.930879,8.410279,1
72.100000,6,12.142732,7.622132,19.439829,27.919229,12.142732,7.622132,1
72.100000,7,11.408379,6.887779,19.439829,27.919229,11.408379,6.887779,1
72.600000,5,13.878846,9.358246,14.805767,23.285167,13.878846,9.358246,1
72.600000,6,9.354996,4.834396,14.805767,23.285167,9.354996,4.834396,1
72.600000,7,13.488011,8.967411,14.805767,23.285167,13.488011,8.967411,1
73.100000,5,12.824253,8.303653,20.280963,28.760363,12.824253,8.303653,1
73.100000,6,11.299456,6.778856,20.280963,28.760363,11.299456,6.778856,1
73.100000,7,12.961509,8.440909,20.280963,28.760363,12.961509,8.440909,1
73.600000,5,9.332260,4.811660,17.728979,26.208379,9.332260,4.811660,1
73.600000,6,12.477567,7.956967,17.728979,26.208379,12.477567,7.956967,1
73.600000,7,14.391569,9.870969,17.728979,26.208379,14.391569,9.870969,1
74.100000,5,12.805607,8.285007,19.232738,27.712138,12.805607,8.285007,1
74.100000,6,14.051903,9.531303,19.232738,27.712138,14.051903,9.531303,1
74.100000,7,12.150699,7.630099,19.232738,27.712138,12.150699,7.630099,1
74.600000,5,11.912797,7.392197,18.957062,27.436462,11.912797,7.392197,1
74.600000,6,10.621998,6.101398,18.957062,27.436462,10.621998,6.101398,1
74.600000,7,13.072847,8.552247,18.957062,27.436462,13.072847,8.552247,1
75.100000,5,8.901634,4.381034,22.747744,31.227144,8.901634,4.381034,1
75.100000,6,15.479521,10.958921,22.747744,31.227144,15.479521,10.958921,1
75.100000,7,13.617272,9.096672,22.747744,31.227144,13.617272,9.096672,1
75.600000,5,15.679290,11.158690,17.092044,25.571444,15.679290,11.158690,1
75.600000,6,11.461162,6.940563,17.092044,25.571444,11.461162,6.940563,1
75.600000,7,13.179508,8.658908,17.092044,25.571444,13.179508,8.658908,1
76.100000,5,10.932027,6.411427,18.778566,27.257966,10.932027,6.411427,1
76.100000,6,11.466490,6.945890,18.778566,27.257966,11.466490,6.945890,1
76.100000,7,13.826038,9.305438,18.778566,27.257966,13.826038,9.305438,1
76.600000,5,11.036523,6.515923,20.621657,29.101057,11.036523,6.515923,1
76.600000,6,8.593324,4.072724,20.621657,29.101057,8.593324,4.072724,1
76.600000,7,8.815633,4.295033,20.621657,29.101057,8.815633,4.295033,1
77.100000,5,11.581458,7.060858,19.037888,27.517288,11.581458,7.060858,1
77.100000,6,12.118389,7.597790,19.037888,27.517288,12.118389,7.597790,1
77.100000,7,12.187629,7.667029,19.037888,27.517288,12.187629,7.667029,1
77.600000,5,11.155701,6.635102,17.626681,26.106081,11.155701,6.635102,1
77.600000,6,14.533632,10.013032,17.626681,26.106081,14.533632,10.013032,1
77.600000,7,11.437212,6.916612,17.626681,26.106081,11.437212,6.916612,1
78.100000,5,12.259228,7.738628,16.980390,25.459790,12.259228,7.738628,1
78.100000,6,7.171266,2.650666,16.980390,25.459790,7.171266,2.650666,1
78.100000,7,11.926100,7.405500,16.980390,25.459790,11.926100,7.405500,1
78.600000,5,16.552879,12.032279,18.557438,27.036838,16.552879,12.032279,1
78.600000,6,12.288000,7.767400,18.557438,27.036838,12.288000,7.767400,1
78.600000,7,11.896567,7.375968,18.557438,27.036838,11.896567,7.375968,1
79.100000,5,15.766467,11.245867,17.945522,26.424922,15.766467,11.245867,1
79.100000,6,11.169102,6.648502,17.945522,26.424922,11.169102,6.648502,1
79.100000,7,11.779189,7.258589,17.945522,26.424922,11.779189,7.258589,1
79.600000,5,13.483202,8.962602,18.263438,26.742838,13.483202,8.962602,1
79.600000,6,16.158506,11.637906,18.263438,26.742838,16.158506,11.637906,1
79.600000,7,13.832968,9.312368,18.263438,26.742838,13.832968,9.312368,1
80.100000,5,14.799892,10.279292,18.366649,26.846049,14.799892,10.279292,1
80.100000,6,13.724463,9.203863,18.366649,26.846049,13.724463,9.203863,1
80.100000,7,13.615639,9.095039,18.366649,26.846049,13.615639,9.095039,1
80.600000,5,14.800160,10.279560,16.694949,25.174349,14.800160,10.279560,1
80.600000,6,13.555944,9.035344,16.694949,25.174349,13.555944,9.035344,1
80.600000,7,13.468553,8.947953,16.694949,25.174349,13.468553,8.947953,1
81.100000,5,9.991129,5.470529,20.839267,29.318667,9.991129,5.470529,1
81.100000,6,12.956415,8.435815,20.839267,29.318667,12.956415,8.435815,1
81.100000,7,9.974736,5.454136,20.839267,29.318667,9.974736,5.454136,1
81.600000,5,14.213818,9.693218,20.477112,28.956512,14.213818,9.693218,1
81.600000,6,14.682877,10.162277,20.477112,28.956512,14.682877,10.162277,1
81.600000,7,15.536055,11.015455,20.477112,28.956512,15.536055,11.015455,1
82.100000,5,15.745846,11.225246,15.803470,24.282870,15.745846,11.225246,1
82.100000,6,12.159051,7.638451,15.803470,24.282870,12.159051,7.638451,1
82.100000,7,14.801811,10.281211,15.803470,24.282870,14.801811,10.281211,1
82.600000,5,11.033141,6.512541,18.140750,26.620150,11.033141,6.512541,1
82.600000,6,9.997831,5.477231,18.140750,26.620150,9.997831,5.477231,1
82.600000,7,13.005192,8.484592,18.140750,26.620150,13.005192,8.484592,1
83.100000,5,15.498798,10.978198,20.282095,28.761495,15.498798,10.978198,1
83.100000,6,12.411648,7.891048,20.282095,28.761495,12.411648,7.891048,1
83.100000,7,13.921616,9.401016,20.282095,28.761495,13.921616,9.401016,1
83.600000,5,14.340633,9.820033,19.102584,27.581984,14.340633,9.820033,1
83.600000,6,11.822365,7.301765,19.102584,27.581984,11.822365,7.301765,1
83.600000,7,14.540008,10.019408,19.102584,27.581984,14.540008,10.019408,1
84.100000,5,13.669766,9.149166,20.655489,29.134889,13.669766,9.149166,1
84.100000,6,13.089134,8.568534,20.655489,29.134889,13.089134,8.568534,1
84.100000,7,13.500864,8.980264,20.655489,29.134889,13.500864,8.980264,1
84.600000,5,13.241521,8.720921,16.225430,24.704830,13.241521,8.720921,1
84.600000,6,13.178183,8.657583,16.225430,24.704830,13.178183,8.657583,1
84.600000,7,11.072074,6.551474,16.225430,24.704830,11.072074,6.551474,1
85.100000,5,11.554843,7.034243,18.355344,26.834744,11.554843,7.034243,1
85.100000,6,12.212768,7.692168,18.355344,26.834744,12.212768,7.692168,1
85.100000,7,11.279725,6.759126,18.355344,26.834744,11.279725,6.759126,1
85.600000,5,10.069201,5.548601,18.774360,27.253760,10.069201,5.548601,1
85.600000,6,10.777663,6.257063,18.774360,27.253760,10.777663,6.257063,1
85.600000,7,7.926318,3.405718,18.774360,27.253760,7.926318,3.405718,1
86.100000,5,12.755536,8.234936,16.952651,25.432051,12.755536,8.234936,1
86.100000,6,13.723795,9.203195,16.952651,25.432051,13.723795,9.203195,1
86.100000,7,12.558321,8.037721,16.952651,25.432051,12.558321,8.037721,1
86.600000,5,10.754593,6.233993,17.700221,26.179622,10.754593,6.233993,1
86.600000,6,14.555005,10.034405,17.700221,26.179622,14.555005,10.034405,1
86.600000,7,13.406854,8.886255,17.700221,26.179622,13.406854,8.886255,1
87.100000,5,11.085981,6.565381,19.165525,27.644925,11.085981,6.565381,1
87.100000,6,11.887032,7.366432,19.165525,27.644925,11.887032,7.366432,1
87.100000,7,12.556630,8.036030,19.165525,27.644925,12.556630,8.036030,1
87.600000,5,12.452133,7.931533,19.444517,27.923918,12.452133,7.931533,1
87.600000,6,11.572902,7.052303,19.444517,27.923918,11.572902,7.052303,1
87.600000,7,10.825289,6.304689,19.444517,27.923918,10.825289,6.304689,1
88.100000,5,12.174791,7.654191,14.791952,23.271352,12.174791,7.654191,1
88.100000,6,11.348801,6.828201,14.791952,23.271352,11.348801,6.828201,1
88.100000,7,11.778236,7.257636,14.791952,23.271352,11.778236,7.257636,1
88.600000,5,12.858919,8.338319,20.420984,28.900384,12.858919,8.338319,1
88.600000,6,12.356637,7.836038,20.420984,28.900384,12.356637,7.836038,1
88.600000,7,13.749313,9.228713,20.420984,28.900384,13.749313,9.228713,1
89.100000,5,11.922002,7.401402,18.022856,26.502256,11.922002,7.401402,1
89.100000,6,12.940030,8.419430,18.022856,26.502256,12.940030,8.419430,1
89.100000,7,11.259340,6.738740,18.022856,26.502256,11.259340,6.738740,1
89.600000,5,9.247686,4.727086,20.617592,29.096992,9.247686,4.727086,1
89.600000,6,7.623277,3.102677,20.617592,29.096992,7.623277,3.102677,1
89.600000,7,14.149366,9.628766,20.617592,29.096992,14.149366,9.628766,1
90.100000,5,13.061900,8.541300,17.397881,25.877281,13.061900,8.541300,1
90.100000,6,8.479741,3.959141,17.397881,25.877281,8.479741,3.959141,1
90.100000,7,14.158240,9.637640,17.397881,25.877281,14.158240,9.637640,1
90.600000,5,13.839850,9.319250,19.112052,27.591452,13.839850,9.319250,1
90.600000,6,9.702104,5.181504,19.112052,27.591452,9.702104,5.181504,1
90.600000,7,11.095069,6.574469,19.112052,27.591452,11.095069,6.574469,1
91.100000,5,14.189509,9.668909,15.629718,24.109119,14.189509,9.668909,1
91.100000,6,7.816367,3.295767,15.629718,24.109119,7.816367,3.295767,1
91.100000,7,14.107868,9.587268,15.629718,24.109119,14.107868,9.587268,1
91.600000,5,10.148014,5.627414,19.262333,27.741733,10.148014,5.627414,1
91.600000,6,10.071098,5.550498,19.262333,27.741733,10.071098,5.550498,1
91.600000,7,14.890136,10.369536,19.262333,27.741733,14.890136,10.369536,1
92.100000,5,11.973746,7.453146,17.987402,26.466802,11.973746,7.453146,1
92.100000,6,12.309948,7.789348,17.987402,26.466802,12.309948,7.789348,1
92.100000,7,10.837927,6.317327,17.987402,26.466802,10.837927,6.317327,1
92.600000,5,12.925294,8.404694,19.457194,27.936594,12.925294,8.404694,1
92.600000,6,10.207669,5.687069,19.457194,27.936594,10.207669,5.687069,1
92.600000,7,9.102114,4.581514,19.457194,27.936594,9.102114,4.581514,1
93.100000,5,10.171894,5.651294,14.671150,23.150550,10.171894,5.651294,1
93.100000,6,12.092317,7.571717,14.671150,23.150550,12.092317,7.571717,1
93.100000,7,11.303222,6.782622,14.671150,23.150550,11.303222,6.782622,1
93.600000,5,12.582269,8.061669,15.579148,24.058548,12.582269,8.061669,1
93.600000,6,8.677900,4.157300,15.579148,24.058548,8.677900,4.157300,1
93.600000,7,12.861801,8.341201,15.579148,24.058548,12.861801,8.341201,1
94.100000,5,13.223118,8.702518,17.407760,25.887160,13.223118,8.702518,1
94.100000,6,7.670621,3.150021,17.407760,25.887160,7.670621,3.150021,1
94.100000,7,9.641288,5.120688,17.407760,25.887160,9.641288,5.120688,1
94.600000,5,10.867472,6.346872,18.403287,26.882687,10.867472,6.346872,1
94.600000,6,13.548696,9.028096,18.403287,26.882687,13.548696,9.028096,1
94.600000,7,11.820693,7.300093,18.403287,26.882687,11.820693,7.300093,1
95.100000,5,12.694929,8.174329,19.535752,28.015152,12.694929,8.174329,1
95.100000,6,14.190694,9.670094,19.535752,28.015152,14.190694,9.670094,1
95.100000,7,9.509520,4.988920,19.535752,28.015152,9.509520,4.988920,1
95.600000,5,15.624954,11.104354,19.000325,27.479725,15.624954,11.104354,1
95.600000,6,10.534388,6.013788,19.000325,27.479725,10.534388,6.013788,1
95.600000,7,10.067477,5.546877,19.000325,27.479725,10.067477,5.546877,1
96.100000,5,16.419839,11.899239,15.302885,23.782286,15.302885,11.899239,1
96.100000,6,11.026052,6.505452,15.302885,23.782286,11.026052,6.505452,1
96.100000,7,12.401149,7.880549,15.302885,23.782286,12.401149,7.880549,1
96.600000,5,9.269936,4.749336,17.385930,25.865330,9.269936,4.749336,1
96.600000,6,14.161370,9.640770,17.385930,25.865330,14.161370,9.640770,1
96.600000,7,13.595457,9.074857,17.385930,25.865330,13.595457,9.074857,1
97.100000,5,13.900825,9.380225,19.156233,27.635633,13.900825,9.380225,1
97.100000,6,14.236008,9.715408,19.156233,27.635633,14.236008,9.715408,1
97.100000,7,10.221984,5.701384,19.156233,27.635633,10.221984,5.701384,1
97.600000,5,12.102066,7.581466,17.413774,25.893174,12.102066,7.581466,1
97.600000,6,10.770131,6.249531,17.413774,25.893174,10.770131,6.249531,1
97.600000,7,13.763843,9.243243,17.413774,25.893174,13.763843,9.243243,1
98.100000,5,14.788226,10.267626,19.537144,28.016544,14.788226,10.267626,1
98.100000,6,13.433754,8.913154,19.537144,28.016544,13.433754,8.913154,1
98.100000,7,8.936997,4.416397,19.537144,28.016544,8.936997,4.416397,1
98.600000,5,11.701381,7.180781,19.307682,27.787082,11.701381,7.180781,1
98.600000,6,13.675233,9.154633,19.307682,27.787082,13.675233,9.154633,1
98.600000,7,10.020084,5.499484,19.307682,27.787082,10.020084,5.499484,1
99.100000,5,12.567882,8.047282,17.793841,26.273241,12.567882,8.047282,1
99.100000,6,13.037518,8.516918,17.793841,26.273241,13.037518,8.516918,1
99.100000,7,12.860114,8.339514,17.793841,26.273241,12.860114,8.339514,1
99.600000,5,13.021150,8.500550,17.527138,26.006538,13.021150,8.500550,1
99.600000,6,13.813510,9.292910,17.527138,26.006538,13.813510,9.292910,1
99.600000,7,10.773089,6.252489,17.527138,26.006538,10.773089,6.252489,1
100.100000,5,13.733778,9.213178,19.346128,27.825528,13.733778,9.213178,1
100.100000,6,11.907215,7.386615,19.346128,27.825528,11.907215,7.386615,1
100.100000,7,12.652768,8.132168,19.346128,27.825528,12.652768,8.132168,1
100.600000,5,13.289212,8.768612,18.936239,27.415639,13.289212,8.768612,1
100.600000,6,12.213306,7.692706,18.936239,27.415639,12.213306,7.692706,1
100.600000,7,14.480925,9.960325,18.936239,27.415639,14.480925,9.960325,1
101.100000,5,13.413262,8.892662,18.376815,26.856215,13.413262,8.892662,1
101.100000,6,12.533770,8.013171,18.376815,26.856215,12.533770,8.013171,1
101.100000,7,15.287367,10.766767,18.376815,26.856215,15.287367,10.766767,1
101.600000,5,12.889191,8.368591,17.912306,26.391707,12.889191,8.368591,1
101.600000,6,11.823824,7.303224,17.912306,26.391707,11.823824,7.303224,1
101.600000,7,12.116006,7.595406,17.912306,26.391707,12.116006,7.595406,1
102.100000,5,11.270741,6.750141,20.310960,28.790360,11.270741,6.750141,1
102.100000,6,12.923470,8.402870,20.310960,28.790360,12.923470,8.402870,1
102.100000,7,14.337584,9.816984,20.310960,28.790360,14.337584,9.816984,1
102.600000,5,11.617893,7.097293,21.587184,30.066584,11.617893,7.097293,1
102.600000,6,13.174228,8.653628,21.587184,30.066584,13.174228,8.653628,1
102.600000,7,9.278473,4.757873,21.587184,30.066584,9.278473,4.757873,1
103.100000,5,11.250698,6.730098,16.882763,25.362163,11.250698,6.730098,1
103.100000,6,12.437471,7.916871,16.882763,25.362163,12.437471,7.916871,1
103.100000,7,10.809638,6.289039,16.882763,25.362163,10.809638,6.289039,1
103.600000,5,10.882382,6.361782,17.978002,26.457402,10.882382,6.361782,1
103.600000,6,9.384622,4.864022,17.978002,26.457402,9.384622,4.864022,1
103.600000,7,12.198343,7.677743,17.978002,26.457402,12.198343,7.677743,1
104.100000,5,10.598106,6.077506,13.715882,22.195282,10.598106,6.077506,1
104.100000,6,8.534272,4.013672,13.715882,22.195282,8.534272,4.013672,1
104.100000,7,15.093594,10.572994,13.715882,22.195282,13.715882,10.572994,1
104.600000,5,11.489088,6.968488,18.866753,27.346153,11.489088,6.968488,1
104.600000,6,10.592024,6.071424,18.866753,27.346153,10.592024,6.071424,1
104.600000,7,10.413451,5.892851,18.866753,27.346153,10.413451,5.892851,1
105.100000,5,8.272588,3.751988,20.516531,28.995931,8.272588,3.751988,1
105.100000,6,11.227463,6.706863,20.516531,28.995931,11.227463,6.706863,1
105.100000,7,12.366825,7.846225,20.516531,28.995931,12.366825,7.846225,1
105.600000,5,14.186837,9.666237,19.183173,27.662573,14.186837,9.666237,1
105.600000,6,12.588521,8.067921,19.183173,27.662573,12.588521,8.067921,1
105.600000,7,11.820619,7.300019,19.183173,27.662573,11.820619,7.300019,1
106.100000,5,12.603786,8.083186,20.499199,28.978599,12.603786,8.083186,1
106.100000,6,11.891475,7.370875,20.499199,28.978599,11.891475,7.370875,1
106.100000,7,8.876908,4.356308,20.499199,28.978599,8.876908,4.356308,1
106.600000,5,11.679465,7.158865,16.378392,24.857792,11.679465,7.158865,1
106.600000,6,12.074554,7.553954,16.378392,24.857792,12.074554,7.553954,1
106.600000,7,13.550474,9.029874,16.378392,24.857792,13.550474,9.029874,1
107.100000,5,12.886360,8.365760,18.506180,26.985580,12.886360,8.365760,1
107.100000,6,14.814868,10.294269,18.506180,26.985580,14.814868,10.294269,1
107.100000,7,11.752070,7.231470,18.506180,26.985580,11.752070,7.231470,1
107.600000,5,13.648923,9.128323,19.828227,28.307627,13.648923,9.128323,1
107.600000,6,13.170452,8.649852,19.828227,28.307627,13.170452,8.649852,1
107.600000,7,12.479550,7.958950,19.828227,28.307627,12.479550,7.958950,1
108.100000,5,10.228278,5.707678,21.798183,30.277583,10.228278,5.707678,1
108.100000,6,15.887775,11.367176,21.798183,30.277583,15.887775,11.367176,1
108.100000,7,13.969051,9.448452,21.798183,30.277583,13.969051,9.448452,1
108.600000,5,12.020765,7.500165,19.490330,27.969730,12.020765,7.500165,1
108.600000,6,10.637634,6.117034,19.490330,27.969730,10.637634,6.117034,1
108.600000,7,13.018720,8.498121,19.490330,27.969730,13.018720,8.498121,1
109.100000,5,13.304740,8.784140,20.089345,28.568745,13.304740,8.784140,1
109.100000,6,14.485365,9.964765,20.089345,28.568745,14.485365,9.964765,1
109.100000,7,10.921728,6.401128,20.089345,28.568745,10.921728,6.401128,1
109.600000,5,13.194704,8.674104,18.584145,27.063545,13.194704,8.674104,1
109.600000,6,13.792053,9.271453,18.584145,27.063545,13.792053,9.271453,1
109.600000,7,15.334012,10.813412,18.584145,27.063545,15.334012,10.813412,1
110.100000,5,12.239423,7.718823,20.183054,28.662455,12.239423,7.718823,1
110.100000,6,10.097179,5.576579,20.183054,28.662455,10.097179,5.576579,1
110.100000,7,15.058100,10.537500,20.183054,28.662455,15.058100,10.537500,1
110.600000,5,14.937108,10.416508,18.282959,26.762359,14.937108,10.416508,1
110.600000,6,12.204274,7.683674,18.282959,26.762359,12.204274,7.683674,1
110.600000,7,13.813141,9.292541,18.282959,26.762359,13.813141,9.292541,1
111.100000,5,12.176543,7.655943,21.528928,30.008328,12.176543,7.655943,1
111.100000,6,12.039678,7.519078,21.528928,30.008328,12.039678,7.519078,1
111.100000,7,15.510025,10.989425,21.528928,30.008328,15.510025,10.989425,1
111.600000,5,11.691213,7.170613,19.875012,28.354412,11.691213,7.170613,1
111.600000,6,8.317417,3.796817,19.875012,28.354412,8.317417,3.796817,1
111.600000,7,12.017448,7.496848,19.875012,28.354412,12.017448,7.496848,1
112.100000,5,11.817679,7.297079,20.359862,28.839262,11.817679,7.297079,1
112.100000,6,10.597841,6.077242,20.359862,28.839262,10.597841,6.077242,1
112.100000,7,12.320706,7.800106,20.359862,28.839262,12.320706,7.800106,1
112.600000,5,13.166790,8.646191,19.393596,27.872996,13.166790,8.646191,1
112.600000,6,8.715157,4.194557,19.393596,27.872996,8.715157,4.194557,1
112.600000,7,11.816542,7.295942,19.393596,27.872996,11.816542,7.295942,1
113.100000,5,11.336355,6.815755,20.061644,28.541044,11.336355,6.815755,1
113.100000,6,11.988047,7.467448,20.061644,28.541044,11.988047,7.467448,1
113.100000,7,12.227610,7.707010,20.061644,28.541044,12.227610,7.707010,1
113.600000,5,14.620160,10.099560,17.813374,26.292774,14.620160,10.099560,1
113.600000,6,13.476056,8.955456,17.813374,26.292774,13.476056,8.955456,1
113.600000,7,12.438268,7.917668,17.813374,26.292774,12.438268,7.917668,1
114.100000,5,9.752016,5.231416,19.017557,27.496957,9.752016,5.231416,1
114.100000,6,7.694408,3.173808,19.017557,27.496957,7.694408,3.173808,1
114.100000,7,11.383745,6.863145,19.017557,27.496957,11.383745,6.863145,1
114.600000,5,13.284086,8.763486,21.533146,30.012546,13.284086,8.763486,1
114.600000,6,14.164467,9.643867,21.533146,30.012546,14.164467,9.643867,1
114.600000,7,12.762285,8.241685,21.533146,30.012546,12.762285,8.241685,1
115.100000,5,12.822678,8.302078,19.003748,27.483148,12.822678,8.302078,1
115.100000,6,11.472939,6.952339,19.003748,27.483148,11.472939,6.952339,1
115.100000,7,12.207620,7.687020,19.003748,27.483148,12.207620,7.687020,1
115.600000,5,9.962021,5.441421,20.383676,28.863076,9.962021,5.441421,1
115.600000,6,10.039733,5.519133,20.383676,28.863076,10.039733,5.519133,1
115.600000,7,10.968115,6.447515,20.383676,28.863076,10.968115,6.447515,1
116.100000,5,12.070085,7.549485,16.891840,25.371240,12.070085,7.549485,1
116.100000,6,9.717209,5.196609,16.891840,25.371240,9.717209,5.196609,1
116.100000,7,12.038389,7.517789,16.891840,25.371240,12.038389,7.517789,1
116.600000,5,11.229039,6.708439,20.426931,28.906331,11.229039,6.708439,1
116.600000,6,11.196455,6.675855,20.426931,28.906331,11.196455,6.675855,1
116.600000,7,9.611368,5.090768,20.426931,28.906331,9.611368,5.090768,1
117.100000,5,13.166592,8.645992,18.283845,26.763245,13.166592,8.645992,1
117.100000,6,12.909400,8.388800,18.283845,26.763245,12.909400,8.388800,1
117.100000,7,12.546756,8.026156,18.283845,26.763245,12.546756,8.026156,1
117.600000,5,13.699719,9.179119,18.226358,26.705758,13.699719,9.179119,1
117.600000,6,12.660362,8.139762,18.226358,26.705758,12.660362,8.139762,1
117.600000,7,12.173536,7.652936,18.226358,26.705758,12.173536,7.652936,1
118.100000,5,12.052590,7.531990,19.961511,28.440911,12.052590,7.531990,1
118.100000,6,11.121540,6.600940,19.961511,28.440911,11.121540,6.600940,1
118.100000,7,13.293267,8.772667,19.961511,28.440911,13.293267,8.772667,1
118.600000,5,13.108636,8.588036,17.717142,26.196542,13.108636,8.588036,1
118.600000,6,14.038772,9.518172,17.717142,26.196542,14.038772,9.518172,1
118.600000,7,11.758251,7.237651,17.717142,26.196542,11.758251,7.237651,1
119.100000,5,13.402274,8.881675,18.918296,27.397696,13.402274,8.881675,1
119.100000,6,12.066952,7.546352,18.918296,27.397696,12.066952,7.546352,1
119.100000,7,8.382690,3.862090,18.918296,27.397696,8.382690,3.862090,1
119.600000,5,12.600054,8.079455,18.228198,26.707599,12.600054,8.079455,1
119.600000,6,12.325143,7.804543,18.228198,26.707599,12.325143,7.804543,1
119.600000,7,12.270550,7.749950,18.228198,26.707599,12.270550,7.749950,1
