Time,UE,Delay,Jitter,Throughput,PDR,PLR
2,0,0,0,0,0,0
2,1,0,0,0,0,0
2,2,0,0,0,0,0
2,3,0,0,0,0,0
2,4,0,0,0,0,0
2,5,0,0,0,0,0
2,6,0,0,0,0,0
2,7,0,0,0,0,0
2,8,0,0,0,0,0
2,9,0,0,0,0,0
2,10,0,0,0,0,0
2,11,0,0,0,0,0
2,12,0,0,0,0,0
2,13,0,0,0,0,0
2,14,0,0,0,0,0
2,15,0,0,0,0,0
2,16,0,0,0,0,0
2,17,0,0,0,0,0
2,18,0,0,0,0,0
2,19,0,0,0,0,0
2,20,0,0,0,0,0
2,21,0,0,0,0,0
2,22,0,0,0,0,0
2,23,0,0,0,0,0
2,24,0,0,0,0,0
2,25,0,0,0,0,0
2,26,0,0,0,0,0
2,27,0,0,0,0,0
2,28,0,0,0,0,0
2,29,0,0,0,0,0
2,30,0,0,0,0,0
2,31,0,0,0,0,0
2,32,0,0,0,0,0
2,33,0,0,0,0,0
2,34,0,0,0,0,0
2,35,0,0,0,0,0
2,36,0,0,0,0,0
2,37,0,0,0,0,0
2,38,0,0,0,0,0
2,39,0,0,0,0,0
2,40,0,0,0,0,0
2,41,0,0,0,0,0
2,42,0,0,0,0,0
2,43,0,0,0,0,0
2,44,0,0,0,0,0
2,45,0,0,0,0,0
2,46,0,0,0,0,0
2,47,0,0,0,0,0
2,48,0,0,0,0,0
2,49,0,0,0,0,0
2,50,0,0,0,0,0
2,51,0,0,0,0,0
2,52,0,0,0,0,0
2,53,0,0,0,0,0
2,54,0,0,0,0,0
2,55,0,0,0,0,0
2,56,0,0,0,0,0
2,57,0,0,0,0,0
2,58,0,0,0,0,0
2,59,0,0,0,0,0
2,60,0,0,0,0,0
2,61,0,0,0,0,0
2,62,0,0,0,0,0
2,63,0,0,0,0,0
2,64,0,0,0,0,0
2,65,0,0,0,0,0
2,66,0,0,0,0,0
2,67,0,0,0,0,0
2,68,0,0,0,0,0
2,69,0,0,0,0,0
2,70,0,0,0,0,0
2,71,0,0,0,0,0
2,72,0,0,0,0,0
2,73,0,0,0,0,0
2,74,0,0,0,0,0
4,0,0.136518,0.0277303,0.21392,56.4516,43.5484
4,1,0.111933,0.0303784,0.36672,73.1707,26.8293
4,2,0.122326,0.0316071,0.317824,59.0909,40.9091
4,3,0.140914,0.0247766,0.036672,8.82353,91.1765
4,4,0.119521,0.0326886,0.287264,61.039,38.961
4,5,0.142952,0.0484248,0.171136,32.9412,67.0588
4,6,0.113088,0.0307956,0.3056,66.6667,33.3333
4,7,0.0684986,0.0190075,0.433952,71.7172,28.2828
4,8,0.125405,0.0289616,0.21392,53.0303,46.9697
4,9,0.0343849,0.0112874,0.507296,92.2222,7.77778
4,10,0.0851024,0.0207778,0.33616,74.3243,25.6757
4,11,0.105247,0.0242373,0.220032,58.0645,41.9355
4,12,0.00399195,0.000220325,0.440064,100,0
4,13,0.158606,0.0371367,0.171136,31.8182,68.1818
4,14,0.131736,0.0326653,0.226144,57.8125,42.1875
4,15,0.134627,0.035553,0.207808,56.6667,43.3333
4,16,0.102237,0.0296816,0.293376,67.6056,32.3944
4,17,0.0275674,0.00995698,0.391168,94.1176,5.88235
4,18,0.153011,0.0465574,0.18336,34.4828,65.5172
4,19,0.12389,0.0277177,0.287264,57.3171,42.6829
4,20,0.139288,0.0297665,0.293376,58.5366,41.4634
4,21,0.147677,0.0342593,0.140576,30.2632,69.7368
4,22,0.134816,0.0304688,0.189472,34.8315,65.1685
4,23,0.127677,0.0412898,0.103904,20.9877,79.0123
4,24,0.10599,0.0352563,0.165024,50,50
4,25,0.00548373,0.00209576,0.354496,98.3051,1.69492
4,26,0.154294,0.0437392,0.158912,30.2326,69.7674
4,27,0.196977,0.0311142,0.03056,5.26316,94.7368
4,28,0.179916,0.0331169,0.103904,22.973,77.027
4,29,0.125568,0.0365955,0.12224,29.4118,70.5882
4,30,0.120941,0.0338478,0.256704,56,44
4,31,0.00402278,0.000205685,0.323936,100,0
4,32,0.132605,0.025171,0.299488,55.0562,44.9438
4,33,0.14485,0.0344124,0.226144,46.8354,53.1646
4,34,0.114761,0.0295056,0.348384,67.0588,32.9412
4,35,0.0987026,0.0312915,0.33616,72.3684,27.6316
4,36,0.147254,0.0221971,0.189472,41.8919,58.1081
4,37,0.0803525,0.0210505,0.385056,82.8947,17.1053
4,38,0.135521,0.0226938,0.073344,21.0526,78.9474
4,39,0.124667,0.0311821,0.128352,26.5823,73.4177
4,40,0.145318,0.0273481,0.158912,39.3939,60.6061
4,41,0.107268,0.0281919,0.21392,50.7246,49.2754
4,42,0.0038841,0.000281543,0.51952,100,0
4,43,0.0571131,0.019765,0.409504,89.3333,10.6667
4,44,0.1087,0.0275969,0.250592,67.2131,32.7869
4,45,0.0779406,0.0214955,0.464512,77.551,22.449
4,46,0.166711,0.023443,0.158912,30.9524,69.0476
4,47,0.126317,0.0417272,0.165024,39.1304,60.8696
4,48,0.10958,0.0238769,0.33616,68.75,31.25
4,49,0.110212,0.0264588,0.268928,62.8571,37.1429
4,50,0.134748,0.0315404,0.12224,29.8507,70.1493
4,51,0.116526,0.0292559,0.27504,54.878,45.122
4,52,0.136793,0.0343482,0.256704,53.1646,46.8354
4,53,0.1415,0.035066,0.171136,35,65
4,54,0.142207,0.0331506,0.299488,50,50
4,55,0.109559,0.0300691,0.238368,70.9091,29.0909
4,56,0.0174935,0.00599056,0.415616,97.1429,2.85714
4,57,0.00365112,0.000323802,0.440064,100,0
4,58,0.166223,0.0406829,0.12224,24.0964,75.9036
4,59,0.144187,0.0525794,0.079456,20,80
4,60,0.130142,0.0232916,0.207808,62.963,37.037
4,61,0.130176,0.0327127,0.3056,51.0204,48.9796
4,62,0.00364542,0.000193998,0.360608,100,0
4,63,0.0235726,0.00776393,0.6112,96.1538,3.84615
4,64,0.160979,0.0267467,0.226144,54.4118,45.5882
4,65,0.119525,0.0320902,0.24448,63.4921,36.5079
4,66,0.00390569,0.00028746,0.501184,97.619,2.38095
4,67,0.077503,0.0135748,0.33616,85.9375,14.0625
4,68,0.0903147,0.0223106,0.360608,78.6667,21.3333
4,69,0.00780127,0.00288559,0.476736,97.5,2.5
4,70,0.133862,0.0274855,0.27504,54.2169,45.7831
4,71,0.102291,0.0268479,0.238368,62.9032,37.0968
4,72,0.131187,0.0423478,0.207808,40.9639,59.0361
4,73,0.113271,0.0256475,0.4584,70.0935,29.9065
4,74,0.0933879,0.029379,0.299488,66.2162,33.7838
6,0,0.129218,0.0293024,0.360608,61.4583,38.5417
6,1,0.118021,0.0294204,0.33616,59.7826,40.2174
6,2,0.131784,0.0322858,0.348384,64.0449,35.9551
6,3,0.136701,0.0269617,0.09168,17.0455,82.9545
6,4,0.131814,0.0320495,0.220032,60,40
6,5,0.146965,0.0408924,0.311712,43.5897,56.4103
6,6,0.116289,0.0297995,0.323936,70.6667,29.3333
6,7,0.0788461,0.019146,0.476736,89.6552,10.3448
6,8,0.135578,0.0317751,0.323936,49.5327,50.4673
6,9,0.0191989,0.00587097,0.495072,97.5904,2.40964
6,10,0.108162,0.0241052,0.42784,76.9231,23.0769
6,11,0.100288,0.024823,0.378944,68.8889,31.1111
6,12,0.00395674,0.000253606,0.48896,100,0
6,13,0.148508,0.0338588,0.171136,36.8421,63.1579
6,14,0.135158,0.033205,0.24448,51.2821,48.7179
6,15,0.128116,0.0333564,0.354496,66.6667,33.3333
6,16,0.116184,0.0275166,0.348384,73.0769,26.9231
6,17,0.0366471,0.0129947,0.48896,93.0233,6.97674
6,18,0.147441,0.0420413,0.201696,45.2055,54.7945
6,19,0.113626,0.0265519,0.262816,72.8814,27.1186
6,20,0.136693,0.0323189,0.330048,53.4653,46.5347
6,21,0.156608,0.0361014,0.085568,19.4444,80.5556
6,22,0.137839,0.0379099,0.171136,43.0769,56.9231
6,23,0.130623,0.0417809,0.128352,23.3333,76.6667
6,24,0.126905,0.0380006,0.158912,40,60
6,25,0.00985445,0.00374211,0.660096,98.1818,1.81818
6,26,0.145018,0.0406736,0.195584,32.6531,67.3469
6,27,0.163886,0.0312556,0.073344,14.6341,85.3659
6,28,0.150105,0.0372663,0.18336,41.0959,58.9041
6,29,0.155333,0.0433339,0.1528,27.1739,72.8261
6,30,0.128091,0.0346442,0.268928,49.4382,50.5618
6,31,0.0119809,0.00487536,0.403392,95.6522,4.34783
6,32,0.141632,0.0274315,0.330048,62.069,37.931
6,33,0.144909,0.0320964,0.24448,41.6667,58.3333
6,34,0.109359,0.0253833,0.378944,82.6667,17.3333
6,35,0.118812,0.0316103,0.27504,56.25,43.75
6,36,0.143481,0.0274556,0.165024,35.5263,64.4737
6,37,0.0886528,0.0223398,0.3056,81.9672,18.0328
6,38,0.116794,0.0333766,0.165024,32.1429,67.8571
6,39,0.137851,0.0354964,0.201696,35.4839,64.5161
6,40,0.141917,0.0290674,0.201696,46.4789,53.5211
6,41,0.11231,0.0318503,0.201696,33,67
6,42,0.00675609,0.0015,0.4584,98.6842,1.31579
6,43,0.0397359,0.0132159,0.27504,83.3333,16.6667
6,44,0.127555,0.0279893,0.27504,60,40
6,45,0.0932019,0.0238336,0.464512,80.8511,19.1489
6,46,0.144533,0.0349145,0.177248,32.5843,67.4157
6,47,0.1301,0.0363886,0.165024,40.2985,59.7015
6,48,0.0920589,0.0214556,0.42784,80.4598,19.5402
6,49,0.126484,0.0307168,0.360608,69.4118,30.5882
6,50,0.139262,0.0357102,0.201696,45.2055,54.7945
6,51,0.115267,0.0302816,0.220032,46.1538,53.8462
6,52,0.138242,0.0321785,0.177248,46.7742,53.2258
6,53,0.139864,0.0347253,0.128352,21.875,78.125
6,54,0.141877,0.0372294,0.195584,59.2593,40.7407
6,55,0.12281,0.0285256,0.446176,68.2243,31.7757
6,56,0.00984383,0.00277495,0.55008,100,0
6,57,0.00689912,0.00156692,0.470624,88.5057,11.4943
6,58,0.155092,0.0344241,0.146688,30.7692,69.2308
6,59,0.153572,0.0426083,0.067232,14.6667,85.3333
6,60,0.136436,0.0269941,0.256704,46.1538,53.8462
6,61,0.137683,0.0326329,0.24448,57.1429,42.8571
6,62,0.00370091,0.000185825,0.507296,100,0
6,63,0.0151055,0.00457683,0.4584,100,0
6,64,0.151126,0.031973,0.165024,34.6154,65.3846
6,65,0.129316,0.0307594,0.391168,66.6667,33.3333
6,66,0.0261269,0.0105411,0.24448,81.6327,18.3673
6,67,0.0845402,0.0172015,0.3056,83.3333,16.6667
6,68,0.0912788,0.0257083,0.415616,80.9524,19.0476
6,69,0.0057091,0.00161935,0.495072,100,0
6,70,0.125671,0.0280464,0.33616,64.7059,35.2941
6,71,0.116707,0.0323371,0.207808,44.7368,55.2632
6,72,0.141113,0.0381294,0.171136,45.9016,54.0984
6,73,0.12052,0.0263987,0.323936,65.4321,34.5679
6,74,0.0976983,0.0259586,0.51952,70.2479,29.7521
8,0,0.134431,0.0306787,0.360608,58.4158,41.5842
8,1,0.118623,0.0290223,0.299488,84.4828,15.5172
8,2,0.132776,0.0351776,0.238368,44.8276,55.1724
8,3,0.141641,0.0284735,0.085568,17.284,82.716
8,4,0.131223,0.0315435,0.287264,56.6265,43.3735
8,5,0.145319,0.0376084,0.24448,53.3333,46.6667
8,6,0.112239,0.028159,0.36672,84.507,15.493
8,7,0.0862419,0.0216221,0.452288,89.1566,10.8434
8,8,0.136115,0.0302883,0.360608,71.0843,28.9157
8,9,0.0148514,0.0050034,0.433952,100,0
8,10,0.114161,0.0247274,0.48896,68.3761,31.6239
8,11,0.108205,0.0264803,0.378944,71.2644,28.7356
8,12,0.00400762,0.000292897,0.647872,100,0
8,13,0.148859,0.0339719,0.207808,44.7368,55.2632
8,14,0.135252,0.0324222,0.287264,64.3836,35.6164
8,15,0.116751,0.0320302,0.372832,67.033,32.967
8,16,0.114814,0.0275972,0.317824,70.2703,29.7297
8,17,0.036193,0.0119768,0.525632,94.5055,5.49451
8,18,0.146055,0.0395897,0.281152,53.4884,46.5116
8,19,0.121786,0.0264388,0.36672,66.6667,33.3333
8,20,0.13429,0.0323694,0.177248,51.7857,48.2143
8,21,0.153941,0.0329002,0.24448,53.3333,46.6667
8,22,0.129977,0.0396846,0.201696,37.931,62.069
8,23,0.126196,0.0388847,0.085568,22.5806,77.4194
8,24,0.134905,0.036693,0.268928,49.4382,50.5618
8,25,0.01944,0.00604071,0.446176,93.5897,6.41026
8,26,0.14262,0.0388935,0.18336,44.7761,55.2239
8,27,0.161224,0.0348399,0.024448,5.12821,94.8718
8,28,0.143385,0.0375057,0.165024,28.4211,71.5789
8,29,0.15645,0.0425588,0.116128,17.9245,82.0755
8,30,0.134921,0.0326279,0.3056,60.241,39.759
8,31,0.0110185,0.0039459,0.48896,98.7654,1.23457
8,32,0.134515,0.0283714,0.317824,63.4146,36.5854
8,33,0.142074,0.0334466,0.262816,63.2353,36.7647
8,34,0.109175,0.0264554,0.360608,74.6835,25.3165
8,35,0.121912,0.028625,0.378944,69.6629,30.3371
8,36,0.140979,0.0297758,0.238368,41.9355,58.0645
8,37,0.0589951,0.0158494,0.568416,94.898,5.10204
8,38,0.129978,0.0330717,0.256704,48.8372,51.1628
8,39,0.142158,0.0351238,0.158912,40.625,59.375
8,40,0.141039,0.0317203,0.36672,62.5,37.5
8,41,0.122611,0.0330208,0.299488,60.4938,39.5062
8,42,0.00591738,0.00122067,0.348384,100,0
8,43,0.040164,0.0140366,0.42784,98.5915,1.40845
8,44,0.13486,0.0289159,0.311712,59.3023,40.6977
8,45,0.0887122,0.0243131,0.42784,78.6517,21.3483
8,46,0.140064,0.0347341,0.21392,36.0825,63.9175
8,47,0.132214,0.0361181,0.287264,48.9583,51.0417
8,48,0.0903027,0.0229876,0.372832,77.2152,22.7848
8,49,0.129509,0.0295982,0.4584,72.1154,27.8846
8,50,0.136672,0.0340045,0.085568,22.9508,77.0492
8,51,0.12867,0.0285098,0.372832,71.7647,28.2353
8,52,0.137466,0.0353191,0.262816,46.7391,53.2609
8,53,0.139413,0.0363461,0.1528,29.0698,70.9302
8,54,0.139931,0.0350725,0.354496,58,42
8,55,0.123285,0.0274359,0.360608,66.2921,33.7079
8,56,0.00737177,0.00188138,0.592864,100,0
8,57,0.00776516,0.00183887,0.507296,100,0
8,58,0.156523,0.0323465,0.330048,44.6281,55.3719
8,59,0.138998,0.0362276,0.207808,40,60
8,60,0.128084,0.031232,0.354496,65.9091,34.0909
8,61,0.137762,0.0333166,0.232256,45.2381,54.7619
8,62,0.00368978,0.00015904,0.360608,100,0
8,63,0.0153463,0.00487649,0.464512,97.4359,2.5641
8,64,0.144083,0.0327854,0.207808,35.4167,64.5833
8,65,0.134931,0.0314848,0.262816,60.5634,39.4366
8,66,0.0409657,0.0148208,0.323936,74.6479,25.3521
8,67,0.0707375,0.0170814,0.421728,86.25,13.75
8,68,0.0942263,0.0257717,0.323936,70.6667,29.3333
8,69,0.00511468,0.00127005,0.354496,100,0
8,70,0.123366,0.0289506,0.372832,78.2051,21.7949
8,71,0.12676,0.031965,0.262816,54.4304,45.5696
8,72,0.1418,0.0330263,0.311712,62.963,37.037
8,73,0.124327,0.029015,0.385056,67.0213,32.9787
8,74,0.0985901,0.0263653,0.33616,84.6154,15.3846
10,0,0.134459,0.03063,0.372832,69.3182,30.6818
10,1,0.119153,0.0303752,0.317824,65,35
10,2,0.134784,0.0344277,0.226144,46.8354,53.1646
10,3,0.142398,0.0298066,0.134464,23.1579,76.8421
10,4,0.13202,0.0321504,0.36672,69.7674,30.2326
10,5,0.144076,0.0364111,0.195584,36.3636,63.6364
10,6,0.108866,0.0278105,0.360608,69.4118,30.5882
10,7,0.0876398,0.0228406,0.33616,72.3684,27.6316
10,8,0.135874,0.0314565,0.354496,74.359,25.641
10,9,0.01226,0.00389555,0.440064,100,0
10,10,0.11376,0.026259,0.330048,76.0563,23.9437
10,11,0.109113,0.0267779,0.299488,81.6667,18.3333
10,12,0.00397713,0.000272625,0.409504,100,0
10,13,0.147242,0.0338668,0.177248,42.6471,57.3529
10,14,0.132812,0.0316531,0.372832,59.8039,40.1961
10,15,0.118539,0.0299914,0.415616,76.4045,23.5955
10,16,0.117317,0.027575,0.24448,62.5,37.5
10,17,0.0320459,0.010752,0.513408,96.5517,3.44828
10,18,0.14367,0.0345482,0.348384,54.2857,45.7143
10,19,0.118651,0.0277484,0.3056,71.4286,28.5714
10,20,0.133324,0.0326537,0.238368,53.4247,46.5753
10,21,0.151895,0.0339738,0.250592,44.086,55.914
10,22,0.129722,0.0405781,0.207808,62.963,37.037
10,23,0.132634,0.0355725,0.158912,28.2609,71.7391
10,24,0.134531,0.034936,0.195584,36.7816,63.2184
10,25,0.0179472,0.00565886,0.55008,97.8261,2.17391
10,26,0.142401,0.0361413,0.207808,40.4762,59.5238
10,27,0.158315,0.033377,0.085568,19.4444,80.5556
10,28,0.144463,0.035909,0.262816,43,57
10,29,0.15166,0.0413181,0.09168,15.9574,84.0426
10,30,0.135145,0.033188,0.238368,51.3158,48.6842
10,31,0.0119209,0.00420683,0.531744,97.7528,2.24719
10,32,0.130697,0.0296293,0.323936,74.6479,25.3521
10,33,0.136982,0.0326256,0.299488,58.3333,41.6667
10,34,0.11249,0.0266205,0.378944,64.5833,35.4167
10,35,0.123333,0.0297231,0.262816,58.1081,41.8919
10,36,0.141573,0.0291551,0.262816,56.5789,43.4211
10,37,0.0446225,0.0123069,0.58064,97.9381,2.06186
10,38,0.130387,0.0323883,0.24448,50.6329,49.3671
10,39,0.140786,0.0329517,0.134464,30.137,69.863
10,40,0.140059,0.0316612,0.293376,62.3377,37.6623
10,41,0.127446,0.0324947,0.256704,54.5455,45.4545
10,42,0.0054563,0.00101844,0.360608,100,0
10,43,0.0325213,0.0117191,0.543968,88.1188,11.8812
10,44,0.135296,0.0291432,0.372832,61,39
10,45,0.0940405,0.0243841,0.42784,79.5455,20.4545
10,46,0.140394,0.0349953,0.140576,25,75
10,47,0.131741,0.035758,0.220032,53.7313,46.2687
10,48,0.0842301,0.0213805,0.378944,96.875,3.125
10,49,0.127006,0.0290794,0.323936,65.4321,34.5679
10,50,0.139034,0.034251,0.24448,47.619,52.381
10,51,0.126447,0.0302335,0.311712,57.3034,42.6966
10,52,0.138448,0.0340193,0.378944,56.8807,43.1193
10,53,0.138969,0.0337473,0.207808,41.4634,58.5366
10,54,0.138337,0.0335187,0.262816,71.6667,28.3333
10,55,0.125065,0.0289169,0.262816,58.1081,41.8919
10,56,0.00782412,0.00217039,0.482848,98.75,1.25
10,57,0.00665781,0.00143314,0.51952,100,0
10,58,0.148931,0.0331148,0.195584,35.5556,64.4444
10,59,0.139087,0.0346905,0.262816,37.7193,62.2807
10,60,0.130606,0.0311009,0.348384,56.4356,43.5644
10,61,0.136159,0.0335453,0.18336,37.9747,62.0253
10,62,0.00752109,0.0023459,0.433952,91.0256,8.97436
10,63,0.0132215,0.00413213,0.623424,99.0291,0.970874
10,64,0.138598,0.0333194,0.134464,28.2051,71.7949
10,65,0.131961,0.029963,0.360608,65.5556,34.4444
10,66,0.0619715,0.0173356,0.372832,70.1149,29.8851
10,67,0.068464,0.0182181,0.51952,91.3978,8.60215
10,68,0.0972216,0.0266917,0.311712,72.8571,27.1429
10,69,0.00612006,0.00167651,0.568416,98.9362,1.06383
10,70,0.123776,0.0297339,0.256704,53.8462,46.1538
10,71,0.126745,0.0300858,0.220032,48.6486,51.3514
10,72,0.14083,0.0319423,0.403392,59.4595,40.5405
10,73,0.126331,0.0291235,0.317824,81.25,18.75
10,74,0.0981653,0.0261019,0.354496,71.6049,28.3951
12,0,0.129151,0.0322726,0.317824,59.0909,40.9091
12,1,0.115181,0.0292558,0.39728,69.1489,30.8511
12,2,0.135797,0.0337269,0.171136,40,60
12,3,0.143785,0.0321415,0.097792,17.3913,82.6087
12,4,0.131536,0.0323004,0.385056,63,37
12,5,0.145595,0.0368631,0.140576,30.2632,69.7368
12,6,0.110589,0.0282896,0.323936,80.303,19.697
12,7,0.0926137,0.0244279,0.281152,63.0137,36.9863
12,8,0.134109,0.0310983,0.317824,59.7701,40.2299
12,9,0.0116085,0.00358845,0.513408,98.8235,1.17647
12,10,0.117335,0.0265332,0.287264,50.5376,49.4624
12,11,0.111636,0.0263219,0.342272,83.5821,16.4179
12,12,0.00396353,0.000308578,0.690656,100,0
12,13,0.146598,0.0338188,0.165024,32.5301,67.4699
12,14,0.132526,0.0311476,0.330048,64.2857,35.7143
12,15,0.116349,0.0297522,0.372832,67.033,32.967
12,16,0.119232,0.0288972,0.250592,59.4203,40.5797
12,17,0.0322102,0.0109152,0.36672,93.75,6.25
12,18,0.145564,0.0349061,0.226144,37.7551,62.2449
12,19,0.117458,0.0273554,0.391168,68.0851,31.9149
12,20,0.133668,0.0333397,0.158912,35.6164,64.3836
12,21,0.154569,0.0329655,0.18336,42.2535,57.7465
12,22,0.129974,0.0425398,0.21392,44.3038,55.6962
12,23,0.134408,0.0348675,0.048896,14.8148,85.1852
12,24,0.137732,0.0336502,0.287264,50,50
12,25,0.0180862,0.0058253,0.378944,93.9394,6.06061
12,26,0.143037,0.0367816,0.140576,35.3846,64.6154
12,27,0.155535,0.0332999,0.03056,6.84932,93.1507
12,28,0.146082,0.0353532,0.165024,27.8351,72.1649
12,29,0.149826,0.042402,0.134464,26.506,73.494
12,30,0.137195,0.032175,0.238368,46.988,53.012
12,31,0.023979,0.00819482,0.348384,78.0822,21.9178
12,32,0.130266,0.0293564,0.293376,57.8313,42.1687
12,33,0.138483,0.032299,0.232256,58.4615,41.5385
12,34,0.108789,0.0276972,0.33616,82.0896,17.9104
12,35,0.124693,0.0299211,0.317824,60.4651,39.5349
12,36,0.141123,0.0330874,0.232256,46.9136,53.0864
12,37,0.0356575,0.00979396,0.513408,100,0
12,38,0.134887,0.0318005,0.226144,41.573,58.427
12,39,0.141636,0.0335585,0.287264,50.5376,49.4624
12,40,0.14095,0.0320822,0.195584,38.5542,61.4458
12,41,0.129402,0.0327093,0.189472,36.4706,63.5294
12,42,0.0059727,0.00125163,0.598976,98.9899,1.0101
12,43,0.0319903,0.0107411,0.568416,100,0
12,44,0.135352,0.028797,0.372832,59.8039,40.1961
12,45,0.0951781,0.0250064,0.36672,75.9494,24.0506
12,46,0.140602,0.0361712,0.134464,30.137,69.863
12,47,0.13251,0.0363112,0.1528,38.4615,61.5385
12,48,0.0690701,0.0180909,0.470624,95.0617,4.93827
12,49,0.12262,0.0288416,0.415616,82.9268,17.0732
12,50,0.141847,0.0332625,0.189472,38.75,61.25
12,51,0.122012,0.0305418,0.360608,69.4118,30.5882
12,52,0.134752,0.0329279,0.27504,65.2174,34.7826
12,53,0.142757,0.0339765,0.262816,49.4253,50.5747
12,54,0.140183,0.0328824,0.226144,38.9474,61.0526
12,55,0.127625,0.0290944,0.415616,60.177,39.823
12,56,0.00785722,0.00223381,0.617312,98.0583,1.94175
12,57,0.00602167,0.00114101,0.543968,98.8889,1.11111
12,58,0.146263,0.0344395,0.226144,43.5294,56.4706
12,59,0.135189,0.0352697,0.140576,38.3333,61.6667
12,60,0.132122,0.0308773,0.372832,64.2105,35.7895
12,61,0.136571,0.0331104,0.177248,46.0317,53.9683
12,62,0.0113774,0.00398617,0.354496,98.3051,1.69492
12,63,0.0110022,0.00322165,0.653984,100,0
12,64,0.139465,0.0333571,0.24448,51.2821,48.7179
12,65,0.11963,0.0295171,0.452288,79.5699,20.4301
12,66,0.0690383,0.0185614,0.6112,90.9091,9.09091
12,67,0.0621094,0.0170063,0.537856,92.6316,7.36842
12,68,0.101233,0.0280743,0.372832,70.9302,29.0698
12,69,0.00665969,0.00182457,0.562304,97.8723,2.12766
12,70,0.124673,0.0304045,0.323936,60.9195,39.0805
12,71,0.12869,0.0289968,0.360608,60.2041,39.7959
12,72,0.137807,0.0324201,0.207808,47.8873,52.1127
12,73,0.126657,0.029646,0.330048,67.5,32.5
12,74,0.101658,0.027609,0.323936,74.6479,25.3521
14,0,0.129589,0.0324416,0.195584,42.1053,57.8947
14,1,0.118177,0.0293772,0.415616,86.0759,13.9241
14,2,0.134772,0.0325154,0.323936,54.0816,45.9184
14,3,0.145489,0.0308479,0.073344,14.2857,85.7143
14,4,0.131778,0.0318429,0.311712,62.1951,37.8049
14,5,0.147148,0.0360151,0.207808,37.3626,62.6374
14,6,0.104518,0.0267882,0.391168,73.5632,26.4368
14,7,0.0943639,0.0252623,0.354496,85.2941,14.7059
14,8,0.132101,0.0302951,0.354496,77.3333,22.6667
14,9,0.0104225,0.00310481,0.42784,100,0
14,10,0.118213,0.0277051,0.268928,67.6923,32.3077
14,11,0.103067,0.0242713,0.446176,77.6596,22.3404
14,12,0.00396489,0.00034523,0.452288,100,0
14,13,0.146228,0.0330918,0.207808,50,50
14,14,0.131771,0.0306233,0.385056,66.3158,33.6842
14,15,0.114403,0.0289218,0.317824,81.25,18.75
14,16,0.118212,0.0276123,0.470624,82.7957,17.2043
14,17,0.033327,0.0110275,0.476736,93.9759,6.0241
14,18,0.146231,0.0340694,0.195584,35.1648,64.8352
14,19,0.117302,0.0280475,0.287264,61.039,38.961
14,20,0.136076,0.0334124,0.232256,48.7179,51.2821
14,21,0.148599,0.0319806,0.262816,52.439,47.561
14,22,0.128259,0.0421965,0.226144,47.4359,52.5641
14,23,0.135741,0.0352156,0.06112,10.989,89.011
14,24,0.133471,0.0345595,0.220032,34.9515,65.0485
14,25,0.0245685,0.00748161,0.464512,87.3563,12.6437
14,26,0.139901,0.0355823,0.262816,46.2366,53.7634
14,27,0.155051,0.033929,0.012224,2.29885,97.7011
14,28,0.147852,0.0354479,0.1528,42.3729,57.6271
14,29,0.147335,0.0414293,0.171136,34.5679,65.4321
14,30,0.13519,0.032707,0.195584,45.0704,54.9296
14,31,0.0397294,0.011,0.39728,71.4286,28.5714
14,32,0.126905,0.0293869,0.372832,74.3902,25.6098
14,33,0.134625,0.031512,0.360608,61.4583,38.5417
14,34,0.106583,0.0272262,0.403392,71.7391,28.2609
14,35,0.127615,0.0296664,0.354496,68.2353,31.7647
14,36,0.141392,0.0331187,0.27504,58.4416,41.5584
14,37,0.0315574,0.0088777,0.543968,97.8022,2.1978
14,38,0.135991,0.0329803,0.21392,40.6977,59.3023
14,39,0.139991,0.0336449,0.128352,22.5806,77.4194
14,40,0.136907,0.0320105,0.323936,62.3529,37.6471
14,41,0.129576,0.0323265,0.24448,55.5556,44.4444
14,42,0.00546147,0.00102042,0.6112,100,0
14,43,0.031743,0.0105737,0.48896,94.1176,5.88235
14,44,0.135854,0.0285715,0.36672,67.4157,32.5843
14,45,0.099993,0.0257391,0.378944,57.4074,42.5926
14,46,0.139402,0.0357715,0.140576,26.1364,73.8636
14,47,0.131012,0.0363062,0.165024,28.7234,71.2766
14,48,0.0663856,0.0184527,0.556192,90.099,9.90099
14,49,0.121234,0.0282998,0.36672,66.6667,33.3333
14,50,0.142482,0.0331509,0.146688,31.1688,68.8312
14,51,0.123694,0.0307571,0.268928,53.6585,46.3415
14,52,0.135137,0.0347676,0.189472,47.6923,52.3077
14,53,0.143889,0.0330541,0.3056,61.7284,38.2716
14,54,0.140418,0.0337068,0.262816,51.8072,48.1928
14,55,0.129595,0.0294182,0.3056,60.9756,39.0244
14,56,0.00712576,0.0019407,0.525632,100,0
14,57,0.00570248,0.00102244,0.51952,100,0
14,58,0.148753,0.0337332,0.220032,43.3735,56.6265
14,59,0.131498,0.0349803,0.171136,35,65
14,60,0.132216,0.0313495,0.330048,54.5455,45.4545
14,61,0.136445,0.0328941,0.226144,36.6337,63.3663
14,62,0.0142685,0.00496914,0.42784,84.3373,15.6627
14,63,0.0106425,0.00310014,0.543968,98.8889,1.11111
14,64,0.13885,0.0346689,0.281152,44.6602,55.3398
14,65,0.102589,0.0254822,0.507296,90.2174,9.78261
14,66,0.0769386,0.0192553,0.268928,74.5763,25.4237
14,67,0.0544126,0.0157517,0.501184,94.2529,5.74713
14,68,0.105267,0.0292267,0.27504,61.6438,38.3562
14,69,0.0122023,0.00382565,0.470624,86.5169,13.4831
14,70,0.123736,0.0314962,0.360608,79.7297,20.2703
14,71,0.129372,0.0294335,0.158912,41.2698,58.7302
14,72,0.138488,0.0329065,0.330048,62.7907,37.2093
14,73,0.123598,0.0304847,0.24448,71.4286,28.5714
14,74,0.106014,0.0278797,0.330048,59.3407,40.6593
16,0,0.130765,0.0319724,0.360608,57.2816,42.7184
16,1,0.121206,0.0287884,0.464512,64.9573,35.0427
16,2,0.135712,0.0325239,0.256704,53.8462,46.1538
16,3,0.146143,0.0331181,0.134464,27.1605,72.8395
16,4,0.130618,0.0309957,0.403392,68.0412,31.9588
16,5,0.146968,0.0348719,0.21392,74.4681,25.5319
16,6,0.104597,0.0264087,0.433952,86.5854,13.4146
16,7,0.0989574,0.0264404,0.323936,63.8554,36.1446
16,8,0.126301,0.0301167,0.409504,75.2809,24.7191
16,9,0.0106138,0.00314454,0.311712,98.0769,1.92308
16,10,0.117868,0.0276016,0.24448,57.971,42.029
16,11,0.103635,0.024444,0.470624,79.3814,20.6186
16,12,0.00703552,0.0018321,0.525632,87.7551,12.2449
16,13,0.142849,0.033013,0.281152,51.6854,48.3146
16,14,0.130876,0.0309656,0.250592,57.7465,42.2535
16,15,0.114325,0.02849,0.39728,81.25,18.75
16,16,0.12055,0.0272384,0.33616,65.4762,34.5238
16,17,0.0323904,0.0104005,0.501184,96.4706,3.52941
16,18,0.145995,0.0334993,0.085568,20.2899,79.7101
16,19,0.117455,0.0277506,0.311712,75,25
16,20,0.134879,0.0333277,0.281152,59.7403,40.2597
16,21,0.147581,0.0341807,0.146688,26.087,73.913
16,22,0.130646,0.0408187,0.24448,45.977,54.023
16,23,0.137512,0.0343108,0.055008,15.2542,84.7458
16,24,0.133973,0.0337662,0.189472,36.4706,63.5294
16,25,0.0286907,0.00878573,0.464512,84.4444,15.5556
16,26,0.140708,0.0342148,0.287264,53.4091,46.5909
16,27,0.154294,0.0370372,0.03056,4.90196,95.098
16,28,0.145491,0.0353901,0.226144,37.7551,62.2449
16,29,0.144774,0.0420865,0.171136,34.5679,65.4321
16,30,0.135673,0.0325696,0.201696,42.8571,57.1429
16,31,0.0496464,0.012884,0.378944,68.1319,31.8681
16,32,0.125953,0.0287484,0.391168,73.5632,26.4368
16,33,0.135026,0.0316504,0.268928,56.4103,43.5897
16,34,0.107807,0.0274463,0.409504,76.1364,23.8636
16,35,0.125084,0.0300329,0.293376,64,36
16,36,0.139964,0.032199,0.262816,51.1905,48.8095
16,37,0.0316503,0.00883489,0.440064,92.3077,7.69231
16,38,0.135324,0.0323501,0.158912,37.6812,62.3188
16,39,0.140584,0.0334941,0.207808,41.4634,58.5366
16,40,0.136649,0.0321355,0.250592,65.0794,34.9206
16,41,0.131856,0.0318383,0.232256,43.1818,56.8182
16,42,0.00517937,0.000875732,0.531744,100,0
16,43,0.0363356,0.0121996,0.409504,74.4444,25.5556
16,44,0.137231,0.0290283,0.348384,61.2903,38.7097
16,45,0.104942,0.0259718,0.330048,78.2609,21.7391
16,46,0.137381,0.0347483,0.110016,15.7895,84.2105
16,47,0.130499,0.0366478,0.21392,42.1687,57.8313
16,48,0.061595,0.0180187,0.378944,92.5373,7.46269
16,49,0.118406,0.028074,0.433952,71,29
16,50,0.142193,0.0325877,0.158912,41.2698,58.7302
16,51,0.124122,0.0310822,0.317824,72.2222,27.7778
16,52,0.133672,0.0344283,0.27504,46.875,53.125
16,53,0.142712,0.0327974,0.3056,52.6316,47.3684
16,54,0.13779,0.0333904,0.281152,50,50
16,55,0.128203,0.0300809,0.293376,57.1429,42.8571
16,56,0.00668649,0.00173549,0.446176,100,0
16,57,0.00579214,0.00128882,0.470624,98.7179,1.28205
16,58,0.146901,0.034182,0.226144,46.8354,53.1646
16,59,0.131371,0.0362023,0.171136,29.1667,70.8333
16,60,0.132786,0.0310369,0.330048,70.1299,29.8701
16,61,0.13639,0.0334947,0.171136,37.3333,62.6667
16,62,0.021361,0.0077774,0.64176,96.3303,3.66972
16,63,0.0112911,0.0034078,0.452288,96.1039,3.8961
16,64,0.138899,0.0342465,0.207808,36.5591,63.4409
16,65,0.0875488,0.0222823,0.48896,100,0
16,66,0.0827844,0.0202429,0.36672,73.1707,26.8293
16,67,0.0531624,0.0157097,0.452288,87.0588,12.9412
16,68,0.10756,0.0300896,0.3056,60.9756,39.0244
16,69,0.0217038,0.0064932,0.391168,86.4865,13.5135
16,70,0.124594,0.0314059,0.330048,62.069,37.931
16,71,0.131212,0.0309445,0.226144,48.6842,51.3158
16,72,0.138089,0.0329568,0.238368,48.75,51.25
16,73,0.121292,0.0305708,0.281152,61.3333,38.6667
16,74,0.10988,0.027653,0.42784,78.6517,21.3483
18,0,0.130811,0.0327138,0.238368,57.3529,42.6471
18,1,0.119109,0.028858,0.513408,85.7143,14.2857
18,2,0.137109,0.0322542,0.18336,37.037,62.963
18,3,0.146749,0.0339911,0.036672,10.7143,89.2857
18,4,0.127235,0.0303762,0.372832,70.1149,29.8851
18,5,0.147498,0.0346829,0.165024,49.0909,50.9091
18,6,0.101505,0.0264564,0.323936,77.9412,22.0588
18,7,0.100031,0.0269385,0.27504,70.3125,29.6875
18,8,0.122461,0.0295682,0.4584,73.5294,26.4706
18,9,0.012635,0.00420147,0.27504,91.8367,8.16327
18,10,0.118331,0.0292208,0.287264,56.6265,43.3735
18,11,0.101922,0.0253538,0.378944,72.9412,27.0588
18,12,0.00939045,0.00266599,0.592864,100,0
18,13,0.142515,0.0329265,0.293376,57.8313,42.1687
18,14,0.130561,0.0311806,0.220032,65.4545,34.5455
18,15,0.114674,0.0285573,0.342272,68.2927,31.7073
18,16,0.121559,0.0279195,0.232256,61.2903,38.7097
18,17,0.0343849,0.0110861,0.42784,79.5455,20.4545
18,18,0.142633,0.0335108,0.232256,33.9286,66.0714
18,19,0.113991,0.0279479,0.27504,60.8108,39.1892
18,20,0.135419,0.033425,0.146688,36.9231,63.0769
18,21,0.147598,0.035128,0.110016,23.0769,76.9231
18,22,0.131828,0.0412094,0.146688,36.9231,63.0769
18,23,0.140118,0.0332282,0.079456,12.8713,87.1287
18,24,0.134616,0.0338129,0.055008,11.5385,88.4615
18,25,0.0306169,0.0101205,0.415616,93.1507,6.84932
18,26,0.139975,0.0353772,0.171136,44.4444,55.5556
18,27,0.155104,0.0368083,0.012224,2.5641,97.4359
18,28,0.14516,0.0356298,0.079456,24.5283,75.4717
18,29,0.143588,0.0398384,0.158912,27.957,72.043
18,30,0.135209,0.0321098,0.281152,65.7143,34.2857
18,31,0.0583258,0.0149151,0.3056,72.4638,27.5362
18,32,0.123019,0.0287605,0.385056,65.625,34.375
18,33,0.134499,0.0319444,0.311712,63.75,36.25
18,34,0.110313,0.0283703,0.330048,60.6742,39.3258
18,35,0.12689,0.030358,0.3056,53.7634,46.2366
18,36,0.1402,0.033222,0.256704,48.2759,51.7241
18,37,0.0322145,0.00943012,0.562304,92.9293,7.07071
18,38,0.136145,0.0326455,0.110016,26.8657,73.1343
18,39,0.141185,0.0343243,0.21392,39.7727,60.2273
18,40,0.136234,0.0327866,0.207808,48.5714,51.4286
18,41,0.134483,0.0328578,0.27504,50,50
18,42,0.00503803,0.00080293,0.39728,100,0
18,43,0.0356193,0.0116522,0.440064,100,0
18,44,0.136002,0.0294575,0.262816,66.1538,33.8462
18,45,0.109267,0.025842,0.348384,68.6747,31.3253
18,46,0.137391,0.0358276,0.103904,25.3731,74.6269
18,47,0.132717,0.036084,0.195584,45.7143,54.2857
18,48,0.0621168,0.0181754,0.421728,82.1429,17.8571
18,49,0.120601,0.0275563,0.342272,69.1358,30.8642
18,50,0.143915,0.0323645,0.189472,35.6322,64.3678
18,51,0.124392,0.0308137,0.36672,66.6667,33.3333
18,52,0.13357,0.0340752,0.3056,56.8182,43.1818
18,53,0.142133,0.033144,0.330048,63.5294,36.4706
18,54,0.137139,0.0335899,0.232256,59.375,40.625
18,55,0.129118,0.0298015,0.317824,67.5325,32.4675
18,56,0.00619877,0.00152381,0.653984,100,0
18,57,0.00624885,0.00146026,0.507296,96.5116,3.48837
18,58,0.146592,0.0344011,0.097792,26.2295,73.7705
18,59,0.133235,0.0358265,0.12224,29.8507,70.1493
18,60,0.131106,0.0314629,0.354496,59.7938,40.2062
18,61,0.138128,0.033888,0.226144,39.3617,60.6383
18,62,0.024682,0.00861305,0.378944,80.5195,19.4805
18,63,0.0123908,0.00390484,0.482848,96.3415,3.65854
18,64,0.138121,0.0341102,0.134464,25.8824,74.1176
18,65,0.0798881,0.021086,0.446176,93.5897,6.41026
18,66,0.0865198,0.0213001,0.415616,69.3878,30.6122
18,67,0.0553621,0.0163062,0.323936,74.6479,25.3521
18,68,0.110886,0.0303741,0.323936,63.0952,36.9048
18,69,0.0279121,0.00803208,0.36672,73.1707,26.8293
18,70,0.124444,0.0316248,0.299488,63.6364,36.3636
18,71,0.132669,0.0310838,0.201696,47.8261,52.1739
18,72,0.136294,0.0329289,0.287264,56.6265,43.3735
18,73,0.123287,0.0304278,0.391168,62.7451,37.2549
18,74,0.113704,0.0276171,0.391168,59.8131,40.1869
20,0,0.131899,0.0326445,0.250592,44.5652,55.4348
20,1,0.116414,0.0285224,0.39728,79.2683,20.7317
20,2,0.137549,0.0328198,0.238368,41.0526,58.9474
20,3,0.145375,0.0339544,0.079456,18.8406,81.1594
20,4,0.128578,0.0305288,0.281152,54.1176,45.8824
20,5,0.14644,0.0336125,0.293376,46.1538,53.8462
20,6,0.0942472,0.026229,0.421728,79.3103,20.6897
20,7,0.101732,0.0270856,0.18336,53.5714,46.4286
20,8,0.122876,0.029873,0.378944,82.6667,17.3333
20,9,0.0120558,0.00393423,0.562304,98.9247,1.07527
20,10,0.121016,0.029124,0.440064,73.4694,26.5306
20,11,0.101216,0.0254552,0.48896,91.954,8.04598
20,12,0.00949633,0.00270964,0.446176,98.6486,1.35135
20,13,0.142419,0.0327735,0.262816,42.5743,57.4257
20,14,0.131037,0.0315171,0.311712,59.3023,40.6977
20,15,0.112123,0.0283372,0.378944,75.6098,24.3902
20,16,0.119137,0.0272756,0.348384,70.3704,29.6296
20,17,0.0410735,0.0124249,0.452288,83.1461,16.8539
20,18,0.144353,0.033758,0.201696,38.8235,61.1765
20,19,0.114466,0.0282668,0.317824,62.6506,37.3494
20,20,0.135411,0.0337144,0.311712,49.5146,50.4854
20,21,0.149751,0.0343182,0.238368,46.4286,53.5714
20,22,0.131445,0.0406315,0.146688,38.7097,61.2903
20,23,0.140355,0.032951,0.067232,16.9231,83.0769
20,24,0.13613,0.033902,0.146688,30,70
20,25,0.0338183,0.0112537,0.482848,79.798,20.202
20,26,0.139361,0.0356873,0.250592,46.5909,53.4091
20,27,0.154914,0.0368735,0.042784,7.14286,92.8571
20,28,0.145198,0.0353501,0.177248,23.0159,76.9841
20,29,0.141995,0.0397295,0.189472,31,69
20,30,0.135567,0.0315987,0.226144,41.1111,58.8889
20,31,0.0648465,0.0166647,0.311712,60,40
20,32,0.122154,0.0284252,0.360608,65.5556,34.4444
20,33,0.135776,0.0319783,0.268928,45.3608,54.6392
20,34,0.112577,0.0284228,0.372832,60.396,39.604
20,35,0.127283,0.0306342,0.311712,67.1053,32.8947
20,36,0.139112,0.0327403,0.33616,61.7978,38.2022
20,37,0.0313426,0.00932407,0.537856,95.6522,4.34783
20,38,0.138038,0.0324782,0.27504,49.4505,50.5495
20,39,0.141798,0.0334677,0.201696,46.4789,53.5211
20,40,0.135943,0.032817,0.220032,53.7313,46.2687
20,41,0.13435,0.0332512,0.1528,31.25,68.75
20,42,0.00489531,0.000720545,0.562304,100,0
20,43,0.0334344,0.0110518,0.513408,94.382,5.61798
20,44,0.134694,0.02948,0.220032,55.3846,44.6154
20,45,0.109459,0.0262571,0.287264,63.5135,36.4865
20,46,0.137685,0.0360994,0.073344,15.7895,84.2105
20,47,0.1322,0.0358694,0.24448,37.3832,62.6168
20,48,0.0625566,0.018758,0.446176,89.0244,10.9756
20,49,0.120818,0.0280463,0.385056,76.8293,23.1707
20,50,0.142375,0.0332226,0.140576,22.1154,77.8846
20,51,0.122652,0.0324443,0.293376,56.4706,43.5294
20,52,0.131107,0.033006,0.354496,64.4444,35.5556
20,53,0.141152,0.0333186,0.256704,51.8519,48.1481
20,54,0.137402,0.0343237,0.207808,53.9683,46.0317
20,55,0.129422,0.0299587,0.311712,57.9545,42.0455
20,56,0.00588654,0.00139967,0.556192,100,0
20,57,0.0103151,0.00296338,0.372832,83.5616,16.4384
20,58,0.146173,0.0347599,0.1528,28.4091,71.5909
20,59,0.133504,0.0363627,0.165024,28.4211,71.5789
20,60,0.128728,0.0312674,0.293376,70.5882,29.4118
20,61,0.138169,0.0333376,0.189472,40.2597,59.7403
20,62,0.0305222,0.0101797,0.403392,89.1892,10.8108
20,63,0.0139994,0.00472459,0.507296,92.2222,7.77778
20,64,0.138289,0.0341261,0.195584,40.5063,59.4937
20,65,0.0723983,0.0192812,0.501184,95.3488,4.65116
20,66,0.089243,0.0214645,0.250592,67.2131,32.7869
20,67,0.0483013,0.0140947,0.537856,100,0
20,68,0.114126,0.0315168,0.342272,55.4455,44.5545
20,69,0.0390134,0.0100463,0.415616,71.5789,28.4211
20,70,0.122712,0.0306288,0.513408,79.2453,20.7547
20,71,0.132455,0.0314738,0.18336,50,50
20,72,0.137284,0.0332807,0.165024,45,55
20,73,0.124191,0.0305214,0.354496,68.2353,31.7647
20,74,0.114282,0.0275851,0.330048,73.9726,26.0274
22,0,0.132026,0.0324438,0.27504,48.913,51.087
22,1,0.116287,0.0286097,0.250592,67.2131,32.7869
22,2,0.138521,0.0329256,0.158912,32.5,67.5
22,3,0.145923,0.0334033,0.177248,31.1828,68.8172
22,4,0.128357,0.030528,0.24448,57.971,42.029
22,5,0.145732,0.0337852,0.146688,40,60
22,6,0.0912165,0.0255485,0.415616,93.1507,6.84932
22,7,0.104578,0.0272061,0.232256,44.7059,55.2941
22,8,0.12254,0.0298115,0.226144,54.4118,45.5882
22,9,0.0111137,0.00353161,0.476736,100,0
22,10,0.122032,0.0293513,0.281152,54.7619,45.2381
22,11,0.101989,0.0259009,0.268928,69.8413,30.1587
22,12,0.00893505,0.00247193,0.513408,100,0
22,13,0.14253,0.032811,0.262816,46.2366,53.7634
22,14,0.130085,0.030869,0.403392,71.7391,28.2609
22,15,0.112668,0.0284455,0.33616,85.9375,14.0625
22,16,0.121644,0.0273064,0.39728,71.4286,28.5714
22,17,0.041842,0.0125825,0.58064,94.0594,5.94059
22,18,0.144355,0.033321,0.189472,41.8919,58.1081
22,19,0.117051,0.0285388,0.403392,71.7391,28.2609
22,20,0.136516,0.0333151,0.323936,52.4752,47.5248
22,21,0.14778,0.0353694,0.116128,26.7606,73.2394
22,22,0.131376,0.0389333,0.293376,50.5263,49.4737
22,23,0.139058,0.0318374,0.06112,12.3457,87.6543
22,24,0.135151,0.0339945,0.262816,48.8636,51.1364
22,25,0.036968,0.0123256,0.415616,87.1795,12.8205
22,26,0.140192,0.0354613,0.262816,53.0864,46.9136
22,27,0.151356,0.0386693,0.073344,12.1212,87.8788
22,28,0.145977,0.0355154,0.21392,51.4706,48.5294
22,29,0.144887,0.0384165,0.220032,51.4286,48.5714
22,30,0.136713,0.0321154,0.287264,48.4536,51.5464
22,31,0.0701867,0.0180032,0.268928,57.1429,42.8571
22,32,0.123573,0.0289861,0.27504,56.962,43.038
22,33,0.135101,0.0322406,0.201696,45.8333,54.1667
22,34,0.115349,0.0280753,0.403392,71.7391,28.2609
22,35,0.12668,0.0307646,0.33616,55,45
22,36,0.138335,0.0337299,0.3056,53.1915,46.8085
22,37,0.0281222,0.00827348,0.58064,100,0
22,38,0.135095,0.0325252,0.287264,46.5347,53.4653
22,39,0.14271,0.0341383,0.165024,32.1429,67.8571
22,40,0.137044,0.0328934,0.281152,63.8889,36.1111
22,41,0.134392,0.0324996,0.281152,45.5446,54.4554
22,42,0.00497617,0.000922972,0.507296,98.8095,1.19048
22,43,0.0302882,0.00989639,0.482848,100,0
22,44,0.13465,0.0296498,0.372832,67.7778,32.2222
22,45,0.112114,0.0263894,0.317824,69.3333,30.6667
22,46,0.138413,0.0358442,0.03056,7.8125,92.1875
22,47,0.134011,0.0357491,0.232256,37.6238,62.3762
22,48,0.0609138,0.0182951,0.495072,87.0968,12.9032
22,49,0.121316,0.0282249,0.440064,65.4545,34.5455
22,50,0.141155,0.0337047,0.21392,36.4583,63.5417
22,51,0.125978,0.0321603,0.348384,64.7727,35.2273
22,52,0.132266,0.031994,0.391168,58.7156,41.2844
22,53,0.141266,0.0332643,0.3056,53.1915,46.8085
22,54,0.136763,0.0337504,0.171136,32.5581,67.4419
22,55,0.130735,0.0300866,0.287264,61.8421,38.1579
22,56,0.0056489,0.00129091,0.525632,100,0
22,57,0.0173446,0.00444006,0.452288,89.1566,10.8434
22,58,0.145436,0.0349872,0.189472,34.0659,65.9341
22,59,0.133959,0.0363788,0.06112,15.3846,84.6154
22,60,0.128207,0.0311804,0.354496,71.6049,28.3951
22,61,0.138341,0.0334078,0.189472,32.2917,67.7083
22,62,0.0371111,0.0117485,0.36672,65.2174,34.7826
22,63,0.0170278,0.0055294,0.433952,89.8734,10.1266
22,64,0.137041,0.0339918,0.27504,58.4416,41.5584
22,65,0.06751,0.0185244,0.378944,95.3846,4.61538
22,66,0.0932147,0.0226017,0.317824,72.2222,27.7778
22,67,0.0440503,0.0127497,0.415616,100,0
22,68,0.114121,0.0312084,0.360608,71.0843,28.9157
22,69,0.0466467,0.0116716,0.354496,64.4444,35.5556
22,70,0.123613,0.0298727,0.421728,71.875,28.125
22,71,0.133643,0.0329564,0.238368,44.3182,55.6818
22,72,0.138268,0.0328848,0.238368,43.8202,56.1798
22,73,0.123862,0.0304622,0.311712,66.2338,33.7662
22,74,0.116962,0.0277043,0.391168,52.8926,47.1074
