Time,CellId,ServiceDlSnrDb,ServiceUlSnrDb,FeederDlSnrDb,FeederUlSnrDb,BackhaulDlSnrDb,BackhaulUlSnrDb,BackhaulHealthy
0.100000,5,12.192651,7.672051,18.734732,27.214133,12.192651,7.672051,1
0.100000,6,11.615467,7.094867,18.734732,27.214133,11.615467,7.094867,1
0.100000,7,13.520883,9.000283,18.734732,27.214133,13.520883,9.000283,1
0.600000,5,12.936360,8.415760,19.312908,27.792308,12.936360,8.415760,1
0.600000,6,14.069195,9.548595,19.312908,27.792308,14.069195,9.548595,1
0.600000,7,13.499690,8.979090,19.312908,27.792308,13.499690,8.979090,1
1.100000,5,12.803719,8.283119,20.813832,29.293232,12.803719,8.283119,1
1.100000,6,13.066535,8.545935,20.813832,29.293232,13.066535,8.545935,1
1.100000,7,11.269465,6.748865,20.813832,29.293232,11.269465,6.748865,1
1.600000,5,12.152458,7.631858,19.274177,27.753577,12.152458,7.631858,1
1.600000,6,11.706581,7.185981,19.274177,27.753577,11.706581,7.185981,1
1.600000,7,14.475858,9.955258,19.274177,27.753577,14.475858,9.955258,1
2.100000,5,9.404152,4.883552,20.097996,28.577397,9.404152,4.883552,1
2.100000,6,7.946720,3.426120,20.097996,28.577397,7.946720,3.426120,1
2.100000,7,12.997766,8.477166,20.097996,28.577397,12.997766,8.477166,1
2.600000,5,8.623508,4.102908,16.789220,25.268620,8.623508,4.102908,1
2.600000,6,12.029342,7.508743,16.789220,25.268620,12.029342,7.508743,1
2.600000,7,13.125147,8.604547,16.789220,25.268620,13.125147,8.604547,1
3.100000,5,9.099835,4.579235,19.833209,28.312609,9.099835,4.579235,1
3.100000,6,13.630175,9.109575,19.833209,28.312609,13.630175,9.109575,1
3.100000,7,14.144289,9.623689,19.833209,28.312609,14.144289,9.623689,1
3.600000,5,11.998629,7.478029,12.065089,20.544489,11.998629,7.478029,1
3.600000,6,11.888768,7.368168,12.065089,20.544489,11.888768,7.368168,1
3.600000,7,15.802020,11.281420,12.065089,20.544489,12.065089,11.281420,1
4.100000,5,10.784529,6.263929,18.333879,26.813279,10.784529,6.263929,1
4.100000,6,11.494768,6.974168,18.333879,26.813279,11.494768,6.974168,1
4.100000,7,12.494328,7.973729,18.333879,26.813279,12.494328,7.973729,1
4.600000,5,11.171472,6.650872,21.758547,30.237947,11.171472,6.650872,1
4.600000,6,13.191058,8.670458,21.758547,30.237947,13.191058,8.670458,1
4.600000,7,8.529170,4.008571,21.758547,30.237947,8.529170,4.008571,1
5.100000,5,11.975783,7.455183,18.781112,27.260512,11.975783,7.455183,1
5.100000,6,13.000467,8.479868,18.781112,27.260512,13.000467,8.479868,1
5.100000,7,9.081259,4.560659,18.781112,27.260512,9.081259,4.560659,1
5.600000,5,11.956346,7.435746,15.072029,23.551429,11.956346,7.435746,1
5.600000,6,11.742767,7.222167,15.072029,23.551429,11.742767,7.222167,1
5.600000,7,8.665127,4.144528,15.072029,23.551429,8.665127,4.144528,1
6.100000,5,11.976966,7.456366,20.994658,29.474058,11.976966,7.456366,1
6.100000,6,12.930068,8.409468,20.994658,29.474058,12.930068,8.409468,1
6.100000,7,13.369384,8.848784,20.994658,29.474058,13.369384,8.848784,1
6.600000,5,5.935030,1.414431,17.983354,26.462755,5.935030,1.414431,1
6.600000,6,6.949421,2.428821,17.983354,26.462755,6.949421,2.428821,1
6.600000,7,13.665117,9.144517,17.983354,26.462755,13.665117,9.144517,1
7.100000,5,9.528953,5.008353,18.958994,27.438394,9.528953,5.008353,1
7.100000,6,11.398004,6.877405,18.958994,27.438394,11.398004,6.877405,1
7.100000,7,9.899176,5.378576,18.958994,27.438394,9.899176,5.378576,1
7.600000,5,14.639290,10.118690,19.008408,27.487808,14.639290,10.118690,1
7.600000,6,12.079797,7.559197,19.008408,27.487808,12.079797,7.559197,1
7.600000,7,12.776011,8.255411,19.008408,27.487808,12.776011,8.255411,1
8.100000,5,12.313477,7.792877,20.279213,28.758613,12.313477,7.792877,1
8.100000,6,8.388902,3.868302,20.279213,28.758613,8.388902,3.868302,1
8.100000,7,13.817624,9.297024,20.279213,28.758613,13.817624,9.297024,1
8.600000,5,12.405231,7.884631,14.362573,22.841973,12.405231,7.884631,1
8.600000,6,8.170430,3.649830,14.362573,22.841973,8.170430,3.649830,1
8.600000,7,8.938322,4.417722,14.362573,22.841973,8.938322,4.417722,1
9.100000,5,11.598681,7.078081,17.964618,26.444018,11.598681,7.078081,1
9.100000,6,15.864768,11.344168,17.964618,26.444018,15.864768,11.344168,1
9.100000,7,14.581386,10.060786,17.964618,26.444018,14.581386,10.060786,1
9.600000,5,13.136355,8.615755,18.069178,26.548578,13.136355,8.615755,1
9.600000,6,12.064402,7.543802,18.069178,26.548578,12.064402,7.543802,1
9.600000,7,11.063874,6.543274,18.069178,26.548578,11.063874,6.543274,1
10.100000,5,12.313395,7.792795,17.000684,25.480084,12.313395,7.792795,1
10.100000,6,16.021091,11.500491,17.000684,25.480084,16.021091,11.500491,1
10.100000,7,8.753908,4.233308,17.000684,25.480084,8.753908,4.233308,1
10.600000,5,11.756854,7.236254,18.746248,27.225648,11.756854,7.236254,1
10.600000,6,8.772078,4.251478,18.746248,27.225648,8.772078,4.251478,1
10.600000,7,12.719268,8.198668,18.746248,27.225648,12.719268,8.198668,1
11.100000,5,14.075739,9.555139,18.251330,26.730730,14.075739,9.555139,1
11.100000,6,13.294740,8.774140,18.251330,26.730730,13.294740,8.774140,1
11.100000,7,10.645910,6.125311,18.251330,26.730730,10.645910,6.125311,1
11.600000,5,11.739500,7.218900,19.050841,27.530242,11.739500,7.218900,1
11.600000,6,12.553535,8.032935,19.050841,27.530242,12.553535,8.032935,1
11.600000,7,12.841355,8.320755,19.050841,27.530242,12.841355,8.320755,1
12.100000,5,8.095668,3.575068,19.600567,28.079967,8.095668,3.575068,1
12.100000,6,10.332537,5.811938,19.600567,28.079967,10.332537,5.811938,1
12.100000,7,12.152122,7.631522,19.600567,28.079967,12.152122,7.631522,1
12.600000,5,10.515569,5.994969,19.810080,28.289481,10.515569,5.994969,1
12.600000,6,10.681467,6.160867,19.810080,28.289481,10.681467,6.160867,1
12.600000,7,8.010073,3.489473,19.810080,28.289481,8.010073,3.489473,1
13.100000,5,11.148124,6.627524,18.062497,26.541897,11.148124,6.627524,1
13.100000,6,11.301512,6.780912,18.062497,26.541897,11.301512,6.780912,1
13.100000,7,12.622556,8.101956,18.062497,26.541897,12.622556,8.101956,1
13.600000,5,11.371201,6.850602,19.977996,28.457396,11.371201,6.850602,1
13.600000,6,10.041827,5.521227,19.977996,28.457396,10.041827,5.521227,1
13.600000,7,12.259364,7.738764,19.977996,28.457396,12.259364,7.738764,1
14.100000,5,12.067339,7.546739,19.673025,28.152425,12.067339,7.546739,1
14.100000,6,12.202475,7.681875,19.673025,28.152425,12.202475,7.681875,1
14.100000,7,12.841923,8.321323,19.673025,28.152425,12.841923,8.321323,1
14.600000,5,10.312406,5.791806,15.540056,24.019456,10.312406,5.791806,1
14.600000,6,11.057533,6.536933,15.540056,24.019456,11.057533,6.536933,1
14.600000,7,12.782639,8.262039,15.540056,24.019456,12.782639,8.262039,1
15.100000,5,13.221361,8.700761,16.802407,25.281807,13.221361,8.700761,1
15.100000,6,13.670032,9.149432,16.802407,25.281807,13.670032,9.149432,1
15.100000,7,12.082546,7.561946,16.802407,25.281807,12.082546,7.561946,1
15.600000,5,12.759310,8.238711,19.162671,27.642071,12.759310,8.238711,1
15.600000,6,11.074741,6.554142,19.162671,27.642071,11.074741,6.554142,1
15.600000,7,11.342446,6.821846,19.162671,27.642071,11.342446,6.821846,1
16.100000,5,10.438164,5.917564,18.879485,27.358885,10.438164,5.917564,1
16.100000,6,12.092873,7.572273,18.879485,27.358885,12.092873,7.572273,1
16.100000,7,10.223842,5.703242,18.879485,27.358885,10.223842,5.703242,1
16.600000,5,12.053163,7.532563,19.411935,27.891335,12.053163,7.532563,1
16.600000,6,12.048061,7.527461,19.411935,27.891335,12.048061,7.527461,1
16.600000,7,14.633838,10.113238,19.411935,27.891335,14.633838,10.113238,1
17.100000,5,6.676588,2.155988,18.888936,27.368336,6.676588,2.155988,1
17.100000,6,10.439716,5.919117,18.888936,27.368336,10.439716,5.919117,1
17.100000,7,16.564064,12.043464,18.888936,27.368336,16.564064,12.043464,1
17.600000,5,13.331323,8.810723,17.748293,26.227693,13.331323,8.810723,1
17.600000,6,12.666744,8.146144,17.748293,26.227693,12.666744,8.146144,1
17.600000,7,14.296444,9.775844,17.748293,26.227693,14.296444,9.775844,1
18.100000,5,13.801715,9.281115,18.986314,27.465714,13.801715,9.281115,1
18.100000,6,11.006833,6.486233,18.986314,27.465714,11.006833,6.486233,1
18.100000,7,11.605112,7.084512,18.986314,27.465714,11.605112,7.084512,1
18.600000,5,11.921230,7.400630,19.759229,28.238629,11.921230,7.400630,1
18.600000,6,10.344669,5.824069,19.759229,28.238629,10.344669,5.824069,1
18.600000,7,15.039417,10.518817,19.759229,28.238629,15.039417,10.518817,1
19.100000,5,13.865236,9.344636,16.361051,24.840451,13.865236,9.344636,1
19.100000,6,8.058558,3.537958,16.361051,24.840451,8.058558,3.537958,1
19.100000,7,14.017652,9.497052,16.361051,24.840451,14.017652,9.497052,1
19.600000,5,14.167515,9.646915,19.498925,27.978325,14.167515,9.646915,1
19.600000,6,10.885898,6.365298,19.498925,27.978325,10.885898,6.365298,1
19.600000,7,13.339437,8.818837,19.498925,27.978325,13.339437,8.818837,1
20.100000,5,13.375313,8.854713,16.823871,25.303271,13.375313,8.854713,1
20.100000,6,14.387095,9.866495,16.823871,25.303271,14.387095,9.866495,1
20.100000,7,14.442784,9.922184,16.823871,25.303271,14.442784,9.922184,1
20.600000,5,11.825325,7.304725,18.338934,26.818334,11.825325,7.304725,1
20.600000,6,12.126327,7.605727,18.338934,26.818334,12.126327,7.605727,1
20.600000,7,13.103209,8.582609,18.338934,26.818334,13.103209,8.582609,1
21.100000,5,13.142549,8.621949,18.113414,26.592814,13.142549,8.621949,1
21.100000,6,11.818598,7.297998,18.113414,26.592814,11.818598,7.297998,1
21.100000,7,11.839520,7.318920,18.113414,26.592814,11.839520,7.318920,1
21.600000,5,9.235974,4.715374,19.880892,28.360292,9.235974,4.715374,1
21.600000,6,12.695491,8.174891,19.880892,28.360292,12.695491,8.174891,1
21.600000,7,9.679766,5.159166,19.880892,28.360292,9.679766,5.159166,1
22.100000,5,13.193995,8.673395,17.411926,25.891326,13.193995,8.673395,1
22.100000,6,14.024024,9.503424,17.411926,25.891326,14.024024,9.503424,1
22.100000,7,8.927891,4.407291,17.411926,25.891326,8.927891,4.407291,1
22.600000,5,12.553856,8.033256,19.480248,27.959648,12.553856,8.033256,1
22.600000,6,10.971374,6.450774,19.480248,27.959648,10.971374,6.450774,1
22.600000,7,11.389510,6.868911,19.480248,27.959648,11.389510,6.868911,1
23.100000,5,10.662893,6.142293,20.056302,28.535702,10.662893,6.142293,1
23.100000,6,12.399697,7.879097,20.056302,28.535702,12.399697,7.879097,1
23.100000,7,13.732665,9.212066,20.056302,28.535702,13.732665,9.212066,1
23.600000,5,13.687019,9.166419,18.884881,27.364281,13.687019,9.166419,1
23.600000,6,11.385026,6.864426,18.884881,27.364281,11.385026,6.864426,1
23.600000,7,14.128611,9.608011,18.884881,27.364281,14.128611,9.608011,1
24.100000,5,13.784012,9.263412,15.869746,24.349146,13.784012,9.263412,1
24.100000,6,12.945917,8.425317,15.869746,24.349146,12.945917,8.425317,1
24.100000,7,14.892102,10.371502,15.869746,24.349146,14.892102,10.371502,1
24.600000,5,12.328071,7.807471,19.883090,28.362490,12.328071,7.807471,1
24.600000,6,11.591806,7.071206,19.883090,28.362490,11.591806,7.071206,1
24.600000,7,13.262607,8.742007,19.883090,28.362490,13.262607,8.742007,1
25.100000,5,13.339005,8.818406,17.511705,25.991105,13.339005,8.818406,1
25.100000,6,8.918319,4.397719,17.511705,25.991105,8.918319,4.397719,1
25.100000,7,14.623663,10.103063,17.511705,25.991105,14.623663,10.103063,1
25.600000,5,8.153433,3.632833,14.548392,23.027793,8.153433,3.632833,1
25.600000,6,11.811827,7.291227,14.548392,23.027793,11.811827,7.291227,1
25.600000,7,15.400007,10.879407,14.548392,23.027793,14.548392,10.879407,1
26.100000,5,11.710898,7.190298,19.853745,28.333145,11.710898,7.190298,1
26.100000,6,12.762286,8.241686,19.853745,28.333145,12.762286,8.241686,1
26.100000,7,13.559076,9.038476,19.853745,28.333145,13.559076,9.038476,1
26.600000,5,9.906886,5.386286,15.897082,24.376482,9.906886,5.386286,1
26.600000,6,13.563709,9.043109,15.897082,24.376482,13.563709,9.043109,1
26.600000,7,13.753420,9.232820,15.897082,24.376482,13.753420,9.232820,1
27.100000,5,15.341262,10.820662,19.336334,27.815734,15.341262,10.820662,1
27.100000,6,11.254332,6.733732,19.336334,27.815734,11.254332,6.733732,1
27.100000,7,8.715437,4.194837,19.336334,27.815734,8.715437,4.194837,1
27.600000,5,13.495199,8.974600,19.772829,28.252229,13.495199,8.974600,1
27.600000,6,9.833879,5.313279,19.772829,28.252229,9.833879,5.313279,1
27.600000,7,15.069079,10.548480,19.772829,28.252229,15.069079,10.548480,1
28.100000,5,10.240427,5.719828,18.671461,27.150861,10.240427,5.719828,1
28.100000,6,13.169079,8.648480,18.671461,27.150861,13.169079,8.648480,1
28.100000,7,12.126819,7.606219,18.671461,27.150861,12.126819,7.606219,1
28.600000,5,11.261476,6.740876,17.121529,25.600929,11.261476,6.740876,1
28.600000,6,13.761188,9.240588,17.121529,25.600929,13.761188,9.240588,1
28.600000,7,11.068330,6.547730,17.121529,25.600929,11.068330,6.547730,1
29.100000,5,13.616484,9.095884,21.464784,29.944184,13.616484,9.095884,1
29.100000,6,12.915328,8.394728,21.464784,29.944184,12.915328,8.394728,1
29.100000,7,12.125648,7.605048,21.464784,29.944184,12.125648,7.605048,1
29.600000,5,11.514647,6.994047,20.398849,28.878249,11.514647,6.994047,1
29.600000,6,10.930193,6.409593,20.398849,28.878249,10.930193,6.409593,1
29.600000,7,14.036500,9.515900,20.398849,28.878249,14.036500,9.515900,1
30.100000,5,15.354134,10.833534,18.085993,26.565393,15.354134,10.833534,1
30.100000,6,13.443270,8.922670,18.085993,26.565393,13.443270,8.922670,1
30.100000,7,9.213732,4.693133,18.085993,26.565393,9.213732,4.693133,1
30.600000,5,11.025973,6.505373,19.219955,27.699355,11.025973,6.505373,1
30.600000,6,13.558086,9.037487,19.219955,27.699355,13.558086,9.037487,1
30.600000,7,13.316608,8.796008,19.219955,27.699355,13.316608,8.796008,1
31.100000,5,10.652743,6.132143,19.096551,27.575951,10.652743,6.132143,1
31.100000,6,10.474188,5.953588,19.096551,27.575951,10.474188,5.953588,1
31.100000,7,13.379256,8.858656,19.096551,27.575951,13.379256,8.858656,1
31.600000,5,11.657271,7.136672,20.971172,29.450572,11.657271,7.136672,1
31.600000,6,12.507590,7.986990,20.971172,29.450572,12.507590,7.986990,1
31.600000,7,14.131248,9.610648,20.971172,29.450572,14.131248,9.610648,1
32.100000,5,12.355287,7.834687,20.034553,28.513953,12.355287,7.834687,1
32.100000,6,10.308752,5.788153,20.034553,28.513953,10.308752,5.788153,1
32.100000,7,12.253306,7.732706,20.034553,28.513953,12.253306,7.732706,1
32.600000,5,10.635199,6.114599,18.209583,26.688983,10.635199,6.114599,1
32.600000,6,12.444866,7.924266,18.209583,26.688983,12.444866,7.924266,1
32.600000,7,10.685384,6.164784,18.209583,26.688983,10.685384,6.164784,1
33.100000,5,8.819806,4.299207,17.828929,26.308329,8.819806,4.299207,1
33.100000,6,12.588103,8.067503,17.828929,26.308329,12.588103,8.067503,1
33.100000,7,15.376769,10.856169,17.828929,26.308329,15.376769,10.856169,1
33.600000,5,12.823404,8.302804,16.881498,25.360898,12.823404,8.302804,1
33.600000,6,11.005954,6.485354,16.881498,25.360898,11.005954,6.485354,1
33.600000,7,11.541507,7.020907,16.881498,25.360898,11.541507,7.020907,1
34.100000,5,14.082593,9.561993,17.272594,25.751994,14.082593,9.561993,1
34.100000,6,11.651491,7.130891,17.272594,25.751994,11.651491,7.130891,1
34.100000,7,12.816843,8.296243,17.272594,25.751994,12.816843,8.296243,1
34.600000,5,12.663219,8.142619,19.154757,27.634157,12.663219,8.142619,1
34.600000,6,10.903107,6.382507,19.154757,27.634157,10.903107,6.382507,1
34.600000,7,14.769859,10.249260,19.154757,27.634157,14.769859,10.249260,1
35.100000,5,12.440025,7.919425,17.798995,26.278395,12.440025,7.919425,1
35.100000,6,9.816417,5.295817,17.798995,26.278395,9.816417,5.295817,1
35.100000,7,9.759057,5.238457,17.798995,26.278395,9.759057,5.238457,1
35.600000,5,12.849118,8.328518,19.283940,27.763340,12.849118,8.328518,1
35.600000,6,11.659371,7.138771,19.283940,27.763340,11.659371,7.138771,1
35.600000,7,9.351361,4.830761,19.283940,27.763340,9.351361,4.830761,1
36.100000,5,13.363442,8.842842,14.604148,23.083548,13.363442,8.842842,1
36.100000,6,10.977179,6.456579,14.604148,23.083548,10.977179,6.456579,1
36.100000,7,12.811339,8.290739,14.604148,23.083548,12.811339,8.290739,1
36.600000,5,9.612570,5.091970,15.971273,24.450673,9.612570,5.091970,1
36.600000,6,10.187615,5.667015,15.971273,24.450673,10.187615,5.667015,1
36.600000,7,13.110351,8.589751,15.971273,24.450673,13.110351,8.589751,1
37.100000,5,12.623066,8.102466,19.685539,28.164939,12.623066,8.102466,1
37.100000,6,11.827937,7.307337,19.685539,28.164939,11.827937,7.307337,1
37.100000,7,9.785955,5.265355,19.685539,28.164939,9.785955,5.265355,1
37.600000,5,11.618352,7.097752,18.445655,26.925055,11.618352,7.097752,1
37.600000,6,12.189863,7.669263,18.445655,26.925055,12.189863,7.669263,1
37.600000,7,11.408257,6.887657,18.445655,26.925055,11.408257,6.887657,1
38.100000,5,11.120744,6.600144,15.386795,23.866195,11.120744,6.600144,1
38.100000,6,15.597933,11.077333,15.386795,23.866195,15.386795,11.077333,1
38.100000,7,13.327530,8.806930,15.386795,23.866195,13.327530,8.806930,1
38.600000,5,11.864482,7.343882,17.358526,25.837927,11.864482,7.343882,1
38.600000,6,12.361012,7.840413,17.358526,25.837927,12.361012,7.840413,1
38.600000,7,14.392590,9.871990,17.358526,25.837927,14.392590,9.871990,1
39.100000,5,15.846773,11.326173,16.643776,25.123176,15.846773,11.326173,1
39.100000,6,13.602910,9.082310,16.643776,25.123176,13.602910,9.082310,1
39.100000,7,11.882590,7.361990,16.643776,25.123176,11.882590,7.361990,1
39.600000,5,13.173822,8.653222,19.677136,28.156536,13.173822,8.653222,1
39.600000,6,11.425069,6.904469,19.677136,28.156536,11.425069,6.904469,1
39.600000,7,11.732682,7.212082,19.677136,28.156536,11.732682,7.212082,1
40.100000,5,11.517037,6.996437,18.332393,26.811793,11.517037,6.996437,1
40.100000,6,11.532070,7.011470,18.332393,26.811793,11.532070,7.011470,1
40.100000,7,9.333400,4.812800,18.332393,26.811793,9.333400,4.812800,1
40.600000,5,12.660479,8.139879,14.475333,22.954733,12.660479,8.139879,1
40.600000,6,14.488838,9.968238,14.475333,22.954733,14.475333,9.968238,1
40.600000,7,12.328421,7.807821,14.475333,22.954733,12.328421,7.807821,1
41.100000,5,12.294555,7.773955,17.063027,25.542427,12.294555,7.773955,1
41.100000,6,12.032426,7.511826,17.063027,25.542427,12.032426,7.511826,1
41.100000,7,12.016761,7.496161,17.063027,25.542427,12.016761,7.496161,1
41.600000,5,17.108790,12.588190,15.055859,23.535259,15.055859,12.588190,1
41.600000,6,11.501104,6.980504,15.055859,23.535259,11.501104,6.980504,1
41.600000,7,9.960386,5.439786,15.055859,23.535259,9.960386,5.439786,1
42.100000,5,11.723051,7.202451,18.418984,26.898384,11.723051,7.202451,1
42.100000,6,12.033432,7.512832,18.418984,26.898384,12.033432,7.512832,1
42.100000,7,10.308216,5.787616,18.418984,26.898384,10.308216,5.787616,1
42.600000,5,10.418496,5.897896,20.081757,28.561157,10.418496,5.897896,1
42.600000,6,15.862515,11.341915,20.081757,28.561157,15.862515,11.341915,1
42.600000,7,12.705213,8.184613,20.081757,28.561157,12.705213,8.184613,1
43.100000,5,12.568046,8.047446,17.789692,26.269092,12.568046,8.047446,1
43.100000,6,11.734413,7.213813,17.789692,26.269092,11.734413,7.213813,1
43.100000,7,15.663268,11.142668,17.789692,26.269092,15.663268,11.142668,1
43.600000,5,12.202507,7.681907,16.277561,24.756961,12.202507,7.681907,1
43.600000,6,6.495011,1.974411,16.277561,24.756961,6.495011,1.974411,1
43.600000,7,15.515202,10.994602,16.277561,24.756961,15.515202,10.994602,1
44.100000,5,11.832634,7.312034,17.562847,26.042248,11.832634,7.312034,1
44.100000,6,14.559257,10.038657,17.562847,26.042248,14.559257,10.038657,1
44.100000,7,12.409557,7.888957,17.562847,26.042248,12.409557,7.888957,1
44.600000,5,11.276635,6.756035,20.260881,28.740281,11.276635,6.756035,1
44.600000,6,14.713444,10.192844,20.260881,28.740281,14.713444,10.192844,1
44.600000,7,14.691522,10.170922,20.260881,28.740281,14.691522,10.170922,1
45.100000,5,7.504932,2.984332,15.835969,24.315369,7.504932,2.984332,1
45.100000,6,11.816653,7.296054,15.835969,24.315369,11.816653,7.296054,1
45.100000,7,14.358468,9.837868,15.835969,24.315369,14.358468,9.837868,1
45.600000,5,13.085039,8.564439,18.834700,27.314100,13.085039,8.564439,1
45.600000,6,13.716061,9.195461,18.834700,27.314100,13.716061,9.195461,1
45.600000,7,10.309956,5.789356,18.834700,27.314100,10.309956,5.789356,1
46.100000,5,12.789614,8.269014,18.432669,26.912069,12.789614,8.269014,1
46.100000,6,15.052468,10.531868,18.432669,26.912069,15.052468,10.531868,1
46.100000,7,15.848300,11.327700,18.432669,26.912069,15.848300,11.327700,1
46.600000,5,13.204817,8.684217,19.064857,27.544257,13.204817,8.684217,1
46.600000,6,14.117168,9.596568,19.064857,27.544257,14.117168,9.596568,1
46.600000,7,9.886624,5.366024,19.064857,27.544257,9.886624,5.366024,1
47.100000,5,13.821028,9.300428,17.309775,25.789175,13.821028,9.300428,1
47.100000,6,11.825643,7.305043,17.309775,25.789175,11.825643,7.305043,1
47.100000,7,12.319149,7.798549,17.309775,25.789175,12.319149,7.798549,1
47.600000,5,13.635579,9.114979,18.658764,27.138164,13.635579,9.114979,1
47.600000,6,12.516972,7.996372,18.658764,27.138164,12.516972,7.996372,1
47.600000,7,12.087949,7.567349,18.658764,27.138164,12.087949,7.567349,1
48.100000,5,11.555641,7.035041,18.407232,26.886632,11.555641,7.035041,1
48.100000,6,12.260972,7.740372,18.407232,26.886632,12.260972,7.740372,1
48.100000,7,11.372521,6.851921,18.407232,26.886632,11.372521,6.851921,1
48.600000,5,9.922754,5.402154,17.044129,25.523529,9.922754,5.402154,1
48.600000,6,12.943289,8.422689,17.044129,25.523529,12.943289,8.422689,1
48.600000,7,12.866963,8.346363,17.044129,25.523529,12.866963,8.346363,1
49.100000,5,8.171694,3.651095,14.970427,23.449827,8.171694,3.651095,1
49.100000,6,10.860209,6.339609,14.970427,23.449827,10.860209,6.339609,1
49.100000,7,12.190524,7.669924,14.970427,23.449827,12.190524,7.669924,1
49.600000,5,12.287185,7.766585,18.819471,27.298871,12.287185,7.766585,1
49.600000,6,14.319085,9.798485,18.819471,27.298871,14.319085,9.798485,1
49.600000,7,11.022901,6.502301,18.819471,27.298871,11.022901,6.502301,1
50.100000,5,13.636688,9.116088,17.842356,26.321756,13.636688,9.116088,1
50.100000,6,13.932776,9.412177,17.842356,26.321756,13.932776,9.412177,1
50.100000,7,11.035074,6.514474,17.842356,26.321756,11.035074,6.514474,1
50.600000,5,10.799869,6.279269,17.544099,26.023499,10.799869,6.279269,1
50.600000,6,10.619317,6.098717,17.544099,26.023499,10.619317,6.098717,1
50.600000,7,13.361318,8.840718,17.544099,26.023499,13.361318,8.840718,1
51.100000,5,10.489850,5.969250,16.075765,24.555165,10.489850,5.969250,1
51.100000,6,14.378509,9.857909,16.075765,24.555165,14.378509,9.857909,1
51.100000,7,11.289684,6.769084,16.075765,24.555165,11.289684,6.769084,1
51.600000,5,13.244862,8.724262,15.758969,24.238369,13.244862,8.724262,1
51.600000,6,12.185920,7.665320,15.758969,24.238369,12.185920,7.665320,1
51.600000,7,9.891229,5.370629,15.758969,24.238369,9.891229,5.370629,1
52.100000,5,10.376547,5.855947,18.868799,27.348199,10.376547,5.855947,1
52.100000,6,8.701736,4.181136,18.868799,27.348199,8.701736,4.181136,1
52.100000,7,12.957507,8.436907,18.868799,27.348199,12.957507,8.436907,1
52.600000,5,13.439218,8.918619,19.377275,27.856675,13.439218,8.918619,1
52.600000,6,8.393963,3.873363,19.377275,27.856675,8.393963,3.873363,1
52.600000,7,15.160633,10.640033,19.377275,27.856675,15.160633,10.640033,1
53.100000,5,11.650552,7.129952,19.680149,28.159549,11.650552,7.129952,1
53.100000,6,13.796185,9.275585,19.680149,28.159549,13.796185,9.275585,1
53.100000,7,12.046627,7.526027,19.680149,28.159549,12.046627,7.526027,1
53.600000,5,13.322563,8.801963,18.503610,26.983010,13.322563,8.801963,1
53.600000,6,13.043903,8.523303,18.503610,26.983010,13.043903,8.523303,1
53.600000,7,10.376280,5.855680,18.503610,26.983010,10.376280,5.855680,1
54.100000,5,13.250088,8.729488,19.317033,27.796433,13.250088,8.729488,1
54.100000,6,11.183690,6.663090,19.317033,27.796433,11.183690,6.663090,1
54.100000,7,9.632705,5.112105,19.317033,27.796433,9.632705,5.112105,1
54.600000,5,10.859813,6.339213,16.829337,25.308737,10.859813,6.339213,1
54.600000,6,13.625478,9.104878,16.829337,25.308737,13.625478,9.104878,1
54.600000,7,12.869047,8.348447,16.829337,25.308737,12.869047,8.348447,1
55.100000,5,10.346760,5.826160,22.520798,31.000198,10.346760,5.826160,1
55.100000,6,10.778503,6.257903,22.520798,31.000198,10.778503,6.257903,1
55.100000,7,13.722135,9.201535,22.520798,31.000198,13.722135,9.201535,1
55.600000,5,11.427248,6.906648,18.498656,26.978056,11.427248,6.906648,1
55.600000,6,12.801564,8.280964,18.498656,26.978056,12.801564,8.280964,1
55.600000,7,11.676664,7.156064,18.498656,26.978056,11.676664,7.156064,1
56.100000,5,16.102542,11.581942,19.850632,28.330032,16.102542,11.581942,1
56.100000,6,12.913969,8.393369,19.850632,28.330032,12.913969,8.393369,1
56.100000,7,12.989922,8.469322,19.850632,28.330032,12.989922,8.469322,1
56.600000,5,12.512066,7.991466,19.463434,27.942834,12.512066,7.991466,1
56.600000,6,13.426445,8.905845,19.463434,27.942834,13.426445,8.905845,1
56.600000,7,13.799608,9.279008,19.463434,27.942834,13.799608,9.279008,1
57.100000,5,13.943396,9.422796,15.919280,24.398680,13.943396,9.422796,1
57.100000,6,14.643643,10.123043,15.919280,24.398680,14.643643,10.123043,1
57.100000,7,14.580990,10.060391,15.919280,24.398680,14.580990,10.060391,1
57.600000,5,10.548609,6.028009,18.380932,26.860332,10.548609,6.028009,1
57.600000,6,12.843321,8.322721,18.380932,26.860332,12.843321,8.322721,1
57.600000,7,13.675821,9.155221,18.380932,26.860332,13.675821,9.155221,1
58.100000,5,9.576583,5.055983,18.418279,26.897680,9.576583,5.055983,1
58.100000,6,13.812755,9.292155,18.418279,26.897680,13.812755,9.292155,1
58.100000,7,14.025180,9.504580,18.418279,26.897680,14.025180,9.504580,1
58.600000,5,14.591302,10.070703,19.423038,27.902439,14.591302,10.070703,1
58.600000,6,14.491130,9.970530,19.423038,27.902439,14.491130,9.970530,1
58.600000,7,14.107847,9.587247,19.423038,27.902439,14.107847,9.587247,1
59.100000,5,11.915262,7.394663,18.396771,26.876171,11.915262,7.394663,1
59.100000,6,16.345926,11.825327,18.396771,26.876171,16.345926,11.825327,1
59.100000,7,9.266293,4.745693,18.396771,26.876171,9.266293,4.745693,1
59.600000,5,14.099435,9.578835,16.431199,24.910599,14.099435,9.578835,1
59.600000,6,14.893488,10.372888,16.431199,24.910599,14.893488,10.372888,1
59.600000,7,11.525371,7.004771,16.431199,24.910599,11.525371,7.004771,1
60.100000,5,10.698244,6.177644,16.360657,24.840057,10.698244,6.177644,1
60.100000,6,11.675764,7.155164,16.360657,24.840057,11.675764,7.155164,1
60.100000,7,10.382685,5.862085,16.360657,24.840057,10.382685,5.862085,1
60.600000,5,13.700890,9.180290,20.238185,28.717585,13.700890,9.180290,1
60.600000,6,13.876753,9.356153,20.238185,28.717585,13.876753,9.356153,1
60.600000,7,12.482590,7.961990,20.238185,28.717585,12.482590,7.961990,1
61.100000,5,13.402250,8.881650,18.099879,26.579279,13.402250,8.881650,1
61.100000,6,11.481489,6.960889,18.099879,26.579279,11.481489,6.960889,1
61.100000,7,12.003750,7.483150,18.099879,26.579279,12.003750,7.483150,1
61.600000,5,12.078284,7.557684,18.723138,27.202538,12.078284,7.557684,1
61.600000,6,14.314155,9.793555,18.723138,27.202538,14.314155,9.793555,1
61.600000,7,12.768471,8.247871,18.723138,27.202538,12.768471,8.247871,1
62.100000,5,11.026462,6.505862,16.965564,25.444964,11.026462,6.505862,1
62.100000,6,10.518530,5.997930,16.965564,25.444964,10.518530,5.997930,1
62.100000,7,11.706471,7.185872,16.965564,25.444964,11.706471,7.185872,1
62.600000,5,11.813788,7.293188,16.208939,24.688339,11.813788,7.293188,1
62.600000,6,14.686208,10.165608,16.208939,24.688339,14.686208,10.165608,1
62.600000,7,12.751011,8.230411,16.208939,24.688339,12.751011,8.230411,1
63.100000,5,12.545245,8.024645,18.674889,27.154289,12.545245,8.024645,1
63.100000,6,13.351257,8.830657,18.674889,27.154289,13.351257,8.830657,1
63.100000,7,9.140369,4.619769,18.674889,27.154289,9.140369,4.619769,1
63.600000,5,11.902124,7.381524,17.707920,26.187320,11.902124,7.381524,1
63.600000,6,13.799159,9.278559,17.707920,26.187320,13.799159,9.278559,1
63.600000,7,13.513982,8.993382,17.707920,26.187320,13.513982,8.993382,1
64.100000,5,9.633517,5.112917,17.696891,26.176291,9.633517,5.112917,1
64.100000,6,13.140420,8.619820,17.696891,26.176291,13.140420,8.619820,1
64.100000,7,10.425599,5.904999,17.696891,26.176291,10.425599,5.904999,1
64.600000,5,11.370311,6.849711,13.998958,22.478358,11.370311,6.849711,1
64.600000,6,12.602281,8.081681,13.998958,22.478358,12.602281,8.081681,1
64.600000,7,8.966102,4.445502,13.998958,22.478358,8.966102,4.445502,1
65.100000,5,13.014963,8.494363,14.867932,23.347332,13.014963,8.494363,1
65.100000,6,11.995270,7.474670,14.867932,23.347332,11.995270,7.474670,1
65.100000,7,11.383935,6.863335,14.867932,23.347332,11.383935,6.863335,1
65.600000,5,11.311043,6.790443,18.860638,27.340038,11.311043,6.790443,1
65.600000,6,13.726832,9.206232,18.860638,27.340038,13.726832,9.206232,1
65.600000,7,13.835079,9.314479,18.860638,27.340038,13.835079,9.314479,1
66.100000,5,10.105019,5.584419,15.278153,23.757553,10.105019,5.584419,1
66.100000,6,13.693076,9.172476,15.278153,23.757553,13.693076,9.172476,1
66.100000,7,14.264067,9.743467,15.278153,23.757553,14.264067,9.743467,1
66.600000,5,10.373331,5.852731,14.049736,22.529136,10.373331,5.852731,1
66.600000,6,9.301409,4.780809,14.049736,22.529136,9.301409,4.780809,1
66.600000,7,11.779354,7.258754,14.049736,22.529136,11.779354,7.258754,1
67.100000,5,12.565694,8.045094,18.407229,26.886630,12.565694,8.045094,1
67.100000,6,11.909630,7.389030,18.407229,26.886630,11.909630,7.389030,1
67.100000,7,12.782942,8.262342,18.407229,26.886630,12.782942,8.262342,1
67.600000,5,14.283753,9.763153,17.094387,25.573787,14.283753,9.763153,1
67.600000,6,12.604560,8.083960,17.094387,25.573787,12.604560,8.083960,1
67.600000,7,11.992958,7.472358,17.094387,25.573787,11.992958,7.472358,1
68.100000,5,10.059918,5.539319,14.261723,22.741123,10.059918,5.539319,1
68.100000,6,11.782616,7.262016,14.261723,22.741123,11.782616,7.262016,1
68.100000,7,13.124031,8.603431,14.261723,22.741123,13.124031,8.603431,1
68.600000,5,11.804229,7.283629,17.906465,26.385865,11.804229,7.283629,1
68.600000,6,12.622831,8.102231,17.906465,26.385865,12.622831,8.102231,1
68.600000,7,11.071683,6.551083,17.906465,26.385865,11.071683,6.551083,1
69.100000,5,13.570377,9.049777,16.356648,24.836048,13.570377,9.049777,1
69.100000,6,14.646604,10.126005,16.356648,24.836048,14.646604,10.126005,1
69.100000,7,14.082471,9.561871,16.356648,24.836048,14.082471,9.561871,1
69.600000,5,13.560990,9.040390,13.012959,21.492359,13.012959,9.040390,1
69.600000,6,14.209236,9.688636,13.012959,21.492359,13.012959,9.688636,1
69.600000,7,12.699734,8.179134,13.012959,21.492359,12.699734,8.179134,1
70.100000,5,9.589000,5.068400,19.546640,28.026040,9.589000,5.068400,1
70.100000,6,12.690034,8.169434,19.546640,28.026040,12.690034,8.169434,1
70.100000,7,7.641712,3.121112,19.546640,28.026040,7.641712,3.121112,1
70.600000,5,14.622249,10.101649,16.958150,25.437550,14.622249,10.101649,1
70.600000,6,12.230258,7.709659,16.958150,25.437550,12.230258,7.709659,1
70.600000,7,12.784810,8.264210,16.958150,25.437550,12.784810,8.264210,1
71.100000,5,10.092319,5.571719,17.751008,26.230408,10.092319,5.571719,1
71.100000,6,12.268558,7.747958,17.751008,26.230408,12.268558,7.747958,1
71.100000,7,13.293720,8.773120,17.751008,26.230408,13.293720,8.773120,1
71.600000,5,14.222288,9.701688,19.426286,27.905686,14.222288,9.701688,1
71.600000,6,7.410020,2.889420,19.426286,27.905686,7.410020,2.889420,1
71.600000,7,9.600994,5.080394,19.426286,27.905686,9.600994,5.080394,1
72.100000,5,9.685520,5.164920,17.691522,26.170922,9.685520,5.164920,1
72.100000,6,12.622715,8.102115,17.691522,26.170922,12.622715,8.102115,1
72.100000,7,11.935034,7.414434,17.691522,26.170922,11.935034,7.414434,1
72.600000,5,11.632540,7.111940,19.137212,27.616612,11.632540,7.111940,1
72.600000,6,12.087160,7.566560,19.137212,27.616612,12.087160,7.566560,1
72.600000,7,11.596400,7.075800,19.137212,27.616612,11.596400,7.075800,1
73.100000,5,11.638323,7.117723,19.072349,27.551749,11.638323,7.117723,1
73.100000,6,8.216898,3.696298,19.072349,27.551749,8.216898,3.696298,1
73.100000,7,13.396616,8.876016,19.072349,27.551749,13.396616,8.876016,1
73.600000,5,8.356309,3.835709,22.750633,31.230033,8.356309,3.835709,1
73.600000,6,12.454592,7.933992,22.750633,31.230033,12.454592,7.933992,1
73.600000,7,12.927076,8.406476,22.750633,31.230033,12.927076,8.406476,1
74.100000,5,15.475171,10.954571,19.640069,28.119469,15.475171,10.954571,1
74.100000,6,14.542565,10.021965,19.640069,28.119469,14.542565,10.021965,1
74.100000,7,15.392436,10.871836,19.640069,28.119469,15.392436,10.871836,1
74.600000,5,13.226796,8.706196,19.944387,28.423787,13.226796,8.706196,1
74.600000,6,14.860903,10.340303,19.944387,28.423787,14.860903,10.340303,1
74.600000,7,7.902546,3.381946,19.944387,28.423787,7.902546,3.381946,1
75.100000,5,10.261818,5.741218,19.710412,28.189812,10.261818,5.741218,1
75.100000,6,13.137594,8.616994,19.710412,28.189812,13.137594,8.616994,1
75.100000,7,12.519383,7.998783,19.710412,28.189812,12.519383,7.998783,1
75.600000,5,11.195934,6.675334,20.732853,29.212253,11.195934,6.675334,1
75.600000,6,12.091618,7.571018,20.732853,29.212253,12.091618,7.571018,1
75.600000,7,10.555390,6.034790,20.732853,29.212253,10.555390,6.034790,1
76.100000,5,13.640096,9.119496,16.522838,25.002238,13.640096,9.119496,1
76.100000,6,11.947782,7.427182,16.522838,25.002238,11.947782,7.427182,1
76.100000,7,11.519061,6.998461,16.522838,25.002238,11.519061,6.998461,1
76.600000,5,13.240188,8.719588,16.479230,24.958630,13.240188,8.719588,1
76.600000,6,12.896747,8.376148,16.479230,24.958630,12.896747,8.376148,1
76.600000,7,10.227901,5.707301,16.479230,24.958630,10.227901,5.707301,1
77.100000,5,12.815811,8.295211,15.919397,24.398797,12.815811,8.295211,1
77.100000,6,13.434366,8.913766,15.919397,24.398797,13.434366,8.913766,1
77.100000,7,12.726325,8.205725,15.919397,24.398797,12.726325,8.205725,1
77.600000,5,11.767987,7.247387,17.303997,25.783397,11.767987,7.247387,1
77.600000,6,11.308207,6.787607,17.303997,25.783397,11.308207,6.787607,1
77.600000,7,10.747998,6.227399,17.303997,25.783397,10.747998,6.227399,1
78.100000,5,12.747053,8.226453,20.118523,28.597923,12.747053,8.226453,1
78.100000,6,12.842868,8.322268,20.118523,28.597923,12.842868,8.322268,1
78.100000,7,11.938550,7.417950,20.118523,28.597923,11.938550,7.417950,1
78.600000,5,12.624560,8.103960,21.318749,29.798149,12.624560,8.103960,1
78.600000,6,15.243443,10.722843,21.318749,29.798149,15.243443,10.722843,1
78.600000,7,11.245220,6.724620,21.318749,29.798149,11.245220,6.724620,1
79.100000,5,11.931817,7.411217,18.174619,26.654020,11.931817,7.411217,1
79.100000,6,14.353634,9.833034,18.174619,26.654020,14.353634,9.833034,1
79.100000,7,14.991188,10.470589,18.174619,26.654020,14.991188,10.470589,1
79.600000,5,8.902730,4.382130,18.714003,27.193403,8.902730,4.382130,1
79.600000,6,10.697298,6.176698,18.714003,27.193403,10.697298,6.176698,1
79.600000,7,9.133682,4.613082,18.714003,27.193403,9.133682,4.613082,1
80.100000,5,13.482123,8.961523,15.766491,24.245891,13.482123,8.961523,1
80.100000,6,12.508886,7.988286,15.766491,24.245891,12.508886,7.988286,1
80.100000,7,12.995840,8.475240,15.766491,24.245891,12.995840,8.475240,1
80.600000,5,13.248965,8.728365,13.832504,22.311905,13.248965,8.728365,1
80.600000,6,11.437469,6.916869,13.832504,22.311905,11.437469,6.916869,1
80.600000,7,14.214674,9.694074,13.832504,22.311905,13.832504,9.694074,1
81.100000,5,10.942210,6.421610,18.267503,26.746903,10.942210,6.421610,1
81.100000,6,10.098256,5.577656,18.267503,26.746903,10.098256,5.577656,1
81.100000,7,11.518344,6.997744,18.267503,26.746903,11.518344,6.997744,1
81.600000,5,12.993618,8.473018,18.820611,27.300011,12.993618,8.473018,1
81.600000,6,10.979555,6.458955,18.820611,27.300011,10.979555,6.458955,1
81.600000,7,12.997513,8.476913,18.820611,27.300011,12.997513,8.476913,1
82.100000,5,9.641599,5.121000,20.300489,28.779889,9.641599,5.121000,1
82.100000,6,13.374577,8.853977,20.300489,28.779889,13.374577,8.853977,1
82.100000,7,13.846278,9.325678,20.300489,28.779889,13.846278,9.325678,1
82.600000,5,13.409132,8.888532,19.153978,27.633378,13.409132,8.888532,1
82.600000,6,10.891259,6.370659,19.153978,27.633378,10.891259,6.370659,1
82.600000,7,13.631975,9.111375,19.153978,27.633378,13.631975,9.111375,1
83.100000,5,13.836410,9.315810,20.201102,28.680502,13.836410,9.315810,1
83.100000,6,14.856763,10.336163,20.201102,28.680502,14.856763,10.336163,1
83.100000,7,10.737946,6.217346,20.201102,28.680502,10.737946,6.217346,1
83.600000,5,13.775325,9.254726,15.996733,24.476134,13.775325,9.254726,1
83.600000,6,8.515388,3.994788,15.996733,24.476134,8.515388,3.994788,1
83.600000,7,12.664434,8.143834,15.996733,24.476134,12.664434,8.143834,1
84.100000,5,11.478545,6.957946,15.725000,24.204400,11.478545,6.957946,1
84.100000,6,10.430346,5.909746,15.725000,24.204400,10.430346,5.909746,1
84.100000,7,13.001646,8.481046,15.725000,24.204400,13.001646,8.481046,1
84.600000,5,15.593515,11.072915,18.309756,26.789156,15.593515,11.072915,1
84.600000,6,12.853469,8.332869,18.309756,26.789156,12.853469,8.332869,1
84.600000,7,10.767735,6.247135,18.309756,26.789156,10.767735,6.247135,1
85.100000,5,13.124839,8.604240,18.783249,27.262649,13.124839,8.604240,1
85.100000,6,12.746666,8.226066,18.783249,27.262649,12.746666,8.226066,1
85.100000,7,12.414408,7.893808,18.783249,27.262649,12.414408,7.893808,1
85.600000,5,7.982206,3.461606,16.996821,25.476221,7.982206,3.461606,1
85.600000,6,13.596438,9.075838,16.996821,25.476221,13.596438,9.075838,1
85.600000,7,13.813804,9.293205,16.996821,25.476221,13.813804,9.293205,1
86.100000,5,12.660847,8.140247,17.964027,26.443427,12.660847,8.140247,1
86.100000,6,9.036600,4.516000,17.964027,26.443427,9.036600,4.516000,1
86.100000,7,13.053619,8.533019,17.964027,26.443427,13.053619,8.533019,1
86.600000,5,8.814972,4.294372,16.399455,24.878855,8.814972,4.294372,1
86.600000,6,14.282937,9.762337,16.399455,24.878855,14.282937,9.762337,1
86.600000,7,10.294281,5.773681,16.399455,24.878855,10.294281,5.773681,1
87.100000,5,11.185075,6.664475,20.250457,28.729857,11.185075,6.664475,1
87.100000,6,12.810036,8.289436,20.250457,28.729857,12.810036,8.289436,1
87.100000,7,12.748183,8.227583,20.250457,28.729857,12.748183,8.227583,1
87.600000,5,11.917339,7.396740,15.998908,24.478308,11.917339,7.396740,1
87.600000,6,12.762379,8.241779,15.998908,24.478308,12.762379,8.241779,1
87.600000,7,13.048460,8.527860,15.998908,24.478308,13.048460,8.527860,1
88.100000,5,11.537920,7.017320,18.946009,27.425409,11.537920,7.017320,1
88.100000,6,13.023524,8.502924,18.946009,27.425409,13.023524,8.502924,1
88.100000,7,14.348533,9.827933,18.946009,27.425409,14.348533,9.827933,1
88.600000,5,14.007934,9.487334,12.662093,21.141493,12.662093,9.487334,1
88.600000,6,15.101417,10.580817,12.662093,21.141493,12.662093,10.580817,1
88.600000,7,11.179529,6.658930,12.662093,21.141493,11.179529,6.658930,1
89.100000,5,13.654362,9.133762,18.582947,27.062347,13.654362,9.133762,1
89.100000,6,11.018111,6.497511,18.582947,27.062347,11.018111,6.497511,1
89.100000,7,14.261891,9.741291,18.582947,27.062347,14.261891,9.741291,1
89.600000,5,9.675955,5.155355,18.083816,26.563216,9.675955,5.155355,1
89.600000,6,13.290696,8.770096,18.083816,26.563216,13.290696,8.770096,1
89.600000,7,9.817397,5.296797,18.083816,26.563216,9.817397,5.296797,1
90.100000,5,15.114118,10.593519,17.696890,26.176290,15.114118,10.593519,1
90.100000,6,13.388028,8.867429,17.696890,26.176290,13.388028,8.867429,1
90.100000,7,11.934348,7.413748,17.696890,26.176290,11.934348,7.413748,1
90.600000,5,13.857074,9.336474,15.328806,23.808206,13.857074,9.336474,1
90.600000,6,12.620196,8.099596,15.328806,23.808206,12.620196,8.099596,1
90.600000,7,13.538275,9.017676,15.328806,23.808206,13.538275,9.017676,1
91.100000,5,13.116101,8.595501,19.588899,28.068299,13.116101,8.595501,1
91.100000,6,11.377212,6.856612,19.588899,28.068299,11.377212,6.856612,1
91.100000,7,12.652238,8.131638,19.588899,28.068299,12.652238,8.131638,1
91.600000,5,10.705231,6.184631,14.125624,22.605025,10.705231,6.184631,1
91.600000,6,12.325571,7.804971,14.125624,22.605025,12.325571,7.804971,1
91.600000,7,13.372738,8.852138,14.125624,22.605025,13.372738,8.852138,1
92.100000,5,10.187760,5.667160,18.818652,27.298053,10.187760,5.667160,1
92.100000,6,12.386830,7.866230,18.818652,27.298053,12.386830,7.866230,1
92.100000,7,14.934152,10.413552,18.818652,27.298053,14.934152,10.413552,1
92.600000,5,13.703272,9.182673,18.268957,26.748357,13.703272,9.182673,1
92.600000,6,10.424556,5.903957,18.268957,26.748357,10.424556,5.903957,1
92.600000,7,9.704256,5.183656,18.268957,26.748357,9.704256,5.183656,1
93.100000,5,10.722688,6.202088,17.863506,26.342907,10.722688,6.202088,1
93.100000,6,12.082627,7.562027,17.863506,26.342907,12.082627,7.562027,1
93.100000,7,13.235352,8.714752,17.863506,26.342907,13.235352,8.714752,1
93.600000,5,12.912710,8.392110,18.312441,26.791841,12.912710,8.392110,1
93.600000,6,12.963435,8.442835,18.312441,26.791841,12.963435,8.442835,1
93.600000,7,12.710608,8.190008,18.312441,26.791841,12.710608,8.190008,1
94.100000,5,9.149899,4.629299,18.104918,26.584318,9.149899,4.629299,1
94.100000,6,14.897733,10.377133,18.104918,26.584318,14.897733,10.377133,1
94.100000,7,11.421701,6.901101,18.104918,26.584318,11.421701,6.901101,1
94.600000,5,13.889640,9.369040,16.964147,25.443547,13.889640,9.369040,1
94.600000,6,15.203144,10.682544,16.964147,25.443547,15.203144,10.682544,1
94.600000,7,7.015164,2.494564,16.964147,25.443547,7.015164,2.494564,1
95.100000,5,12.189638,7.669038,18.488701,26.968101,12.189638,7.669038,1
95.100000,6,13.974056,9.453456,18.488701,26.968101,13.974056,9.453456,1
95.100000,7,13.456668,8.936068,18.488701,26.968101,13.456668,8.936068,1
95.600000,5,13.808423,9.287823,17.249377,25.728777,13.808423,9.287823,1
95.600000,6,13.303152,8.782552,17.249377,25.728777,13.303152,8.782552,1
95.600000,7,11.846620,7.326020,17.249377,25.728777,11.846620,7.326020,1
96.100000,5,13.426055,8.905455,18.389251,26.868651,13.426055,8.905455,1
96.100000,6,11.462246,6.941646,18.389251,26.868651,11.462246,6.941646,1
96.100000,7,12.046024,7.525424,18.389251,26.868651,12.046024,7.525424,1
96.600000,5,14.594525,10.073925,21.174655,29.654055,14.594525,10.073925,1
96.600000,6,11.824186,7.303586,21.174655,29.654055,11.824186,7.303586,1
96.600000,7,12.685691,8.165091,21.174655,29.654055,12.685691,8.165091,1
97.100000,5,7.667822,3.147222,19.223691,27.703091,7.667822,3.147222,1
97.100000,6,13.278792,8.758192,19.223691,27.703091,13.278792,8.758192,1
97.100000,7,9.428330,4.907730,19.223691,27.703091,9.428330,4.907730,1
97.600000,5,13.247645,8.727045,13.261431,21.740831,13.247645,8.727045,1
97.600000,6,15.759884,11.239284,13.261431,21.740831,13.261431,11.239284,1
97.600000,7,12.886155,8.365555,13.261431,21.740831,12.886155,8.365555,1
98.100000,5,13.711990,9.191390,21.625618,30.105018,13.711990,9.191390,1
98.100000,6,14.820875,10.300275,21.625618,30.105018,14.820875,10.300275,1
98.100000,7,11.209148,6.688548,21.625618,30.105018,11.209148,6.688548,1
98.600000,5,11.648262,7.127662,17.458651,25.938051,11.648262,7.127662,1
98.600000,6,14.272649,9.752049,17.458651,25.938051,14.272649,9.752049,1
98.600000,7,12.595569,8.074969,17.458651,25.938051,12.595569,8.074969,1
99.100000,5,10.866770,6.346170,17.486992,25.966392,10.866770,6.346170,1
99.100000,6,14.909161,10.388561,17.486992,25.966392,14.909161,10.388561,1
99.100000,7,14.237310,9.716710,17.486992,25.966392,14.237310,9.716710,1
99.600000,5,10.937480,6.416880,18.575879,27.055279,10.937480,6.416880,1
99.600000,6,12.044276,7.523676,18.575879,27.055279,12.044276,7.523676,1
99.600000,7,13.223318,8.702718,18.575879,27.055279,13.223318,8.702718,1
100.100000,5,13.528974,9.008374,19.140060,27.619460,13.528974,9.008374,1
100.100000,6,10.930103,6.409503,19.140060,27.619460,10.930103,6.409503,1
100.100000,7,12.722093,8.201493,19.140060,27.619460,12.722093,8.201493,1
100.600000,5,11.485963,6.965363,17.167200,25.646600,11.485963,6.965363,1
100.600000,6,15.061742,10.541142,17.167200,25.646600,15.061742,10.541142,1
100.600000,7,13.391692,8.871092,17.167200,25.646600,13.391692,8.871092,1
101.100000,5,14.838771,10.318171,20.147954,28.627354,14.838771,10.318171,1
101.100000,6,11.206646,6.686046,20.147954,28.627354,11.206646,6.686046,1
101.100000,7,7.501500,2.980900,20.147954,28.627354,7.501500,2.980900,1
101.600000,5,12.644879,8.124279,16.595960,25.075360,12.644879,8.124279,1
101.600000,6,12.004042,7.483442,16.595960,25.075360,12.004042,7.483442,1
101.600000,7,11.385644,6.865044,16.595960,25.075360,11.385644,6.865044,1
102.100000,5,11.276925,6.756325,17.088701,25.568101,11.276925,6.756325,1
102.100000,6,11.759625,7.239025,17.088701,25.568101,11.759625,7.239025,1
102.100000,7,14.449208,9.928608,17.088701,25.568101,14.449208,9.928608,1
102.600000,5,11.144549,6.623949,20.837653,29.317053,11.144549,6.623949,1
102.600000,6,8.917260,4.396660,20.837653,29.317053,8.917260,4.396660,1
102.600000,7,10.948574,6.427974,20.837653,29.317053,10.948574,6.427974,1
103.100000,5,12.930287,8.409687,17.963983,26.443384,12.930287,8.409687,1
103.100000,6,12.610326,8.089726,17.963983,26.443384,12.610326,8.089726,1
103.100000,7,15.288108,10.767508,17.963983,26.443384,15.288108,10.767508,1
103.600000,5,13.123623,8.603023,17.777388,26.256788,13.123623,8.603023,1
103.600000,6,14.356918,9.836318,17.777388,26.256788,14.356918,9.836318,1
103.600000,7,11.169077,6.648478,17.777388,26.256788,11.169077,6.648478,1
104.100000,5,13.671727,9.151127,16.381315,24.860715,13.671727,9.151127,1
104.100000,6,11.572443,7.051843,16.381315,24.860715,11.572443,7.051843,1
104.100000,7,10.965019,6.444419,16.381315,24.860715,10.965019,6.444419,1
104.600000,5,9.012998,4.492398,13.168386,21.647786,9.012998,4.492398,1
104.600000,6,14.869260,10.348661,13.168386,21.647786,13.168386,10.348661,1
104.600000,7,10.688724,6.168124,13.168386,21.647786,10.688724,6.168124,1
105.100000,5,14.486995,9.966395,13.127287,21.606687,13.127287,9.966395,1
105.100000,6,14.272292,9.751693,13.127287,21.606687,13.127287,9.751693,1
105.100000,7,10.736770,6.216170,13.127287,21.606687,10.736770,6.216170,1
105.600000,5,14.258247,9.737647,16.459133,24.938533,14.258247,9.737647,1
105.600000,6,14.873808,10.353208,16.459133,24.938533,14.873808,10.353208,1
105.600000,7,13.167662,8.647062,16.459133,24.938533,13.167662,8.647062,1
106.100000,5,13.185497,8.664897,17.011597,25.490997,13.185497,8.664897,1
106.100000,6,10.549302,6.028702,17.011597,25.490997,10.549302,6.028702,1
106.100000,7,14.851284,10.330684,17.011597,25.490997,14.851284,10.330684,1
106.600000,5,10.916684,6.396084,16.790911,25.270311,10.916684,6.396084,1
106.600000,6,12.717203,8.196603,16.790911,25.270311,12.717203,8.196603,1
106.600000,7,10.391072,5.870472,16.790911,25.270311,10.391072,5.870472,1
107.100000,5,12.578915,8.058315,20.140978,28.620378,12.578915,8.058315,1
107.100000,6,9.341433,4.820833,20.140978,28.620378,9.341433,4.820833,1
107.100000,7,13.652779,9.132180,20.140978,28.620378,13.652779,9.132180,1
107.600000,5,7.318437,2.797837,16.002505,24.481906,7.318437,2.797837,1
107.600000,6,10.506096,5.985496,16.002505,24.481906,10.506096,5.985496,1
107.600000,7,10.653177,6.132577,16.002505,24.481906,10.653177,6.132577,1
108.100000,5,7.936542,3.415942,18.583546,27.062946,7.936542,3.415942,1
108.100000,6,11.710617,7.190017,18.583546,27.062946,11.710617,7.190017,1
108.100000,7,13.630968,9.110368,18.583546,27.062946,13.630968,9.110368,1
108.600000,5,11.932740,7.412140,17.457993,25.937393,11.932740,7.412140,1
108.600000,6,9.664502,5.143902,17.457993,25.937393,9.664502,5.143902,1
108.600000,7,16.107763,11.587163,17.457993,25.937393,16.107763,11.587163,1
109.100000,5,11.721357,7.200757,19.288403,27.767803,11.721357,7.200757,1
109.100000,6,11.863381,7.342781,19.288403,27.767803,11.863381,7.342781,1
109.100000,7,10.403102,5.882502,19.288403,27.767803,10.403102,5.882502,1
109.600000,5,11.990130,7.469531,19.030193,27.509593,11.990130,7.469531,1
109.600000,6,13.454020,8.933420,19.030193,27.509593,13.454020,8.933420,1
109.600000,7,10.353827,5.833227,19.030193,27.509593,10.353827,5.833227,1
110.100000,5,13.977955,9.457356,18.690098,27.169498,13.977955,9.457356,1
110.100000,6,12.221307,7.700707,18.690098,27.169498,12.221307,7.700707,1
110.100000,7,12.600288,8.079688,18.690098,27.169498,12.600288,8.079688,1
110.600000,5,12.502215,7.981615,13.399510,21.878910,12.502215,7.981615,1
110.600000,6,13.464514,8.943914,13.399510,21.878910,13.399510,8.943914,1
110.600000,7,13.488952,8.968352,13.399510,21.878910,13.399510,8.968352,1
111.100000,5,8.979597,4.458997,19.947166,28.426566,8.979597,4.458997,1
111.100000,6,12.076173,7.555573,19.947166,28.426566,12.076173,7.555573,1
111.100000,7,14.383785,9.863185,19.947166,28.426566,14.383785,9.863185,1
111.600000,5,11.871045,7.350445,15.786544,24.265944,11.871045,7.350445,1
111.600000,6,10.673426,6.152826,15.786544,24.265944,10.673426,6.152826,1
111.600000,7,5.899930,1.379330,15.786544,24.265944,5.899930,1.379330,1
112.100000,5,12.442361,7.921761,19.653043,28.132443,12.442361,7.921761,1
112.100000,6,11.293824,6.773224,19.653043,28.132443,11.293824,6.773224,1
112.100000,7,12.766027,8.245427,19.653043,28.132443,12.766027,8.245427,1
112.600000,5,15.315682,10.795082,19.104195,27.583595,15.315682,10.795082,1
112.600000,6,14.662078,10.141478,19.104195,27.583595,14.662078,10.141478,1
112.600000,7,11.921608,7.401008,19.104195,27.583595,11.921608,7.401008,1
113.100000,5,13.805812,9.285212,17.248183,25.727583,13.805812,9.285212,1
113.100000,6,12.396528,7.875928,17.248183,25.727583,12.396528,7.875928,1
113.100000,7,10.666871,6.146272,17.248183,25.727583,10.666871,6.146272,1
113.600000,5,7.474123,2.953523,19.575955,28.055355,7.474123,2.953523,1
113.600000,6,10.001315,5.480715,19.575955,28.055355,10.001315,5.480715,1
113.600000,7,11.222660,6.702060,19.575955,28.055355,11.222660,6.702060,1
114.100000,5,11.776543,7.255943,18.277028,26.756428,11.776543,7.255943,1
114.100000,6,14.891875,10.371275,18.277028,26.756428,14.891875,10.371275,1
114.100000,7,7.525972,3.005372,18.277028,26.756428,7.525972,3.005372,1
114.600000,5,12.769219,8.248619,18.992752,27.472152,12.769219,8.248619,1
114.600000,6,11.412114,6.891514,18.992752,27.472152,11.412114,6.891514,1
114.600000,7,12.170578,7.649978,18.992752,27.472152,12.170578,7.649978,1
115.100000,5,13.166450,8.645850,16.648019,25.127419,13.166450,8.645850,1
115.100000,6,12.399308,7.878708,16.648019,25.127419,12.399308,7.878708,1
115.100000,7,12.740427,8.219827,16.648019,25.127419,12.740427,8.219827,1
115.600000,5,11.849092,7.328492,17.162540,25.641940,11.849092,7.328492,1
115.600000,6,11.143211,6.622611,17.162540,25.641940,11.143211,6.622611,1
115.600000,7,12.919864,8.399264,17.162540,25.641940,12.919864,8.399264,1
116.100000,5,11.147877,6.627277,21.453234,29.932634,11.147877,6.627277,1
116.100000,6,13.147756,8.627156,21.453234,29.932634,13.147756,8.627156,1
116.100000,7,11.103193,6.582593,21.453234,29.932634,11.103193,6.582593,1
116.600000,5,9.174552,4.653952,20.247189,28.726589,9.174552,4.653952,1
116.600000,6,14.780074,10.259474,20.247189,28.726589,14.780074,10.259474,1
116.600000,7,13.832039,9.311440,20.247189,28.726589,13.832039,9.311440,1
117.100000,5,13.898305,9.377705,20.789825,29.269225,13.898305,9.377705,1
117.100000,6,10.578038,6.057438,20.789825,29.269225,10.578038,6.057438,1
117.100000,7,12.364086,7.843486,20.789825,29.269225,12.364086,7.843486,1
117.600000,5,9.718335,5.197735,17.663057,26.142457,9.718335,5.197735,1
117.600000,6,10.167163,5.646563,17.663057,26.142457,10.167163,5.646563,1
117.600000,7,13.549378,9.028778,17.663057,26.142457,13.549378,9.028778,1
118.100000,5,11.879779,7.359179,17.283897,25.763297,11.879779,7.359179,1
118.100000,6,13.746789,9.226189,17.283897,25.763297,13.746789,9.226189,1
118.100000,7,10.695027,6.174427,17.283897,25.763297,10.695027,6.174427,1
118.600000,5,13.300509,8.779909,15.671333,24.150733,13.300509,8.779909,1
118.600000,6,13.765535,9.244935,15.671333,24.150733,13.765535,9.244935,1
118.600000,7,13.971207,9.450607,15.671333,24.150733,13.971207,9.450607,1
119.100000,5,14.501859,9.981259,17.929477,26.408877,14.501859,9.981259,1
119.100000,6,14.979715,10.459115,17.929477,26.408877,14.979715,10.459115,1
119.100000,7,14.331383,9.810783,17.929477,26.408877,14.331383,9.810783,1
119.600000,5,15.107674,10.587074,18.167394,26.646794,15.107674,10.587074,1
119.600000,6,13.701146,9.180546,18.167394,26.646794,13.701146,9.180546,1
119.600000,7,12.571379,8.050779,18.167394,26.646794,12.571379,8.050779,1
