Time,CellId,ServiceDlSnrDb,ServiceUlSnrDb,FeederDlSnrDb,FeederUlSnrDb,BackhaulDlSnrDb,BackhaulUlSnrDb,BackhaulHealthy
0.100000,5,11.910556,7.389956,15.840263,24.319663,11.910556,7.389956,1
0.100000,6,10.248352,5.727752,15.840263,24.319663,10.248352,5.727752,1
0.100000,7,13.132002,8.611403,15.840263,24.319663,13.132002,8.611403,1
0.600000,5,12.160021,7.639421,20.623332,29.102732,12.160021,7.639421,1
0.600000,6,11.963772,7.443172,20.623332,29.102732,11.963772,7.443172,1
0.600000,7,13.145942,8.625342,20.623332,29.102732,13.145942,8.625342,1
1.100000,5,9.373826,4.853226,20.098829,28.578229,9.373826,4.853226,1
1.100000,6,12.626716,8.106116,20.098829,28.578229,12.626716,8.106116,1
1.100000,7,13.925129,9.404529,20.098829,28.578229,13.925129,9.404529,1
1.600000,5,15.168611,10.648011,18.842849,27.322249,15.168611,10.648011,1
1.600000,6,12.704993,8.184393,18.842849,27.322249,12.704993,8.184393,1
1.600000,7,13.300702,8.780102,18.842849,27.322249,13.300702,8.780102,1
2.100000,5,10.990252,6.469652,17.288932,25.768332,10.990252,6.469652,1
2.100000,6,14.080940,9.560340,17.288932,25.768332,14.080940,9.560340,1
2.100000,7,11.160719,6.640119,17.288932,25.768332,11.160719,6.640119,1
2.600000,5,5.305681,0.785081,20.670700,29.150100,5.305681,0.785081,1
2.600000,6,11.029580,6.508980,20.670700,29.150100,11.029580,6.508980,1
2.600000,7,14.247032,9.726432,20.670700,29.150100,14.247032,9.726432,1
3.100000,5,11.599678,7.079078,18.552924,27.032324,11.599678,7.079078,1
3.100000,6,11.566153,7.045553,18.552924,27.032324,11.566153,7.045553,1
3.100000,7,10.065162,5.544562,18.552924,27.032324,10.065162,5.544562,1
3.600000,5,11.013188,6.492588,19.281389,27.760790,11.013188,6.492588,1
3.600000,6,11.599803,7.079204,19.281389,27.760790,11.599803,7.079204,1
3.600000,7,13.552274,9.031674,19.281389,27.760790,13.552274,9.031674,1
4.100000,5,14.429948,9.909348,20.444978,28.924378,14.429948,9.909348,1
4.100000,6,12.462054,7.941454,20.444978,28.924378,12.462054,7.941454,1
4.100000,7,13.570138,9.049538,20.444978,28.924378,13.570138,9.049538,1
4.600000,5,10.534310,6.013710,19.417538,27.896938,10.534310,6.013710,1
4.600000,6,13.165095,8.644495,19.417538,27.896938,13.165095,8.644495,1
4.600000,7,14.528961,10.008361,19.417538,27.896938,14.528961,10.008361,1
5.100000,5,14.313741,9.793141,18.249348,26.728749,14.313741,9.793141,1
5.100000,6,9.718068,5.197468,18.249348,26.728749,9.718068,5.197468,1
5.100000,7,11.507115,6.986515,18.249348,26.728749,11.507115,6.986515,1
5.600000,5,12.605087,8.084488,18.112884,26.592284,12.605087,8.084488,1
5.600000,6,10.689149,6.168549,18.112884,26.592284,10.689149,6.168549,1
5.600000,7,12.265132,7.744532,18.112884,26.592284,12.265132,7.744532,1
6.100000,5,12.053378,7.532778,18.844457,27.323857,12.053378,7.532778,1
6.100000,6,11.225822,6.705222,18.844457,27.323857,11.225822,6.705222,1
6.100000,7,13.004054,8.483454,18.844457,27.323857,13.004054,8.483454,1
6.600000,5,13.262896,8.742296,18.301130,26.780530,13.262896,8.742296,1
6.600000,6,11.659793,7.139193,18.301130,26.780530,11.659793,7.139193,1
6.600000,7,10.411027,5.890427,18.301130,26.780530,10.411027,5.890427,1
7.100000,5,15.242036,10.721436,19.588840,28.068240,15.242036,10.721436,1
7.100000,6,13.620018,9.099418,19.588840,28.068240,13.620018,9.099418,1
7.100000,7,15.651876,11.131276,19.588840,28.068240,15.651876,11.131276,1
7.600000,5,14.625311,10.104711,18.677138,27.156538,14.625311,10.104711,1
7.600000,6,12.015442,7.494842,18.677138,27.156538,12.015442,7.494842,1
7.600000,7,11.957433,7.436833,18.677138,27.156538,11.957433,7.436833,1
8.100000,5,13.239087,8.718487,12.040564,20.519965,12.040564,8.718487,1
8.100000,6,15.097501,10.576901,12.040564,20.519965,12.040564,10.576901,1
8.100000,7,11.891244,7.370644,12.040564,20.519965,11.891244,7.370644,1
8.600000,5,13.942572,9.421972,15.095335,23.574735,13.942572,9.421972,1
8.600000,6,13.510280,8.989680,15.095335,23.574735,13.510280,8.989680,1
8.600000,7,11.210359,6.689759,15.095335,23.574735,11.210359,6.689759,1
9.100000,5,13.729786,9.209186,19.574207,28.053607,13.729786,9.209186,1
9.100000,6,14.487072,9.966472,19.574207,28.053607,14.487072,9.966472,1
9.100000,7,13.626711,9.106111,19.574207,28.053607,13.626711,9.106111,1
9.600000,5,10.181522,5.660922,21.346203,29.825603,10.181522,5.660922,1
9.600000,6,12.561538,8.040938,21.346203,29.825603,12.561538,8.040938,1
9.600000,7,11.563474,7.042875,21.346203,29.825603,11.563474,7.042875,1
10.100000,5,10.096156,5.575556,21.986471,30.465871,10.096156,5.575556,1
10.100000,6,11.730551,7.209951,21.986471,30.465871,11.730551,7.209951,1
10.100000,7,10.881544,6.360944,21.986471,30.465871,10.881544,6.360944,1
10.600000,5,14.691565,10.170965,20.151993,28.631393,14.691565,10.170965,1
10.600000,6,9.141355,4.620755,20.151993,28.631393,9.141355,4.620755,1
10.600000,7,11.834531,7.313931,20.151993,28.631393,11.834531,7.313931,1
11.100000,5,13.953444,9.432844,18.368029,26.847429,13.953444,9.432844,1
11.100000,6,11.984868,7.464268,18.368029,26.847429,11.984868,7.464268,1
11.100000,7,13.534160,9.013560,18.368029,26.847429,13.534160,9.013560,1
11.600000,5,12.730737,8.210137,17.611678,26.091078,12.730737,8.210137,1
11.600000,6,11.771290,7.250690,17.611678,26.091078,11.771290,7.250690,1
11.600000,7,10.650626,6.130026,17.611678,26.091078,10.650626,6.130026,1
12.100000,5,12.912499,8.391899,16.638868,25.118268,12.912499,8.391899,1
12.100000,6,11.827203,7.306603,16.638868,25.118268,11.827203,7.306603,1
12.100000,7,12.415194,7.894594,16.638868,25.118268,12.415194,7.894594,1
12.600000,5,11.770085,7.249485,17.574048,26.053448,11.770085,7.249485,1
12.600000,6,12.808148,8.287548,17.574048,26.053448,12.808148,8.287548,1
12.600000,7,12.981161,8.460561,17.574048,26.053448,12.981161,8.460561,1
13.100000,5,16.048474,11.527874,18.736649,27.216049,16.048474,11.527874,1
13.100000,6,12.479851,7.959251,18.736649,27.216049,12.479851,7.959251,1
13.100000,7,13.593474,9.072874,18.736649,27.216049,13.593474,9.072874,1
13.600000,5,12.051539,7.530939,20.095718,28.575118,12.051539,7.530939,1
13.600000,6,11.286745,6.766146,20.095718,28.575118,11.286745,6.766146,1
13.600000,7,13.864515,9.343915,20.095718,28.575118,13.864515,9.343915,1
14.100000,5,13.880340,9.359740,20.219540,28.698940,13.880340,9.359740,1
14.100000,6,14.258790,9.738190,20.219540,28.698940,14.258790,9.738190,1
14.100000,7,11.484977,6.964378,20.219540,28.698940,11.484977,6.964378,1
14.600000,5,12.604485,8.083885,18.162774,26.642174,12.604485,8.083885,1
14.600000,6,10.385115,5.864515,18.162774,26.642174,10.385115,5.864515,1
14.600000,7,12.314884,7.794284,18.162774,26.642174,12.314884,7.794284,1
15.100000,5,14.025302,9.504702,20.397217,28.876617,14.025302,9.504702,1
15.100000,6,12.059624,7.539025,20.397217,28.876617,12.059624,7.539025,1
15.100000,7,13.720177,9.199577,20.397217,28.876617,13.720177,9.199577,1
15.600000,5,13.748864,9.228264,17.709282,26.188682,13.748864,9.228264,1
15.600000,6,11.072815,6.552215,17.709282,26.188682,11.072815,6.552215,1
15.600000,7,13.896465,9.375866,17.709282,26.188682,13.896465,9.375866,1
16.100000,5,12.700072,8.179472,18.895825,27.375225,12.700072,8.179472,1
16.100000,6,10.058962,5.538362,18.895825,27.375225,10.058962,5.538362,1
16.100000,7,12.326167,7.805567,18.895825,27.375225,12.326167,7.805567,1
16.600000,5,11.551748,7.031148,21.722704,30.202104,11.551748,7.031148,1
16.600000,6,12.244464,7.723864,21.722704,30.202104,12.244464,7.723864,1
16.600000,7,11.685513,7.164913,21.722704,30.202104,11.685513,7.164913,1
17.100000,5,8.663056,4.142456,19.606719,28.086119,8.663056,4.142456,1
17.100000,6,15.079695,10.559095,19.606719,28.086119,15.079695,10.559095,1
17.100000,7,11.072034,6.551434,19.606719,28.086119,11.072034,6.551434,1
17.600000,5,12.985604,8.465004,17.839565,26.318965,12.985604,8.465004,1
17.600000,6,10.284482,5.763882,17.839565,26.318965,10.284482,5.763882,1
17.600000,7,10.221365,5.700766,17.839565,26.318965,10.221365,5.700766,1
18.100000,5,13.961566,9.440966,21.398337,29.877737,13.961566,9.440966,1
18.100000,6,12.725737,8.205137,21.398337,29.877737,12.725737,8.205137,1
18.100000,7,12.333869,7.813269,21.398337,29.877737,12.333869,7.813269,1
18.600000,5,11.682762,7.162162,20.760601,29.240001,11.682762,7.162162,1
18.600000,6,10.560578,6.039978,20.760601,29.240001,10.560578,6.039978,1
18.600000,7,13.796140,9.275540,20.760601,29.240001,13.796140,9.275540,1
19.100000,5,11.936673,7.416074,17.077495,25.556895,11.936673,7.416074,1
19.100000,6,13.006934,8.486334,17.077495,25.556895,13.006934,8.486334,1
19.100000,7,11.463539,6.942939,17.077495,25.556895,11.463539,6.942939,1
19.600000,5,11.895854,7.375255,21.894698,30.374098,11.895854,7.375255,1
19.600000,6,11.896492,7.375892,21.894698,30.374098,11.896492,7.375892,1
19.600000,7,13.199794,8.679194,21.894698,30.374098,13.199794,8.679194,1
20.100000,5,12.321302,7.800702,16.854414,25.333814,12.321302,7.800702,1
20.100000,6,15.734917,11.214317,16.854414,25.333814,15.734917,11.214317,1
20.100000,7,13.130630,8.610030,16.854414,25.333814,13.130630,8.610030,1
20.600000,5,12.132117,7.611517,17.688291,26.167691,12.132117,7.611517,1
20.600000,6,12.988847,8.468247,17.688291,26.167691,12.988847,8.468247,1
20.600000,7,15.425368,10.904768,17.688291,26.167691,15.425368,10.904768,1
21.100000,5,12.610199,8.089599,18.852530,27.331930,12.610199,8.089599,1
21.100000,6,14.806329,10.285729,18.852530,27.331930,14.806329,10.285729,1
21.100000,7,12.972086,8.451486,18.852530,27.331930,12.972086,8.451486,1
21.600000,5,12.948877,8.428277,16.806803,25.286204,12.948877,8.428277,1
21.600000,6,10.116306,5.595706,16.806803,25.286204,10.116306,5.595706,1
21.600000,7,14.352725,9.832126,16.806803,25.286204,14.352725,9.832126,1
22.100000,5,10.410406,5.889806,16.262033,24.741433,10.410406,5.889806,1
22.100000,6,8.865273,4.344673,16.262033,24.741433,8.865273,4.344673,1
22.100000,7,3.290918,-1.229682,16.262033,24.741433,3.290918,-1.229682,0
22.600000,5,12.848359,8.327759,15.819854,24.299254,12.848359,8.327759,1
22.600000,6,14.298542,9.777942,15.819854,24.299254,14.298542,9.777942,1
22.600000,7,13.000979,8.480379,15.819854,24.299254,13.000979,8.480379,1
23.100000,5,8.195419,3.674819,17.456444,25.935845,8.195419,3.674819,1
23.100000,6,14.586613,10.066013,17.456444,25.935845,14.586613,10.066013,1
23.100000,7,14.740065,10.219465,17.456444,25.935845,14.740065,10.219465,1
23.600000,5,11.400244,6.879644,20.657969,29.137369,11.400244,6.879644,1
23.600000,6,15.398809,10.878209,20.657969,29.137369,15.398809,10.878209,1
23.600000,7,13.198813,8.678213,20.657969,29.137369,13.198813,8.678213,1
24.100000,5,13.227419,8.706819,17.216618,25.696018,13.227419,8.706819,1
24.100000,6,11.966431,7.445832,17.216618,25.696018,11.966431,7.445832,1
24.100000,7,12.687423,8.166823,17.216618,25.696018,12.687423,8.166823,1
24.600000,5,9.403787,4.883187,13.951081,22.430481,9.403787,4.883187,1
24.600000,6,11.311971,6.791371,13.951081,22.430481,11.311971,6.791371,1
24.600000,7,12.248951,7.728351,13.951081,22.430481,12.248951,7.728351,1
25.100000,5,10.720123,6.199523,17.166589,25.645989,10.720123,6.199523,1
25.100000,6,9.972467,5.451867,17.166589,25.645989,9.972467,5.451867,1
25.100000,7,13.422074,8.901474,17.166589,25.645989,13.422074,8.901474,1
25.600000,5,6.526512,2.005912,21.281450,29.760850,6.526512,2.005912,1
25.600000,6,11.193324,6.672724,21.281450,29.760850,11.193324,6.672724,1
25.600000,7,11.773821,7.253222,21.281450,29.760850,11.773821,7.253222,1
26.100000,5,15.202617,10.682018,17.775828,26.255228,15.202617,10.682018,1
26.100000,6,10.721156,6.200556,17.775828,26.255228,10.721156,6.200556,1
26.100000,7,14.380362,9.859762,17.775828,26.255228,14.380362,9.859762,1
26.600000,5,13.826299,9.305699,20.004545,28.483945,13.826299,9.305699,1
26.600000,6,12.602894,8.082294,20.004545,28.483945,12.602894,8.082294,1
26.600000,7,14.051661,9.531061,20.004545,28.483945,14.051661,9.531061,1
27.100000,5,9.947211,5.426611,17.485995,25.965395,9.947211,5.426611,1
27.100000,6,11.396231,6.875631,17.485995,25.965395,11.396231,6.875631,1
27.100000,7,12.596215,8.075615,17.485995,25.965395,12.596215,8.075615,1
27.600000,5,10.362317,5.841717,18.092544,26.571944,10.362317,5.841717,1
27.600000,6,4.824010,0.303410,18.092544,26.571944,4.824010,0.303410,1
27.600000,7,12.521070,8.000470,18.092544,26.571944,12.521070,8.000470,1
28.100000,5,3.654337,-0.866263,18.727004,27.206404,3.654337,-0.866263,0
28.100000,6,10.853083,6.332483,18.727004,27.206404,10.853083,6.332483,1
28.100000,7,12.763986,8.243386,18.727004,27.206404,12.763986,8.243386,1
28.600000,5,13.660718,9.140118,17.102874,25.582274,13.660718,9.140118,1
28.600000,6,12.587365,8.066765,17.102874,25.582274,12.587365,8.066765,1
28.600000,7,10.981337,6.460737,17.102874,25.582274,10.981337,6.460737,1
29.100000,5,10.785156,6.264556,15.554048,24.033448,10.785156,6.264556,1
29.100000,6,13.556456,9.035856,15.554048,24.033448,13.556456,9.035856,1
29.100000,7,8.463658,3.943058,15.554048,24.033448,8.463658,3.943058,1
29.600000,5,13.205948,8.685348,18.666678,27.146078,13.205948,8.685348,1
29.600000,6,12.519314,7.998714,18.666678,27.146078,12.519314,7.998714,1
29.600000,7,13.902394,9.381794,18.666678,27.146078,13.902394,9.381794,1
30.100000,5,13.188235,8.667635,19.164168,27.643569,13.188235,8.667635,1
30.100000,6,5.195295,0.674695,19.164168,27.643569,5.195295,0.674695,1
30.100000,7,14.858493,10.337893,19.164168,27.643569,14.858493,10.337893,1
30.600000,5,12.167255,7.646655,19.387028,27.866428,12.167255,7.646655,1
30.600000,6,10.726513,6.205913,19.387028,27.866428,10.726513,6.205913,1
30.600000,7,11.801060,7.280460,19.387028,27.866428,11.801060,7.280460,1
31.100000,5,11.610952,7.090352,18.716953,27.196353,11.610952,7.090352,1
31.100000,6,14.069371,9.548771,18.716953,27.196353,14.069371,9.548771,1
31.100000,7,11.240709,6.720109,18.716953,27.196353,11.240709,6.720109,1
31.600000,5,9.747733,5.227133,14.579859,23.059259,9.747733,5.227133,1
31.600000,6,13.899970,9.379370,14.579859,23.059259,13.899970,9.379370,1
31.600000,7,11.941096,7.420496,14.579859,23.059259,11.941096,7.420496,1
32.100000,5,13.301140,8.780540,19.198848,27.678248,13.301140,8.780540,1
32.100000,6,11.623797,7.103197,19.198848,27.678248,11.623797,7.103197,1
32.100000,7,13.976191,9.455591,19.198848,27.678248,13.976191,9.455591,1
32.600000,5,13.860244,9.339644,18.129274,26.608674,13.860244,9.339644,1
32.600000,6,13.959873,9.439273,18.129274,26.608674,13.959873,9.439273,1
32.600000,7,11.996026,7.475427,18.129274,26.608674,11.996026,7.475427,1
33.100000,5,13.324858,8.804258,20.333857,28.813257,13.324858,8.804258,1
33.100000,6,13.801398,9.280798,20.333857,28.813257,13.801398,9.280798,1
33.100000,7,11.306822,6.786222,20.333857,28.813257,11.306822,6.786222,1
33.600000,5,13.960078,9.439478,19.438892,27.918292,13.960078,9.439478,1
33.600000,6,15.092341,10.571741,19.438892,27.918292,15.092341,10.571741,1
33.600000,7,12.976165,8.455565,19.438892,27.918292,12.976165,8.455565,1
34.100000,5,13.386873,8.866273,18.710085,27.189485,13.386873,8.866273,1
34.100000,6,12.958523,8.437923,18.710085,27.189485,12.958523,8.437923,1
34.100000,7,13.559814,9.039214,18.710085,27.189485,13.559814,9.039214,1
34.600000,5,11.731554,7.210954,17.237788,25.717188,11.731554,7.210954,1
34.600000,6,11.263241,6.742641,17.237788,25.717188,11.263241,6.742641,1
34.600000,7,8.806946,4.286346,17.237788,25.717188,8.806946,4.286346,1
35.100000,5,12.401739,7.881140,19.387799,27.867199,12.401739,7.881140,1
35.100000,6,16.200555,11.679955,19.387799,27.867199,16.200555,11.679955,1
35.100000,7,9.914039,5.393439,19.387799,27.867199,9.914039,5.393439,1
35.600000,5,15.733461,11.212862,14.765290,23.244690,14.765290,11.212862,1
35.600000,6,16.528011,12.007411,14.765290,23.244690,14.765290,12.007411,1
35.600000,7,8.944085,4.423485,14.765290,23.244690,8.944085,4.423485,1
36.100000,5,12.455836,7.935237,14.915542,23.394942,12.455836,7.935237,1
36.100000,6,14.423855,9.903255,14.915542,23.394942,14.423855,9.903255,1
36.100000,7,13.209782,8.689182,14.915542,23.394942,13.209782,8.689182,1
36.600000,5,11.108551,6.587951,18.376594,26.855995,11.108551,6.587951,1
36.600000,6,12.420983,7.900383,18.376594,26.855995,12.420983,7.900383,1
36.600000,7,11.697078,7.176478,18.376594,26.855995,11.697078,7.176478,1
37.100000,5,14.535746,10.015146,18.058568,26.537969,14.535746,10.015146,1
37.100000,6,8.786324,4.265724,18.058568,26.537969,8.786324,4.265724,1
37.100000,7,8.065828,3.545228,18.058568,26.537969,8.065828,3.545228,1
37.600000,5,9.472743,4.952143,18.873576,27.352976,9.472743,4.952143,1
37.600000,6,10.084339,5.563739,18.873576,27.352976,10.084339,5.563739,1
37.600000,7,15.447416,10.926816,18.873576,27.352976,15.447416,10.926816,1
38.100000,5,16.067741,11.547141,18.424835,26.904235,16.067741,11.547141,1
38.100000,6,13.155978,8.635378,18.424835,26.904235,13.155978,8.635378,1
38.100000,7,11.658722,7.138122,18.424835,26.904235,11.658722,7.138122,1
38.600000,5,11.307593,6.786993,17.941629,26.421029,11.307593,6.786993,1
38.600000,6,10.759645,6.239045,17.941629,26.421029,10.759645,6.239045,1
38.600000,7,8.773718,4.253118,17.941629,26.421029,8.773718,4.253118,1
39.100000,5,12.598486,8.077887,20.857115,29.336515,12.598486,8.077887,1
39.100000,6,10.260025,5.739425,20.857115,29.336515,10.260025,5.739425,1
39.100000,7,13.588772,9.068172,20.857115,29.336515,13.588772,9.068172,1
39.600000,5,12.552226,8.031626,17.377932,25.857332,12.552226,8.031626,1
39.600000,6,10.053299,5.532699,17.377932,25.857332,10.053299,5.532699,1
39.600000,7,12.837388,8.316788,17.377932,25.857332,12.837388,8.316788,1
40.100000,5,10.287796,5.767196,18.598344,27.077745,10.287796,5.767196,1
40.100000,6,14.576073,10.055473,18.598344,27.077745,14.576073,10.055473,1
40.100000,7,12.126374,7.605774,18.598344,27.077745,12.126374,7.605774,1
40.600000,5,13.334969,8.814369,16.309229,24.788629,13.334969,8.814369,1
40.600000,6,14.798510,10.277910,16.309229,24.788629,14.798510,10.277910,1
40.600000,7,13.971486,9.450886,16.309229,24.788629,13.971486,9.450886,1
41.100000,5,12.140604,7.620004,18.824325,27.303725,12.140604,7.620004,1
41.100000,6,12.526289,8.005689,18.824325,27.303725,12.526289,8.005689,1
41.100000,7,10.764332,6.243732,18.824325,27.303725,10.764332,6.243732,1
41.600000,5,8.915867,4.395267,16.433954,24.913354,8.915867,4.395267,1
41.600000,6,12.615279,8.094679,16.433954,24.913354,12.615279,8.094679,1
41.600000,7,12.516474,7.995874,16.433954,24.913354,12.516474,7.995874,1
42.100000,5,13.579989,9.059389,21.552443,30.031843,13.579989,9.059389,1
42.100000,6,13.678222,9.157622,21.552443,30.031843,13.678222,9.157622,1
42.100000,7,14.013785,9.493185,21.552443,30.031843,14.013785,9.493185,1
42.600000,5,10.294496,5.773896,18.471869,26.951269,10.294496,5.773896,1
42.600000,6,11.529974,7.009374,18.471869,26.951269,11.529974,7.009374,1
42.600000,7,10.758859,6.238260,18.471869,26.951269,10.758859,6.238260,1
43.100000,5,13.082711,8.562111,18.356721,26.836121,13.082711,8.562111,1
43.100000,6,8.005198,3.484598,18.356721,26.836121,8.005198,3.484598,1
43.100000,7,13.216361,8.695761,18.356721,26.836121,13.216361,8.695761,1
43.600000,5,10.799753,6.279153,19.226276,27.705677,10.799753,6.279153,1
43.600000,6,16.316033,11.795434,19.226276,27.705677,16.316033,11.795434,1
43.600000,7,6.945665,2.425065,19.226276,27.705677,6.945665,2.425065,1
44.100000,5,11.579262,7.058662,18.288130,26.767530,11.579262,7.058662,1
44.100000,6,15.661848,11.141248,18.288130,26.767530,15.661848,11.141248,1
44.100000,7,12.245332,7.724733,18.288130,26.767530,12.245332,7.724733,1
44.600000,5,12.952020,8.431420,16.664325,25.143725,12.952020,8.431420,1
44.600000,6,13.328525,8.807925,16.664325,25.143725,13.328525,8.807925,1
44.600000,7,12.625125,8.104525,16.664325,25.143725,12.625125,8.104525,1
45.100000,5,12.519247,7.998647,17.284401,25.763801,12.519247,7.998647,1
45.100000,6,10.082532,5.561932,17.284401,25.763801,10.082532,5.561932,1
45.100000,7,11.359331,6.838731,17.284401,25.763801,11.359331,6.838731,1
45.600000,5,10.896642,6.376042,17.212055,25.691455,10.896642,6.376042,1
45.600000,6,13.964568,9.443968,17.212055,25.691455,13.964568,9.443968,1
45.600000,7,11.937054,7.416454,17.212055,25.691455,11.937054,7.416454,1
46.100000,5,12.458976,7.938376,21.091132,29.570532,12.458976,7.938376,1
46.100000,6,15.343469,10.822870,21.091132,29.570532,15.343469,10.822870,1
46.100000,7,9.351168,4.830568,21.091132,29.570532,9.351168,4.830568,1
46.600000,5,13.875889,9.355289,19.944609,28.424009,13.875889,9.355289,1
46.600000,6,10.620179,6.099579,19.944609,28.424009,10.620179,6.099579,1
46.600000,7,11.536054,7.015455,19.944609,28.424009,11.536054,7.015455,1
47.100000,5,11.760078,7.239478,17.323430,25.802830,11.760078,7.239478,1
47.100000,6,13.067360,8.546760,17.323430,25.802830,13.067360,8.546760,1
47.100000,7,11.047377,6.526777,17.323430,25.802830,11.047377,6.526777,1
47.600000,5,11.600289,7.079689,17.050111,25.529512,11.600289,7.079689,1
47.600000,6,14.607906,10.087306,17.050111,25.529512,14.607906,10.087306,1
47.600000,7,10.165971,5.645371,17.050111,25.529512,10.165971,5.645371,1
48.100000,5,10.774006,6.253406,20.082617,28.562018,10.774006,6.253406,1
48.100000,6,12.420549,7.899949,20.082617,28.562018,12.420549,7.899949,1
48.100000,7,11.407118,6.886518,20.082617,28.562018,11.407118,6.886518,1
48.600000,5,9.414036,4.893436,17.906745,26.386145,9.414036,4.893436,1
48.600000,6,12.853644,8.333044,17.906745,26.386145,12.853644,8.333044,1
48.600000,7,10.728541,6.207941,17.906745,26.386145,10.728541,6.207941,1
49.100000,5,10.984304,6.463704,17.954852,26.434252,10.984304,6.463704,1
49.100000,6,8.530600,4.010000,17.954852,26.434252,8.530600,4.010000,1
49.100000,7,14.959087,10.438487,17.954852,26.434252,14.959087,10.438487,1
49.600000,5,15.068409,10.547809,14.976562,23.455962,14.976562,10.547809,1
49.600000,6,12.872241,8.351641,14.976562,23.455962,12.872241,8.351641,1
49.600000,7,11.365960,6.845360,14.976562,23.455962,11.365960,6.845360,1
50.100000,5,10.762373,6.241773,19.889837,28.369237,10.762373,6.241773,1
50.100000,6,11.135408,6.614808,19.889837,28.369237,11.135408,6.614808,1
50.100000,7,14.180947,9.660347,19.889837,28.369237,14.180947,9.660347,1
50.600000,5,9.316021,4.795421,19.167201,27.646602,9.316021,4.795421,1
50.600000,6,6.893867,2.373267,19.167201,27.646602,6.893867,2.373267,1
50.600000,7,10.974847,6.454247,19.167201,27.646602,10.974847,6.454247,1
51.100000,5,13.457993,8.937393,20.005916,28.485316,13.457993,8.937393,1
51.100000,6,15.452535,10.931935,20.005916,28.485316,15.452535,10.931935,1
51.100000,7,13.002857,8.482257,20.005916,28.485316,13.002857,8.482257,1
51.600000,5,9.984315,5.463716,18.940145,27.419545,9.984315,5.463716,1
51.600000,6,12.764201,8.243601,18.940145,27.419545,12.764201,8.243601,1
51.600000,7,8.634699,4.114099,18.940145,27.419545,8.634699,4.114099,1
52.100000,5,12.128041,7.607442,18.982321,27.461722,12.128041,7.607442,1
52.100000,6,13.321636,8.801036,18.982321,27.461722,13.321636,8.801036,1
52.100000,7,11.871450,7.350850,18.982321,27.461722,11.871450,7.350850,1
52.600000,5,12.146092,7.625492,18.518674,26.998074,12.146092,7.625492,1
52.600000,6,9.356698,4.836098,18.518674,26.998074,9.356698,4.836098,1
52.600000,7,10.458506,5.937907,18.518674,26.998074,10.458506,5.937907,1
53.100000,5,9.309403,4.788803,19.964286,28.443687,9.309403,4.788803,1
53.100000,6,8.008055,3.487455,19.964286,28.443687,8.008055,3.487455,1
53.100000,7,11.728814,7.208214,19.964286,28.443687,11.728814,7.208214,1
53.600000,5,11.715846,7.195246,20.612008,29.091408,11.715846,7.195246,1
53.600000,6,12.301783,7.781183,20.612008,29.091408,12.301783,7.781183,1
53.600000,7,12.322560,7.801960,20.612008,29.091408,12.322560,7.801960,1
54.100000,5,9.545820,5.025220,18.870589,27.349990,9.545820,5.025220,1
54.100000,6,9.923533,5.402933,18.870589,27.349990,9.923533,5.402933,1
54.100000,7,10.907265,6.386665,18.870589,27.349990,10.907265,6.386665,1
54.600000,5,13.417981,8.897381,17.674752,26.154152,13.417981,8.897381,1
54.600000,6,13.756040,9.235440,17.674752,26.154152,13.756040,9.235440,1
54.600000,7,12.302311,7.781712,17.674752,26.154152,12.302311,7.781712,1
55.100000,5,13.072948,8.552348,17.857938,26.337338,13.072948,8.552348,1
55.100000,6,13.946296,9.425696,17.857938,26.337338,13.946296,9.425696,1
55.100000,7,15.395273,10.874673,17.857938,26.337338,15.395273,10.874673,1
55.600000,5,11.559726,7.039126,16.780002,25.259402,11.559726,7.039126,1
55.600000,6,14.690771,10.170171,16.780002,25.259402,14.690771,10.170171,1
55.600000,7,13.125293,8.604693,16.780002,25.259402,13.125293,8.604693,1
56.100000,5,11.020427,6.499827,20.558148,29.037548,11.020427,6.499827,1
56.100000,6,12.190155,7.669556,20.558148,29.037548,12.190155,7.669556,1
56.100000,7,13.384150,8.863550,20.558148,29.037548,13.384150,8.863550,1
56.600000,5,11.970139,7.449539,19.256010,27.735410,11.970139,7.449539,1
56.600000,6,16.603304,12.082704,19.256010,27.735410,16.603304,12.082704,1
56.600000,7,12.201205,7.680605,19.256010,27.735410,12.201205,7.680605,1
57.100000,5,12.673231,8.152631,18.683851,27.163251,12.673231,8.152631,1
57.100000,6,11.880492,7.359892,18.683851,27.163251,11.880492,7.359892,1
57.100000,7,14.539789,10.019189,18.683851,27.163251,14.539789,10.019189,1
57.600000,5,14.653344,10.132744,18.249026,26.728427,14.653344,10.132744,1
57.600000,6,10.049633,5.529033,18.249026,26.728427,10.049633,5.529033,1
57.600000,7,14.130884,9.610284,18.249026,26.728427,14.130884,9.610284,1
58.100000,5,14.036501,9.515901,17.398225,25.877625,14.036501,9.515901,1
58.100000,6,9.605707,5.085107,17.398225,25.877625,9.605707,5.085107,1
58.100000,7,13.926161,9.405561,17.398225,25.877625,13.926161,9.405561,1
58.600000,5,10.911884,6.391284,20.432326,28.911726,10.911884,6.391284,1
58.600000,6,13.930059,9.409459,20.432326,28.911726,13.930059,9.409459,1
58.600000,7,10.968109,6.447509,20.432326,28.911726,10.968109,6.447509,1
59.100000,5,11.447030,6.926430,20.268464,28.747864,11.447030,6.926430,1
59.100000,6,12.960147,8.439547,20.268464,28.747864,12.960147,8.439547,1
59.100000,7,12.373950,7.853351,20.268464,28.747864,12.373950,7.853351,1
59.600000,5,8.563054,4.042454,17.355798,25.835198,8.563054,4.042454,1
59.600000,6,15.218864,10.698264,17.355798,25.835198,15.218864,10.698264,1
59.600000,7,8.709478,4.188879,17.355798,25.835198,8.709478,4.188879,1
60.100000,5,9.787437,5.266837,19.741675,28.221075,9.787437,5.266837,1
60.100000,6,14.828718,10.308118,19.741675,28.221075,14.828718,10.308118,1
60.100000,7,11.895210,7.374610,19.741675,28.221075,11.895210,7.374610,1
60.600000,5,14.035787,9.515187,18.710409,27.189809,14.035787,9.515187,1
60.600000,6,11.894387,7.373787,18.710409,27.189809,11.894387,7.373787,1
60.600000,7,11.113869,6.593269,18.710409,27.189809,11.113869,6.593269,1
61.100000,5,13.296038,8.775438,19.370501,27.849901,13.296038,8.775438,1
61.100000,6,14.316736,9.796136,19.370501,27.849901,14.316736,9.796136,1
61.100000,7,11.327381,6.806781,19.370501,27.849901,11.327381,6.806781,1
61.600000,5,12.910605,8.390005,18.265625,26.745025,12.910605,8.390005,1
61.600000,6,12.141673,7.621073,18.265625,26.745025,12.141673,7.621073,1
61.600000,7,12.210955,7.690355,18.265625,26.745025,12.210955,7.690355,1
62.100000,5,12.025980,7.505380,13.458960,21.938360,12.025980,7.505380,1
62.100000,6,13.899388,9.378788,13.458960,21.938360,13.458960,9.378788,1
62.100000,7,14.410749,9.890149,13.458960,21.938360,13.458960,9.890149,1
62.600000,5,13.212026,8.691426,19.524408,28.003809,13.212026,8.691426,1
62.600000,6,8.154528,3.633928,19.524408,28.003809,8.154528,3.633928,1
62.600000,7,13.386374,8.865774,19.524408,28.003809,13.386374,8.865774,1
63.100000,5,14.016544,9.495944,20.162595,28.641995,14.016544,9.495944,1
63.100000,6,12.409396,7.888796,20.162595,28.641995,12.409396,7.888796,1
63.100000,7,12.673019,8.152419,20.162595,28.641995,12.673019,8.152419,1
63.600000,5,12.455385,7.934785,20.531184,29.010584,12.455385,7.934785,1
63.600000,6,12.374889,7.854289,20.531184,29.010584,12.374889,7.854289,1
63.600000,7,12.536784,8.016184,20.531184,29.010584,12.536784,8.016184,1
64.100000,5,12.136265,7.615665,18.941286,27.420686,12.136265,7.615665,1
64.100000,6,9.248943,4.728343,18.941286,27.420686,9.248943,4.728343,1
64.100000,7,11.187329,6.666729,18.941286,27.420686,11.187329,6.666729,1
64.600000,5,10.265472,5.744872,20.659966,29.139366,10.265472,5.744872,1
64.600000,6,12.893766,8.373166,20.659966,29.139366,12.893766,8.373166,1
64.600000,7,15.025002,10.504402,20.659966,29.139366,15.025002,10.504402,1
65.100000,5,15.154029,10.633429,20.400713,28.880113,15.154029,10.633429,1
65.100000,6,12.234915,7.714315,20.400713,28.880113,12.234915,7.714315,1
65.100000,7,14.266141,9.745541,20.400713,28.880113,14.266141,9.745541,1
65.600000,5,13.073516,8.552916,19.920555,28.399955,13.073516,8.552916,1
65.600000,6,12.582342,8.061743,19.920555,28.399955,12.582342,8.061743,1
65.600000,7,10.211533,5.690933,19.920555,28.399955,10.211533,5.690933,1
66.100000,5,11.948973,7.428373,18.494500,26.973900,11.948973,7.428373,1
66.100000,6,13.528967,9.008367,18.494500,26.973900,13.528967,9.008367,1
66.100000,7,12.103573,7.582973,18.494500,26.973900,12.103573,7.582973,1
66.600000,5,11.651493,7.130893,16.932446,25.411846,11.651493,7.130893,1
66.600000,6,11.467682,6.947082,16.932446,25.411846,11.467682,6.947082,1
66.600000,7,14.626273,10.105674,16.932446,25.411846,14.626273,10.105674,1
67.100000,5,13.192044,8.671444,20.658072,29.137472,13.192044,8.671444,1
67.100000,6,8.893062,4.372462,20.658072,29.137472,8.893062,4.372462,1
67.100000,7,12.531680,8.011080,20.658072,29.137472,12.531680,8.011080,1
67.600000,5,9.663854,5.143254,20.256870,28.736270,9.663854,5.143254,1
67.600000,6,9.788519,5.267919,20.256870,28.736270,9.788519,5.267919,1
67.600000,7,13.448559,8.927959,20.256870,28.736270,13.448559,8.927959,1
68.100000,5,11.857546,7.336946,18.607187,27.086587,11.857546,7.336946,1
68.100000,6,12.377314,7.856714,18.607187,27.086587,12.377314,7.856714,1
68.100000,7,12.878199,8.357599,18.607187,27.086587,12.878199,8.357599,1
68.600000,5,13.410047,8.889447,17.014059,25.493459,13.410047,8.889447,1
68.600000,6,15.753636,11.233036,17.014059,25.493459,15.753636,11.233036,1
68.600000,7,13.397582,8.876982,17.014059,25.493459,13.397582,8.876982,1
69.100000,5,11.099004,6.578405,20.081298,28.560698,11.099004,6.578405,1
69.100000,6,11.030390,6.509790,20.081298,28.560698,11.030390,6.509790,1
69.100000,7,12.851193,8.330594,20.081298,28.560698,12.851193,8.330594,1
69.600000,5,13.343128,8.822528,16.465954,24.945354,13.343128,8.822528,1
69.600000,6,13.652004,9.131404,16.465954,24.945354,13.652004,9.131404,1
69.600000,7,13.918555,9.397955,16.465954,24.945354,13.918555,9.397955,1
70.100000,5,11.206469,6.685869,16.125677,24.605077,11.206469,6.685869,1
70.100000,6,11.615396,7.094796,16.125677,24.605077,11.615396,7.094796,1
70.100000,7,13.221981,8.701382,16.125677,24.605077,13.221981,8.701382,1
70.600000,5,13.326653,8.806053,18.679065,27.158465,13.326653,8.806053,1
70.600000,6,14.460715,9.940115,18.679065,27.158465,14.460715,9.940115,1
70.600000,7,12.238971,7.718371,18.679065,27.158465,12.238971,7.718371,1
71.100000,5,11.626026,7.105426,17.469863,25.949263,11.626026,7.105426,1
71.100000,6,10.005743,5.485144,17.469863,25.949263,10.005743,5.485144,1
71.100000,7,13.729138,9.208538,17.469863,25.949263,13.729138,9.208538,1
71.600000,5,11.543478,7.022878,17.729975,26.209375,11.543478,7.022878,1
71.600000,6,12.321435,7.800835,17.729975,26.209375,12.321435,7.800835,1
71.600000,7,8.343241,3.822641,17.729975,26.209375,8.343241,3.822641,1
72.100000,5,10.914690,6.394090,16.756043,25.235443,10.914690,6.394090,1
72.100000,6,10.975617,6.455017,16.756043,25.235443,10.975617,6.455017,1
72.100000,7,12.275280,7.754681,16.756043,25.235443,12.275280,7.754681,1
72.600000,5,14.362937,9.842337,18.507366,26.986767,14.362937,9.842337,1
72.600000,6,12.390703,7.870103,18.507366,26.986767,12.390703,7.870103,1
72.600000,7,12.541429,8.020829,18.507366,26.986767,12.541429,8.020829,1
73.100000,5,11.138669,6.618069,16.655778,25.135178,11.138669,6.618069,1
73.100000,6,12.589660,8.069060,16.655778,25.135178,12.589660,8.069060,1
73.100000,7,10.206792,5.686192,16.655778,25.135178,10.206792,5.686192,1
73.600000,5,9.093264,4.572664,20.730876,29.210276,9.093264,4.572664,1
73.600000,6,12.672226,8.151626,20.730876,29.210276,12.672226,8.151626,1
73.600000,7,13.036123,8.515523,20.730876,29.210276,13.036123,8.515523,1
74.100000,5,13.215485,8.694885,19.094547,27.573947,13.215485,8.694885,1
74.100000,6,13.282937,8.762337,19.094547,27.573947,13.282937,8.762337,1
74.100000,7,11.488196,6.967596,19.094547,27.573947,11.488196,6.967596,1
74.600000,5,16.479557,11.958957,17.144212,25.623612,16.479557,11.958957,1
74.600000,6,13.916280,9.395680,17.144212,25.623612,13.916280,9.395680,1
74.600000,7,14.198702,9.678102,17.144212,25.623612,14.198702,9.678102,1
75.100000,5,13.765145,9.244545,18.483991,26.963391,13.765145,9.244545,1
75.100000,6,14.007416,9.486816,18.483991,26.963391,14.007416,9.486816,1
75.100000,7,11.427019,6.906419,18.483991,26.963391,11.427019,6.906419,1
75.600000,5,15.472284,10.951685,18.043864,26.523264,15.472284,10.951685,1
75.600000,6,13.950155,9.429555,18.043864,26.523264,13.950155,9.429555,1
75.600000,7,11.179442,6.658842,18.043864,26.523264,11.179442,6.658842,1
76.100000,5,13.854537,9.333937,17.275958,25.755358,13.854537,9.333937,1
76.100000,6,12.496667,7.976067,17.275958,25.755358,12.496667,7.976067,1
76.100000,7,13.031538,8.510939,17.275958,25.755358,13.031538,8.510939,1
76.600000,5,12.456782,7.936182,18.747637,27.227037,12.456782,7.936182,1
76.600000,6,13.654263,9.133663,18.747637,27.227037,13.654263,9.133663,1
76.600000,7,12.427874,7.907274,18.747637,27.227037,12.427874,7.907274,1
77.100000,5,9.635689,5.115089,17.170294,25.649694,9.635689,5.115089,1
77.100000,6,13.514489,8.993889,17.170294,25.649694,13.514489,8.993889,1
77.100000,7,12.179349,7.658749,17.170294,25.649694,12.179349,7.658749,1
77.600000,5,11.642653,7.122053,15.495867,23.975267,11.642653,7.122053,1
77.600000,6,13.999826,9.479226,15.495867,23.975267,13.999826,9.479226,1
77.600000,7,15.651771,11.131171,15.495867,23.975267,15.495867,11.131171,1
78.100000,5,11.024325,6.503725,19.523983,28.003383,11.024325,6.503725,1
78.100000,6,9.876218,5.355619,19.523983,28.003383,9.876218,5.355619,1
78.100000,7,10.147498,5.626898,19.523983,28.003383,10.147498,5.626898,1
78.600000,5,14.541620,10.021020,19.154270,27.633670,14.541620,10.021020,1
78.600000,6,16.223979,11.703379,19.154270,27.633670,16.223979,11.703379,1
78.600000,7,12.228561,7.707961,19.154270,27.633670,12.228561,7.707961,1
79.100000,5,10.447740,5.927140,17.856369,26.335769,10.447740,5.927140,1
79.100000,6,13.555691,9.035091,17.856369,26.335769,13.555691,9.035091,1
79.100000,7,13.469105,8.948505,17.856369,26.335769,13.469105,8.948505,1
79.600000,5,14.011207,9.490607,17.193189,25.672589,14.011207,9.490607,1
79.600000,6,11.263122,6.742522,17.193189,25.672589,11.263122,6.742522,1
79.600000,7,12.926793,8.406193,17.193189,25.672589,12.926793,8.406193,1
80.100000,5,10.591572,6.070972,19.541694,28.021094,10.591572,6.070972,1
80.100000,6,12.273730,7.753130,19.541694,28.021094,12.273730,7.753130,1
80.100000,7,12.942699,8.422099,19.541694,28.021094,12.942699,8.422099,1
80.600000,5,11.144491,6.623891,19.519157,27.998557,11.144491,6.623891,1
80.600000,6,5.514232,0.993633,19.519157,27.998557,5.514232,0.993633,1
80.600000,7,13.084601,8.564001,19.519157,27.998557,13.084601,8.564001,1
81.100000,5,10.305224,5.784625,18.752085,27.231485,10.305224,5.784625,1
81.100000,6,11.191798,6.671198,18.752085,27.231485,11.191798,6.671198,1
81.100000,7,14.676476,10.155876,18.752085,27.231485,14.676476,10.155876,1
81.600000,5,10.147384,5.626784,19.385263,27.864663,10.147384,5.626784,1
81.600000,6,12.453405,7.932805,19.385263,27.864663,12.453405,7.932805,1
81.600000,7,11.268132,6.747532,19.385263,27.864663,11.268132,6.747532,1
82.100000,5,10.871324,6.350724,20.640016,29.119416,10.871324,6.350724,1
82.100000,6,11.098927,6.578327,20.640016,29.119416,11.098927,6.578327,1
82.100000,7,13.502246,8.981646,20.640016,29.119416,13.502246,8.981646,1
82.600000,5,7.649958,3.129358,20.073462,28.552862,7.649958,3.129358,1
82.600000,6,14.008515,9.487915,20.073462,28.552862,14.008515,9.487915,1
82.600000,7,14.536217,10.015617,20.073462,28.552862,14.536217,10.015617,1
83.100000,5,12.237523,7.716923,20.221001,28.700401,12.237523,7.716923,1
83.100000,6,9.791267,5.270667,20.221001,28.700401,9.791267,5.270667,1
83.100000,7,12.628312,8.107712,20.221001,28.700401,12.628312,8.107712,1
83.600000,5,9.048393,4.527793,20.010662,28.490062,9.048393,4.527793,1
83.600000,6,11.467096,6.946496,20.010662,28.490062,11.467096,6.946496,1
83.600000,7,9.749393,5.228793,20.010662,28.490062,9.749393,5.228793,1
84.100000,5,10.532082,6.011482,17.968051,26.447451,10.532082,6.011482,1
84.100000,6,12.293572,7.772972,17.968051,26.447451,12.293572,7.772972,1
84.100000,7,13.619162,9.098562,17.968051,26.447451,13.619162,9.098562,1
84.600000,5,11.099913,6.579313,19.589698,28.069098,11.099913,6.579313,1
84.600000,6,13.929329,9.408729,19.589698,28.069098,13.929329,9.408729,1
84.600000,7,9.821893,5.301293,19.589698,28.069098,9.821893,5.301293,1
85.100000,5,12.077651,7.557051,17.941328,26.420728,12.077651,7.557051,1
85.100000,6,12.162463,7.641863,17.941328,26.420728,12.162463,7.641863,1
85.100000,7,12.064170,7.543570,17.941328,26.420728,12.064170,7.543570,1
85.600000,5,7.042663,2.522063,21.047085,29.526485,7.042663,2.522063,1
85.600000,6,15.639925,11.119325,21.047085,29.526485,15.639925,11.119325,1
85.600000,7,10.357240,5.836640,21.047085,29.526485,10.357240,5.836640,1
86.100000,5,12.049454,7.528854,18.185822,26.665222,12.049454,7.528854,1
86.100000,6,11.841532,7.320932,18.185822,26.665222,11.841532,7.320932,1
86.100000,7,9.467307,4.946707,18.185822,26.665222,9.467307,4.946707,1
86.600000,5,15.690229,11.169629,19.606256,28.085656,15.690229,11.169629,1
86.600000,6,13.855927,9.335327,19.606256,28.085656,13.855927,9.335327,1
86.600000,7,9.259311,4.738711,19.606256,28.085656,9.259311,4.738711,1
87.100000,5,8.798371,4.277771,17.226096,25.705496,8.798371,4.277771,1
87.100000,6,12.772779,8.252179,17.226096,25.705496,12.772779,8.252179,1
87.100000,7,10.696763,6.176163,17.226096,25.705496,10.696763,6.176163,1
87.600000,5,8.431414,3.910814,16.511469,24.990869,8.431414,3.910814,1
87.600000,6,12.125157,7.604557,16.511469,24.990869,12.125157,7.604557,1
87.600000,7,13.134234,8.613634,16.511469,24.990869,13.134234,8.613634,1
88.100000,5,12.258748,7.738148,14.306637,22.786038,12.258748,7.738148,1
88.100000,6,13.500429,8.979829,14.306637,22.786038,13.500429,8.979829,1
88.100000,7,14.041779,9.521179,14.306637,22.786038,14.041779,9.521179,1
88.600000,5,9.841454,5.320854,17.937980,26.417380,9.841454,5.320854,1
88.600000,6,10.897239,6.376639,17.937980,26.417380,10.897239,6.376639,1
88.600000,7,13.638330,9.117730,17.937980,26.417380,13.638330,9.117730,1
89.100000,5,10.426075,5.905475,19.219628,27.699028,10.426075,5.905475,1
89.100000,6,12.594255,8.073655,19.219628,27.699028,12.594255,8.073655,1
89.100000,7,11.835369,7.314769,19.219628,27.699028,11.835369,7.314769,1
89.600000,5,10.353749,5.833149,19.147222,27.626622,10.353749,5.833149,1
89.600000,6,12.123194,7.602594,19.147222,27.626622,12.123194,7.602594,1
89.600000,7,12.099352,7.578752,19.147222,27.626622,12.099352,7.578752,1
90.100000,5,12.117262,7.596662,19.282199,27.761599,12.117262,7.596662,1
90.100000,6,13.582604,9.062004,19.282199,27.761599,13.582604,9.062004,1
90.100000,7,14.632032,10.111432,19.282199,27.761599,14.632032,10.111432,1
90.600000,5,12.001635,7.481035,19.806522,28.285922,12.001635,7.481035,1
90.600000,6,9.787293,5.266693,19.806522,28.285922,9.787293,5.266693,1
90.600000,7,11.332189,6.811589,19.806522,28.285922,11.332189,6.811589,1
91.100000,5,14.827082,10.306482,17.313540,25.792940,14.827082,10.306482,1
91.100000,6,14.046162,9.525563,17.313540,25.792940,14.046162,9.525563,1
91.100000,7,15.545879,11.025279,17.313540,25.792940,15.545879,11.025279,1
91.600000,5,12.690131,8.169531,18.477772,26.957172,12.690131,8.169531,1
91.600000,6,11.524894,7.004294,18.477772,26.957172,11.524894,7.004294,1
91.600000,7,14.994378,10.473779,18.477772,26.957172,14.994378,10.473779,1
92.100000,5,11.680660,7.160060,18.770509,27.249909,11.680660,7.160060,1
92.100000,6,10.660402,6.139802,18.770509,27.249909,10.660402,6.139802,1
92.100000,7,10.486733,5.966133,18.770509,27.249909,10.486733,5.966133,1
92.600000,5,9.843175,5.322576,20.203879,28.683279,9.843175,5.322576,1
92.600000,6,12.110434,7.589834,20.203879,28.683279,12.110434,7.589834,1
92.600000,7,11.574273,7.053673,20.203879,28.683279,11.574273,7.053673,1
93.100000,5,11.104837,6.584237,15.177202,23.656602,11.104837,6.584237,1
93.100000,6,13.563754,9.043154,15.177202,23.656602,13.563754,9.043154,1
93.100000,7,10.483363,5.962763,15.177202,23.656602,10.483363,5.962763,1
93.600000,5,8.428699,3.908099,18.499330,26.978730,8.428699,3.908099,1
93.600000,6,10.588084,6.067484,18.499330,26.978730,10.588084,6.067484,1
93.600000,7,10.666342,6.145742,18.499330,26.978730,10.666342,6.145742,1
94.100000,5,14.238640,9.718040,16.915784,25.395184,14.238640,9.718040,1
94.100000,6,12.006095,7.485495,16.915784,25.395184,12.006095,7.485495,1
94.100000,7,13.557333,9.036733,16.915784,25.395184,13.557333,9.036733,1
94.600000,5,11.620803,7.100203,19.188072,27.667472,11.620803,7.100203,1
94.600000,6,11.871193,7.350593,19.188072,27.667472,11.871193,7.350593,1
94.600000,7,11.848264,7.327664,19.188072,27.667472,11.848264,7.327664,1
95.100000,5,13.727513,9.206913,14.255150,22.734551,13.727513,9.206913,1
95.100000,6,12.186938,7.666339,14.255150,22.734551,12.186938,7.666339,1
95.100000,7,12.527632,8.007032,14.255150,22.734551,12.527632,8.007032,1
95.600000,5,14.706390,10.185790,19.064961,27.544362,14.706390,10.185790,1
95.600000,6,12.797196,8.276596,19.064961,27.544362,12.797196,8.276596,1
95.600000,7,8.525170,4.004570,19.064961,27.544362,8.525170,4.004570,1
96.100000,5,8.982545,4.461945,21.013534,29.492934,8.982545,4.461945,1
96.100000,6,14.906576,10.385976,21.013534,29.492934,14.906576,10.385976,1
96.100000,7,11.891167,7.370567,21.013534,29.492934,11.891167,7.370567,1
96.600000,5,12.395480,7.874880,19.274747,27.754147,12.395480,7.874880,1
96.600000,6,13.282134,8.761534,19.274747,27.754147,13.282134,8.761534,1
96.600000,7,11.425823,6.905223,19.274747,27.754147,11.425823,6.905223,1
97.100000,5,10.125794,5.605194,18.234261,26.713661,10.125794,5.605194,1
97.100000,6,12.059729,7.539129,18.234261,26.713661,12.059729,7.539129,1
97.100000,7,11.479370,6.958770,18.234261,26.713661,11.479370,6.958770,1
97.600000,5,12.200603,7.680003,17.943276,26.422676,12.200603,7.680003,1
97.600000,6,14.178447,9.657847,17.943276,26.422676,14.178447,9.657847,1
97.600000,7,11.589465,7.068865,17.943276,26.422676,11.589465,7.068865,1
98.100000,5,10.713996,6.193396,15.312966,23.792366,10.713996,6.193396,1
98.100000,6,13.968644,9.448045,15.312966,23.792366,13.968644,9.448045,1
98.100000,7,12.782755,8.262155,15.312966,23.792366,12.782755,8.262155,1
98.600000,5,12.881990,8.361390,17.485797,25.965197,12.881990,8.361390,1
98.600000,6,13.829899,9.309299,17.485797,25.965197,13.829899,9.309299,1
98.600000,7,13.294891,8.774291,17.485797,25.965197,13.294891,8.774291,1
99.100000,5,12.194260,7.673660,17.982049,26.461449,12.194260,7.673660,1
99.100000,6,10.169956,5.649356,17.982049,26.461449,10.169956,5.649356,1
99.100000,7,11.019109,6.498509,17.982049,26.461449,11.019109,6.498509,1
99.600000,5,9.246245,4.725645,18.188492,26.667892,9.246245,4.725645,1
99.600000,6,14.011003,9.490403,18.188492,26.667892,14.011003,9.490403,1
99.600000,7,12.482847,7.962247,18.188492,26.667892,12.482847,7.962247,1
100.100000,5,12.437606,7.917006,16.079640,24.559040,12.437606,7.917006,1
100.100000,6,14.178660,9.658060,16.079640,24.559040,14.178660,9.658060,1
100.100000,7,10.210077,5.689477,16.079640,24.559040,10.210077,5.689477,1
100.600000,5,10.849681,6.329081,17.034596,25.513996,10.849681,6.329081,1
100.600000,6,13.062238,8.541638,17.034596,25.513996,13.062238,8.541638,1
100.600000,7,11.361384,6.840784,17.034596,25.513996,11.361384,6.840784,1
101.100000,5,13.102923,8.582323,17.927653,26.407053,13.102923,8.582323,1
101.100000,6,9.651925,5.131325,17.927653,26.407053,9.651925,5.131325,1
101.100000,7,15.631805,11.111205,17.927653,26.407053,15.631805,11.111205,1
101.600000,5,12.308896,7.788296,21.745604,30.225004,12.308896,7.788296,1
101.600000,6,12.162666,7.642066,21.745604,30.225004,12.162666,7.642066,1
101.600000,7,8.428874,3.908274,21.745604,30.225004,8.428874,3.908274,1
102.100000,5,14.121098,9.600498,19.414707,27.894107,14.121098,9.600498,1
102.100000,6,9.071674,4.551074,19.414707,27.894107,9.071674,4.551074,1
102.100000,7,12.445739,7.925139,19.414707,27.894107,12.445739,7.925139,1
102.600000,5,13.035523,8.514923,19.854926,28.334326,13.035523,8.514923,1
102.600000,6,14.195918,9.675318,19.854926,28.334326,14.195918,9.675318,1
102.600000,7,11.130108,6.609508,19.854926,28.334326,11.130108,6.609508,1
103.100000,5,12.332523,7.811924,18.684179,27.163579,12.332523,7.811924,1
103.100000,6,14.948057,10.427457,18.684179,27.163579,14.948057,10.427457,1
103.100000,7,11.566955,7.046356,18.684179,27.163579,11.566955,7.046356,1
103.600000,5,12.794390,8.273790,19.076885,27.556285,12.794390,8.273790,1
103.600000,6,13.959930,9.439330,19.076885,27.556285,13.959930,9.439330,1
103.600000,7,13.187527,8.666927,19.076885,27.556285,13.187527,8.666927,1
104.100000,5,10.929501,6.408901,19.972768,28.452168,10.929501,6.408901,1
104.100000,6,11.490359,6.969759,19.972768,28.452168,11.490359,6.969759,1
104.100000,7,12.819364,8.298764,19.972768,28.452168,12.819364,8.298764,1
104.600000,5,12.198516,7.677916,20.587543,29.066943,12.198516,7.677916,1
104.600000,6,14.387592,9.866992,20.587543,29.066943,14.387592,9.866992,1
104.600000,7,14.320772,9.800172,20.587543,29.066943,14.320772,9.800172,1
105.100000,5,15.024221,10.503621,19.268813,27.748213,15.024221,10.503621,1
105.100000,6,10.878153,6.357553,19.268813,27.748213,10.878153,6.357553,1
105.100000,7,12.243504,7.722904,19.268813,27.748213,12.243504,7.722904,1
105.600000,5,14.523621,10.003021,18.198053,26.677453,14.523621,10.003021,1
105.600000,6,13.119025,8.598425,18.198053,26.677453,13.119025,8.598425,1
105.600000,7,9.354207,4.833607,18.198053,26.677453,9.354207,4.833607,1
106.100000,5,9.707400,5.186800,19.752497,28.231898,9.707400,5.186800,1
106.100000,6,14.979474,10.458874,19.752497,28.231898,14.979474,10.458874,1
106.100000,7,11.831685,7.311085,19.752497,28.231898,11.831685,7.311085,1
106.600000,5,14.750465,10.229865,17.664828,26.144228,14.750465,10.229865,1
106.600000,6,13.187514,8.666914,17.664828,26.144228,13.187514,8.666914,1
106.600000,7,14.175420,9.654820,17.664828,26.144228,14.175420,9.654820,1
107.100000,5,12.390734,7.870134,20.282850,28.762251,12.390734,7.870134,1
107.100000,6,13.265484,8.744885,20.282850,28.762251,13.265484,8.744885,1
107.100000,7,12.095446,7.574846,20.282850,28.762251,12.095446,7.574846,1
107.600000,5,11.541073,7.020473,18.961294,27.440694,11.541073,7.020473,1
107.600000,6,10.114877,5.594277,18.961294,27.440694,10.114877,5.594277,1
107.600000,7,10.172434,5.651834,18.961294,27.440694,10.172434,5.651834,1
108.100000,5,12.120711,7.600111,18.716562,27.195962,12.120711,7.600111,1
108.100000,6,6.859849,2.339249,18.716562,27.195962,6.859849,2.339249,1
108.100000,7,14.296307,9.775707,18.716562,27.195962,14.296307,9.775707,1
108.600000,5,13.429495,8.908896,18.575057,27.054457,13.429495,8.908896,1
108.600000,6,12.254213,7.733614,18.575057,27.054457,12.254213,7.733614,1
108.600000,7,8.967394,4.446794,18.575057,27.054457,8.967394,4.446794,1
109.100000,5,14.198900,9.678300,19.111539,27.590939,14.198900,9.678300,1
109.100000,6,12.278128,7.757528,19.111539,27.590939,12.278128,7.757528,1
109.100000,7,10.423528,5.902928,19.111539,27.590939,10.423528,5.902928,1
109.600000,5,9.912017,5.391417,16.658570,25.137970,9.912017,5.391417,1
109.600000,6,12.578685,8.058085,16.658570,25.137970,12.578685,8.058085,1
109.600000,7,11.911451,7.390851,16.658570,25.137970,11.911451,7.390851,1
110.100000,5,12.705775,8.185175,18.044809,26.524210,12.705775,8.185175,1
110.100000,6,13.385995,8.865396,18.044809,26.524210,13.385995,8.865396,1
110.100000,7,14.523465,10.002865,18.044809,26.524210,14.523465,10.002865,1
110.600000,5,10.832094,6.311494,16.502141,24.981541,10.832094,6.311494,1
110.600000,6,13.253792,8.733193,16.502141,24.981541,13.253792,8.733193,1
110.600000,7,13.602095,9.081495,16.502141,24.981541,13.602095,9.081495,1
111.100000,5,12.981514,8.460914,17.036443,25.515843,12.981514,8.460914,1
111.100000,6,13.844090,9.323490,17.036443,25.515843,13.844090,9.323490,1
111.100000,7,12.529286,8.008686,17.036443,25.515843,12.529286,8.008686,1
111.600000,5,10.946833,6.426233,18.722542,27.201942,10.946833,6.426233,1
111.600000,6,13.245708,8.725108,18.722542,27.201942,13.245708,8.725108,1
111.600000,7,11.438503,6.917903,18.722542,27.201942,11.438503,6.917903,1
112.100000,5,10.862068,6.341468,17.742977,26.222377,10.862068,6.341468,1
112.100000,6,11.232496,6.711896,17.742977,26.222377,11.232496,6.711896,1
112.100000,7,13.190776,8.670176,17.742977,26.222377,13.190776,8.670176,1
112.600000,5,14.300141,9.779541,18.237557,26.716957,14.300141,9.779541,1
112.600000,6,8.471675,3.951075,18.237557,26.716957,8.471675,3.951075,1
112.600000,7,11.606538,7.085938,18.237557,26.716957,11.606538,7.085938,1
113.100000,5,14.346580,9.825980,19.652034,28.131434,14.346580,9.825980,1
113.100000,6,13.284705,8.764105,19.652034,28.131434,13.284705,8.764105,1
113.100000,7,12.085959,7.565359,19.652034,28.131434,12.085959,7.565359,1
113.600000,5,12.107436,7.586836,17.575869,26.055269,12.107436,7.586836,1
113.600000,6,13.959552,9.438952,17.575869,26.055269,13.959552,9.438952,1
113.600000,7,14.644766,10.124167,17.575869,26.055269,14.644766,10.124167,1
114.100000,5,10.774975,6.254376,19.428113,27.907513,10.774975,6.254376,1
114.100000,6,12.784492,8.263892,19.428113,27.907513,12.784492,8.263892,1
114.100000,7,14.046907,9.526307,19.428113,27.907513,14.046907,9.526307,1
114.600000,5,13.486069,8.965469,18.852266,27.331666,13.486069,8.965469,1
114.600000,6,11.688333,7.167733,18.852266,27.331666,11.688333,7.167733,1
114.600000,7,11.762448,7.241848,18.852266,27.331666,11.762448,7.241848,1
115.100000,5,9.779398,5.258798,22.496210,30.975610,9.779398,5.258798,1
115.100000,6,13.524021,9.003421,22.496210,30.975610,13.524021,9.003421,1
115.100000,7,13.390265,8.869665,22.496210,30.975610,13.390265,8.869665,1
115.600000,5,10.883793,6.363193,21.425620,29.905020,10.883793,6.363193,1
115.600000,6,10.887915,6.367315,21.425620,29.905020,10.887915,6.367315,1
115.600000,7,12.820598,8.299998,21.425620,29.905020,12.820598,8.299998,1
116.100000,5,10.465292,5.944692,16.105293,24.584693,10.465292,5.944692,1
116.100000,6,11.344689,6.824089,16.105293,24.584693,11.344689,6.824089,1
116.100000,7,12.653942,8.133342,16.105293,24.584693,12.653942,8.133342,1
116.600000,5,12.691858,8.171258,18.753714,27.233114,12.691858,8.171258,1
116.600000,6,12.625476,8.104876,18.753714,27.233114,12.625476,8.104876,1
116.600000,7,9.840897,5.320298,18.753714,27.233114,9.840897,5.320298,1
117.100000,5,12.329084,7.808484,20.627214,29.106614,12.329084,7.808484,1
117.100000,6,12.836064,8.315464,20.627214,29.106614,12.836064,8.315464,1
117.100000,7,8.470481,3.949881,20.627214,29.106614,8.470481,3.949881,1
117.600000,5,14.215259,9.694659,14.208972,22.688372,14.208972,9.694659,1
117.600000,6,14.317807,9.797207,14.208972,22.688372,14.208972,9.797207,1
117.600000,7,12.354841,7.834241,14.208972,22.688372,12.354841,7.834241,1
118.100000,5,13.359747,8.839147,16.023640,24.503040,13.359747,8.839147,1
118.100000,6,10.589057,6.068457,16.023640,24.503040,10.589057,6.068457,1
118.100000,7,12.913998,8.393398,16.023640,24.503040,12.913998,8.393398,1
118.600000,5,14.067232,9.546632,20.739071,29.218471,14.067232,9.546632,1
118.600000,6,15.005594,10.484994,20.739071,29.218471,15.005594,10.484994,1
118.600000,7,14.251535,9.730935,20.739071,29.218471,14.251535,9.730935,1
119.100000,5,14.485566,9.964966,17.439059,25.918460,14.485566,9.964966,1
119.100000,6,11.338443,6.817843,17.439059,25.918460,11.338443,6.817843,1
119.100000,7,10.120957,5.600357,17.439059,25.918460,10.120957,5.600357,1
119.600000,5,14.079792,9.559192,17.814100,26.293500,14.079792,9.559192,1
119.600000,6,12.574389,8.053789,17.814100,26.293500,12.574389,8.053789,1
119.600000,7,14.423361,9.902761,17.814100,26.293500,14.423361,9.902761,1
